Creation Time:	2023-01-18 21:46:41

INPUT:
File name:	crfe_v019_b2.py
Annotations file:	/Users/JasonJia/Desktop/CRFE/Xinglin_insilico/data/human4/human_anno.txt
Gene file:	/Users/JasonJia/Desktop/CRFE/Xinglin_insilico/data/random/random6.txt
lower limit annotations/process:	20
upper limit annotations/process:	200
k (number of perturbed categories):	0 (i.e., each perturbed gene in its own category)
threshold:	0.3
threshold type:	proportion
belief:	2.0
Method:	MCMC with parameter learning with an empty set as initial set
repeats:	10
burnin steps:	25000
MCMC steps:	25000
Maximal value for alpha and beta:	0.375
Maximal possible value for alpha and beta:	0.375
Probability parameter change:	0.2
seed for RNG:	1186442586

Initial set of processes:
Empty set

INPUT ANALYSIS:
Total number of processes:	2291
Total number of genes:	11704
Number of perturbed genes:	3511
Proportion perturbed genes:	0.2999829118250171

OUTPUT:
Learnt parameters:
alpha (FPR):	0.3
beta (FNR):	0.375
q (penalization parameter):	0.001 (fixed)


Best log-likelihood value (mean +- standard deviation across replicates):	-7219.02670326015 +- 8.134767913360664e-13

Order	#(Annotations)	#(Annotations of perturbed genes)	Mean Posterior Probability	Standard Deviation Posterior Probability	p-value	Average Expression Level	Average position perturbed genes	Term Name
1	28	16	0.17759	0.1206	2.708e+02	0.631	0.376	GO:0070670
2	25	14	0.08358	0.0834	2.209e+02	0.64	0.343	GO:0071353
3	34	17	0.05158	0.04819	4.426e+02	0.635	0.327	GO:0000271
4	23	13	0.04673	0.03642	1.859e+02	0.627	0.423	GO:0032892
5	26	14	0.04548	0.03731	2.468e+02	0.674	0.385	GO:2000243
6	33	16	0.03006	0.02792	4.266e+02	0.629	0.315	GO:0033692
7	23	13	0.0271	0.02158	1.859e+02	0.588	0.467	GO:0007032
8	46	23	0.02442	0.03948	8.049e+02	0.575	0.446	GO:0007588
9	26	13	0.02266	0.03133	2.608e+02	0.608	0.303	GO:0002286
10	27	15	0.02192	0.02392	2.588e+02	0.621	0.504	GO:0021983
11	22	12	0.01976	0.03432	1.759e+02	0.612	0.452	GO:0090200
12	30	16	0.01708	0.01728	3.297e+02	0.624	0.476	GO:0060135
13	20	11	0.0167	0.02014	1.449e+02	0.679	0.361	GO:0006949
14	22	11	0.01558	0.01955	1.879e+02	0.653	0.287	GO:0010507
15	57	26	0.01452	0.02923	1.310e+03	0.566	0.383	GO:0045669
16	23	12	0.01244	0.02164	1.989e+02	0.638	0.371	GO:2000191
17	20	10	0.01161	0.013	1.559e+02	0.672	0.318	GO:0045851
18	62	28	0.01112	0.02627	1.557e+03	0.597	0.352	GO:0031330
19	20	10	0.01094	0.01778	1.559e+02	0.58	0.373	GO:0045648
20	24	13	0.00928	0.01445	2.099e+02	0.669	0.464	GO:1901989
21	21	11	0.00928	0.01093	1.659e+02	0.613	0.375	GO:0046329
22	24	13	0.00692	0.00815	2.099e+02	0.566	0.563	GO:0000045
23	24	11	0.00652	0.01047	2.368e+02	0.596	0.344	GO:0030857
24	23	12	0.00582	0.00854	1.989e+02	0.581	0.46	GO:0010677
25	23	12	0.0056	0.01116	1.989e+02	0.661	0.463	GO:1901992
26	40	18	0.0044	0.00706	6.552e+02	0.604	0.38	GO:0032890
27	21	10	0.00381	0.0074	1.779e+02	0.591	0.353	GO:0006482
28	23	10	0.00381	0.00572	2.258e+02	0.575	0.294	GO:0043278
29	26	11	0.00332	0.00528	2.917e+02	0.597	0.242	GO:0032350
30	22	11	0.0033	0.00376	1.879e+02	0.664	0.419	GO:0034105
31	22	11	0.00324	0.00778	1.879e+02	0.575	0.462	GO:0045909
32	42	18	0.00319	0.00764	7.440e+02	0.604	0.366	GO:0006081
33	31	13	0.00313	0.00481	4.146e+02	0.625	0.287	GO:0030318
34	25	12	0.00296	0.0038	2.488e+02	0.644	0.425	GO:0070534
35	31	16	0.0027	0.00487	3.607e+02	0.614	0.528	GO:0070192
36	24	11	0.00234	0.00405	2.368e+02	0.592	0.273	GO:0014072
37	22	12	0.00234	0.00502	1.759e+02	0.571	0.604	GO:0010880
38	31	14	0.0022	0.0034	3.956e+02	0.613	0.397	GO:0045600
39	20	9	0.00211	0.00476	1.679e+02	0.583	0.368	GO:0051954
40	23	11	0.00191	0.00572	2.118e+02	0.552	0.511	GO:0036152
41	41	18	0.00177	0.00311	6.991e+02	0.591	0.413	GO:0046889
42	21	9	0.00175	0.00412	1.909e+02	0.627	0.408	GO:0072009
43	27	13	0.00171	0.00348	2.888e+02	0.562	0.464	GO:0045912
44	35	15	0.0017	0.0034	5.194e+02	0.562	0.358	GO:0043094
45	26	12	0.00162	0.00294	2.758e+02	0.589	0.354	GO:0032873
46	58	28	0.00159	0.00448	1.306e+03	0.618	0.495	GO:0010955
47	54	25	0.00157	0.00241	1.165e+03	0.587	0.427	GO:0002285
48	41	17	0.00139	0.0036	7.240e+02	0.578	0.336	GO:0046637
49	22	9	0.00136	0.00309	2.148e+02	0.538	0.415	GO:0042417
50	22	10	0.00128	0.00171	2.009e+02	0.624	0.416	GO:0006509
51	25	10	0.00123	0.0024	2.798e+02	0.537	0.318	GO:0001958
52	42	19	0.00123	0.00265	7.191e+02	0.573	0.443	GO:0030071
53	33	16	0.00122	0.00192	4.266e+02	0.565	0.499	GO:0046471
54	30	14	0.00122	0.00224	3.627e+02	0.559	0.446	GO:0048265
55	21	9	0.0012	0.00205	1.909e+02	0.613	0.482	GO:0046173
56	43	18	0.00117	0.00241	7.909e+02	0.594	0.326	GO:0070988
57	28	11	0.00115	0.00252	3.527e+02	0.565	0.258	GO:0043370
58	23	11	0.00112	0.00179	2.118e+02	0.604	0.414	GO:0032369
59	27	13	0.00108	0.00244	2.888e+02	0.641	0.514	GO:0030449
60	21	9	0.00104	0.00209	1.909e+02	0.566	0.46	GO:0050820
61	32	13	0.001	0.00164	4.495e+02	0.62	0.287	GO:0050931
62	24	11	0.00096	0.00242	2.368e+02	0.625	0.31	GO:0003179
63	20	10	0.00096	0.00193	1.559e+02	0.594	0.482	GO:0060349
64	28	13	0.00096	0.00151	3.177e+02	0.6	0.484	GO:2001238
65	37	17	0.00086	0.00257	5.544e+02	0.575	0.468	GO:1901264
66	28	13	0.00084	0.00178	3.177e+02	0.614	0.437	GO:0031069
67	23	10	0.00082	0.00142	2.258e+02	0.572	0.446	GO:0008299
68	30	13	0.00079	0.00127	3.806e+02	0.59	0.394	GO:0046638
69	31	12	0.00078	0.00234	4.345e+02	0.525	0.352	GO:0006206
70	42	20	0.00077	0.00232	6.951e+02	0.598	0.467	GO:0045861
71	31	15	0.00075	0.00224	3.776e+02	0.581	0.606	GO:0048663
72	26	11	0.00068	0.00141	2.917e+02	0.587	0.381	GO:0042133
73	22	9	0.00068	0.00152	2.148e+02	0.546	0.605	GO:2000401
74	25	10	0.00066	0.00135	2.798e+02	0.551	0.375	GO:0061217
75	50	23	0.00065	0.0013	1.004e+03	0.584	0.474	GO:0008630
76	22	8	0.00065	0.00196	2.298e+02	0.561	0.242	GO:0045622
77	22	9	0.00064	0.00128	2.148e+02	0.591	0.324	GO:0032862
78	31	13	0.00062	0.00187	4.146e+02	0.544	0.477	GO:0051445
79	23	11	0.00062	0.00153	2.118e+02	0.613	0.504	GO:0006270
80	24	10	0.00061	0.00182	2.518e+02	0.591	0.331	GO:0035162
81	51	21	0.00061	0.00182	1.119e+03	0.595	0.396	GO:0044070
82	30	15	0.00061	0.00124	3.457e+02	0.572	0.575	GO:0045104
83	37	16	0.0006	0.001	5.763e+02	0.549	0.35	GO:0071230
84	22	10	0.0006	0.00121	2.009e+02	0.57	0.473	GO:0061005
85	100	42	0.00059	0.00178	4.207e+03	0.551	0.405	GO:0045667
86	22	9	0.00058	0.00174	2.148e+02	0.562	0.291	GO:1901532
87	41	16	0.00053	0.00116	7.499e+02	0.588	0.306	GO:0060563
88	28	11	0.00052	0.00077	3.527e+02	0.576	0.337	GO:0046326
89	26	12	0.00052	0.00157	2.758e+02	0.641	0.475	GO:0048662
90	22	9	0.00049	0.00114	2.148e+02	0.58	0.443	GO:0000819
91	43	19	0.00048	0.00126	7.650e+02	0.598	0.443	GO:0048839
92	27	12	0.00048	0.00097	3.047e+02	0.563	0.474	GO:0055007
93	22	8	0.00045	0.00134	2.298e+02	0.605	0.335	GO:0006906
94	25	12	0.00043	0.00094	2.488e+02	0.565	0.627	GO:0060330
95	20	10	0.00039	0.00101	1.559e+02	0.625	0.548	GO:0016241
96	22	10	0.00038	0.00078	2.009e+02	0.615	0.378	GO:0048762
97	56	24	0.00037	0.00079	1.315e+03	0.602	0.402	GO:0045582
98	26	12	0.00036	0.00074	2.758e+02	0.592	0.532	GO:0021955
99	20	9	0.00036	0.00075	1.679e+02	0.579	0.49	GO:0021795
100	23	10	0.00035	0.00104	2.258e+02	0.575	0.522	GO:0034605
101	39	15	0.00034	0.00103	6.851e+02	0.544	0.438	GO:0002260
102	22	8	0.00034	0.00103	2.298e+02	0.544	0.49	GO:0018200
103	54	22	0.00034	0.00101	1.261e+03	0.576	0.33	GO:0001649
104	33	15	0.00033	0.001	4.455e+02	0.543	0.609	GO:0007131
105	24	9	0.00032	0.00096	2.678e+02	0.541	0.384	GO:0006111
106	25	12	0.00031	0.00067	2.488e+02	0.572	0.53	GO:0060998
107	60	25	0.0003	0.00062	1.533e+03	0.607	0.435	GO:1901616
108	41	15	0.0003	0.0009	7.769e+02	0.537	0.417	GO:0045839
109	20	9	0.0003	0.0007	1.679e+02	0.539	0.506	GO:0015721
110	32	15	0.00029	0.0006	4.106e+02	0.57	0.514	GO:0033628
111	66	28	0.00027	0.00082	1.832e+03	0.582	0.435	GO:0006304
112	29	12	0.00027	0.00066	3.666e+02	0.577	0.476	GO:0051402
113	26	12	0.00027	0.00066	2.758e+02	0.592	0.419	GO:0018022
114	30	12	0.00025	0.00074	3.996e+02	0.547	0.264	GO:0050433
115	31	11	0.00024	0.00049	4.555e+02	0.518	0.299	GO:0072529
116	29	11	0.00024	0.00072	3.856e+02	0.558	0.314	GO:0001975
117	22	10	0.00022	0.00056	2.009e+02	0.534	0.491	GO:0030325
118	20	8	0.00022	0.00066	1.809e+02	0.555	0.425	GO:0001782
119	30	10	0.00021	0.00064	4.405e+02	0.536	0.314	GO:0032856
120	22	9	0.0002	0.0005	2.148e+02	0.544	0.416	GO:0090189
121	34	14	0.00019	0.00033	5.024e+02	0.551	0.425	GO:0045841
122	53	24	0.00018	0.00055	1.139e+03	0.586	0.487	GO:0050807
123	24	11	0.00018	0.00043	2.368e+02	0.591	0.384	GO:0003279
124	32	13	0.00017	0.00032	4.495e+02	0.585	0.407	GO:0010828
125	24	9	0.00017	0.0005	2.678e+02	0.568	0.39	GO:0014031
126	20	9	0.00016	0.00038	1.679e+02	0.501	0.534	GO:0031102
127	23	9	0.00013	0.00027	2.408e+02	0.543	0.401	GO:0044062
128	20	7	0.00013	0.00038	1.948e+02	0.541	0.474	GO:0002262
129	37	15	0.00013	0.00038	5.992e+02	0.524	0.474	GO:0071479
130	22	9	0.00012	0.00026	2.148e+02	0.539	0.553	GO:0001909
131	44	20	0.00012	0.00037	7.859e+02	0.62	0.543	GO:0002920
132	21	8	0.00012	0.00029	2.048e+02	0.531	0.294	GO:0035710
133	30	11	0.00012	0.00037	4.195e+02	0.546	0.258	GO:2000514
134	30	11	0.00012	0.00035	4.195e+02	0.547	0.466	GO:0048864
135	60	25	0.00011	0.00034	1.533e+03	0.582	0.42	GO:0002673
136	27	11	0.00011	0.00032	3.217e+02	0.52	0.451	GO:0032855
137	28	12	0.00011	0.00018	3.347e+02	0.633	0.497	GO:0033077
138	30	10	0.0001	0.00031	4.405e+02	0.54	0.462	GO:0006370
139	24	11	0.0001	0.00029	2.368e+02	0.562	0.536	GO:0006658
140	21	7	0.0001	0.00023	2.198e+02	0.539	0.42	GO:0045823
141	30	14	0.0001	0.00029	3.627e+02	0.609	0.542	GO:0050766
142	21	7	9e-05	0.00026	2.198e+02	0.491	0.499	GO:0060412
143	20	9	8e-05	0.00025	1.679e+02	0.567	0.577	GO:0010714
144	27	10	8e-05	0.00025	3.397e+02	0.564	0.41	GO:0045923
145	36	16	8e-05	0.00025	5.364e+02	0.591	0.51	GO:0070997
146	23	8	8e-05	0.00024	2.568e+02	0.515	0.439	GO:0010574
147	33	11	8e-05	0.00023	5.313e+02	0.543	0.435	GO:0010770
148	20	6	8e-05	0.00023	2.098e+02	0.623	0.355	GO:0097035
149	27	12	7e-05	0.00022	3.047e+02	0.578	0.517	GO:0019674
150	26	10	7e-05	0.00022	3.087e+02	0.572	0.611	GO:0033209
151	20	7	7e-05	0.00022	1.948e+02	0.489	0.603	GO:0033574
152	47	16	7e-05	0.0002	1.055e+03	0.563	0.284	GO:0019229
153	22	8	7e-05	0.0002	2.298e+02	0.497	0.525	GO:0045686
154	39	13	6e-05	0.00019	7.379e+02	0.529	0.435	GO:0007041
155	30	12	6e-05	0.00018	3.996e+02	0.526	0.457	GO:0032508
156	34	14	6e-05	0.00018	5.024e+02	0.528	0.547	GO:0035019
157	23	9	6e-05	0.00017	2.408e+02	0.55	0.351	GO:0030316
158	27	9	5e-05	0.00016	3.586e+02	0.585	0.463	GO:0001960
159	23	7	5e-05	0.00014	2.737e+02	0.556	0.314	GO:0000060
160	23	8	5e-05	0.00014	2.568e+02	0.505	0.524	GO:0006536
161	39	19	5e-05	0.00013	5.913e+02	0.606	0.56	GO:0032104
162	24	12	5e-05	0.00014	2.228e+02	0.587	0.627	GO:0060334
163	48	19	4e-05	0.00013	1.015e+03	0.545	0.504	GO:0030838
164	20	6	4e-05	0.00012	2.098e+02	0.601	0.417	GO:0007031
165	23	11	4e-05	0.00012	2.118e+02	0.595	0.593	GO:0019835
166	21	9	4e-05	0.00012	1.909e+02	0.569	0.472	GO:0033081
167	66	26	4e-05	0.00012	1.913e+03	0.588	0.41	GO:0055067
168	25	7	4e-05	0.00012	3.336e+02	0.465	0.559	GO:0090311
169	47	20	4e-05	0.00011	9.336e+02	0.556	0.411	GO:0001776
170	34	14	4e-05	0.00011	5.024e+02	0.563	0.386	GO:0045646
171	46	18	4e-05	0.00011	9.395e+02	0.549	0.431	GO:0046324
172	36	13	4e-05	0.00011	6.052e+02	0.53	0.323	GO:0046631
173	20	6	4e-05	0.00011	2.098e+02	0.535	0.451	GO:2000779
174	35	13	3e-05	0.0001	5.643e+02	0.534	0.336	GO:0002762
175	25	8	3e-05	0.0001	3.147e+02	0.479	0.472	GO:0031952
176	21	7	3e-05	0.0001	2.198e+02	0.445	0.455	GO:0045616
177	34	14	3e-05	7e-05	5.024e+02	0.596	0.522	GO:1901028
178	29	11	3e-05	8e-05	3.856e+02	0.547	0.533	GO:0022029
179	38	15	3e-05	8e-05	6.412e+02	0.547	0.377	GO:0030049
180	33	15	3e-05	8e-05	4.455e+02	0.556	0.414	GO:0090199
181	67	26	3e-05	8e-05	1.987e+03	0.543	0.389	GO:1902106
182	56	25	2e-05	6e-05	1.282e+03	0.558	0.514	GO:0007033
183	31	12	2e-05	6e-05	4.345e+02	0.577	0.423	GO:0010977
184	23	10	2e-05	6e-05	2.258e+02	0.584	0.471	GO:0045581
185	21	6	2e-05	5e-05	2.358e+02	0.487	0.404	GO:0002040
186	32	12	2e-05	5e-05	4.705e+02	0.553	0.422	GO:0006488
187	26	10	2e-05	5e-05	3.087e+02	0.516	0.569	GO:0007212
188	48	20	2e-05	5e-05	9.854e+02	0.574	0.493	GO:0010822
189	20	7	2e-05	5e-05	1.948e+02	0.54	0.454	GO:0045940
190	27	8	2e-05	5e-05	3.786e+02	0.511	0.331	GO:0050663
191	26	10	2e-05	5e-05	3.087e+02	0.534	0.405	GO:0051602
192	27	9	2e-05	5e-05	3.586e+02	0.576	0.508	GO:1903018
193	57	21	1e-05	4e-05	1.484e+03	0.513	0.428	GO:0007202
194	50	20	1e-05	4e-05	1.094e+03	0.556	0.458	GO:0009267
195	20	7	1e-05	4e-05	1.948e+02	0.546	0.514	GO:0030149
196	22	9	1e-05	4e-05	2.148e+02	0.551	0.539	GO:0042430
197	31	12	1e-05	4e-05	4.345e+02	0.58	0.366	GO:0045124
198	25	10	1e-05	2e-05	2.798e+02	0.565	0.488	GO:0001937
199	30	11	1e-05	2e-05	4.195e+02	0.524	0.432	GO:0007040
200	35	13	1e-05	2e-05	5.643e+02	0.573	0.382	GO:0034308
201	27	12	1e-05	2e-05	3.047e+02	0.584	0.488	GO:0042310
202	20	9	1e-05	2e-05	1.679e+02	0.556	0.594	GO:0046839
203	29	12	1e-05	2e-05	3.666e+02	0.607	0.493	GO:0050853
204	24	8	0.0	1e-05	2.847e+02	0.482	0.431	GO:0001892
205	31	13	0.0	1e-05	4.146e+02	0.559	0.48	GO:0030501
206	23	11	0.0	1e-05	2.118e+02	0.574	0.58	GO:0032965
207	22	7	0.0	1e-05	2.458e+02	0.564	0.462	GO:0033344
208	20	8	0.0	1e-05	1.809e+02	0.608	0.45	GO:2000108