Creation Time:	2023-01-18 21:48:02

INPUT:
File name:	crfe_v019_b2.py
Annotations file:	/Users/JasonJia/Desktop/CRFE/Xinglin_insilico/data/human4/human_anno.txt
Gene file:	/Users/JasonJia/Desktop/CRFE/Xinglin_insilico/data/random/random7.txt
lower limit annotations/process:	20
upper limit annotations/process:	200
k (number of perturbed categories):	0 (i.e., each perturbed gene in its own category)
threshold:	0.3
threshold type:	proportion
belief:	2.0
Method:	MCMC with parameter learning with an empty set as initial set
repeats:	10
burnin steps:	25000
MCMC steps:	25000
Maximal value for alpha and beta:	0.375
Maximal possible value for alpha and beta:	0.375
Probability parameter change:	0.2
seed for RNG:	3180691921

Initial set of processes:
Empty set

INPUT ANALYSIS:
Total number of processes:	2291
Total number of genes:	11704
Number of perturbed genes:	3511
Proportion perturbed genes:	0.2999829118250171

OUTPUT:
Learnt parameters:
alpha (FPR):	0.3
beta (FNR):	0.375
q (penalization parameter):	0.001 (fixed)


Best log-likelihood value (mean +- standard deviation across replicates):	-7219.026703260148 +- 7.609378613179393e-13

Order	#(Annotations)	#(Annotations of perturbed genes)	Mean Posterior Probability	Standard Deviation Posterior Probability	p-value	Average Expression Level	Average position perturbed genes	Term Name
1	43	22	0.11351	0.23286	6.932e+02	0.627	0.408	GO:0030516
2	22	11	0.02219	0.04464	1.879e+02	0.584	0.3	GO:0001909
3	27	13	0.01997	0.04829	2.888e+02	0.635	0.412	GO:0008625
4	20	11	0.01265	0.02954	1.449e+02	0.621	0.485	GO:2000677
5	37	19	0.01199	0.02416	5.135e+02	0.626	0.48	GO:1901264
6	51	25	0.01118	0.02931	1.002e+03	0.598	0.411	GO:0061387
7	47	24	0.00928	0.02485	8.279e+02	0.614	0.562	GO:0061097
8	20	10	0.00654	0.01341	1.559e+02	0.636	0.438	GO:0045773
9	25	13	0.00581	0.01207	2.348e+02	0.628	0.479	GO:0030212
10	35	17	0.00457	0.01171	4.785e+02	0.541	0.47	GO:0002712
11	25	12	0.00429	0.01288	2.488e+02	0.587	0.459	GO:0060444
12	20	11	0.00404	0.00831	1.449e+02	0.576	0.528	GO:0000381
13	31	15	0.00367	0.01102	3.776e+02	0.592	0.41	GO:0051966
14	20	10	0.00322	0.00967	1.559e+02	0.622	0.528	GO:0008210
15	22	9	0.0032	0.00644	2.148e+02	0.598	0.298	GO:0006699
16	33	15	0.00291	0.00872	4.455e+02	0.603	0.392	GO:0032648
17	22	11	0.00288	0.00576	1.879e+02	0.586	0.387	GO:0019933
18	24	12	0.00255	0.00554	2.228e+02	0.612	0.567	GO:0000045
19	32	16	0.00237	0.00607	3.926e+02	0.566	0.576	GO:0050732
20	49	23	0.00219	0.00656	9.526e+02	0.607	0.439	GO:0060485
21	21	10	0.00216	0.00647	1.779e+02	0.598	0.484	GO:0043029
22	40	18	0.00196	0.00587	6.552e+02	0.553	0.452	GO:1902930
23	27	13	0.00194	0.00581	2.888e+02	0.638	0.47	GO:0032570
24	23	10	0.00174	0.00521	2.258e+02	0.553	0.486	GO:0050927
25	26	12	0.00157	0.0047	2.758e+02	0.59	0.374	GO:0009954
26	23	11	0.00152	0.00335	2.118e+02	0.618	0.422	GO:0006270
27	20	10	0.00152	0.00307	1.559e+02	0.668	0.513	GO:0046839
28	26	13	0.00144	0.00295	2.608e+02	0.605	0.475	GO:0007215
29	20	9	0.00142	0.0037	1.679e+02	0.56	0.483	GO:0007140
30	26	13	0.00136	0.00407	2.608e+02	0.572	0.583	GO:0010862
31	26	12	0.00132	0.00312	2.758e+02	0.629	0.484	GO:0044060
32	28	13	0.0013	0.0039	3.177e+02	0.576	0.548	GO:0051145
33	45	21	0.0013	0.00323	8.079e+02	0.532	0.461	GO:0000096
34	50	25	0.00118	0.00345	9.497e+02	0.606	0.558	GO:0007498
35	29	12	0.00114	0.0024	3.666e+02	0.582	0.328	GO:0022029
36	23	10	0.00114	0.00342	2.258e+02	0.569	0.578	GO:0045581
37	52	22	0.001	0.00301	1.144e+03	0.587	0.392	GO:0097191
38	42	18	0.00098	0.00293	7.440e+02	0.525	0.351	GO:0007249
39	24	10	0.00096	0.00215	2.518e+02	0.535	0.486	GO:0050926
40	21	9	0.00096	0.00287	1.909e+02	0.525	0.488	GO:0014003
41	23	11	0.00086	0.00191	2.118e+02	0.558	0.623	GO:0086001
42	21	9	0.00085	0.00254	1.909e+02	0.623	0.482	GO:0050820
43	26	12	0.00084	0.00174	2.758e+02	0.553	0.519	GO:0002286
44	30	12	0.00083	0.0025	3.996e+02	0.549	0.414	GO:0045429
45	20	9	0.00079	0.00236	1.679e+02	0.513	0.496	GO:0051962
46	22	9	0.00078	0.00234	2.148e+02	0.62	0.553	GO:0061005
47	22	9	0.00071	0.00214	2.148e+02	0.554	0.471	GO:0010799
48	29	12	0.00069	0.00206	3.666e+02	0.569	0.443	GO:0031128
49	22	8	0.00066	0.00158	2.298e+02	0.538	0.41	GO:0030325
50	31	12	0.00059	0.00149	4.345e+02	0.528	0.382	GO:0030641
51	20	8	0.00058	0.00174	1.809e+02	0.552	0.34	GO:0014743
52	47	20	0.00057	0.0017	9.336e+02	0.54	0.393	GO:0002449
53	21	8	0.00056	0.00169	2.048e+02	0.567	0.387	GO:0033198
54	21	8	0.00056	0.00167	2.048e+02	0.557	0.302	GO:0032715
55	34	16	0.00055	0.00164	4.615e+02	0.534	0.457	GO:0002889
56	30	11	0.00055	0.00135	4.195e+02	0.529	0.364	GO:0048265
57	20	7	0.00053	0.00106	1.948e+02	0.53	0.466	GO:2000108
58	40	17	0.00052	0.00156	6.791e+02	0.567	0.498	GO:0042345
59	29	11	0.0005	0.00151	3.856e+02	0.522	0.339	GO:0051453
60	31	15	0.00047	0.00102	3.776e+02	0.559	0.591	GO:0035116
61	100	43	0.00046	0.00139	4.148e+03	0.596	0.39	GO:0050770
62	23	8	0.00046	0.00116	2.568e+02	0.529	0.415	GO:0034405
63	21	8	0.0004	0.0012	2.048e+02	0.494	0.486	GO:0046329
64	26	12	0.0004	0.0012	2.758e+02	0.528	0.604	GO:0050869
65	26	12	0.00039	0.00083	2.758e+02	0.579	0.53	GO:0061098
66	20	7	0.00037	0.0011	1.948e+02	0.557	0.387	GO:0034243
67	23	10	0.00034	0.00102	2.258e+02	0.598	0.562	GO:0021533
68	23	10	0.00034	0.00101	2.258e+02	0.492	0.468	GO:0000060
69	20	7	0.00034	0.00101	1.948e+02	0.506	0.439	GO:0031102
70	30	10	0.00031	0.00094	4.405e+02	0.49	0.381	GO:0048640
71	22	9	0.0003	0.0009	2.148e+02	0.576	0.466	GO:0051181
72	33	15	0.0003	0.00089	4.455e+02	0.55	0.519	GO:0009409
73	31	12	0.00029	0.00088	4.345e+02	0.521	0.394	GO:0006730
74	34	16	0.00027	0.00082	4.615e+02	0.599	0.524	GO:0035115
75	22	8	0.00027	0.00082	2.298e+02	0.486	0.434	GO:0060765
76	20	8	0.00026	0.00079	1.809e+02	0.539	0.282	GO:0045851
77	39	17	0.00026	0.00078	6.362e+02	0.575	0.418	GO:0002260
78	47	19	0.00024	0.00071	9.625e+02	0.566	0.431	GO:0001776
79	33	16	0.00023	0.0007	4.266e+02	0.57	0.573	GO:0060393
80	22	7	0.00022	0.00066	2.458e+02	0.523	0.554	GO:0035336
81	43	18	0.00022	0.00066	7.909e+02	0.552	0.408	GO:0050771
82	23	10	0.00022	0.0006	2.258e+02	0.54	0.565	GO:0050974
83	22	7	0.00021	0.00064	2.458e+02	0.522	0.471	GO:0033344
84	21	9	0.0002	0.00061	1.909e+02	0.545	0.677	GO:0032925
85	21	10	0.0002	0.00059	1.779e+02	0.594	0.54	GO:0051220
86	25	9	0.0002	0.00059	2.967e+02	0.528	0.469	GO:0060998
87	32	12	0.00019	0.00056	4.705e+02	0.646	0.318	GO:0046928
88	24	10	0.00017	0.00052	2.518e+02	0.546	0.487	GO:0060397
89	26	9	0.00017	0.0005	3.267e+02	0.496	0.367	GO:0033209
90	28	10	0.00016	0.00049	3.716e+02	0.532	0.398	GO:0046058
91	22	7	0.00016	0.00049	2.458e+02	0.476	0.52	GO:0051898
92	24	8	0.00016	0.00034	2.847e+02	0.526	0.367	GO:0003279
93	27	11	0.00015	0.00044	3.217e+02	0.539	0.53	GO:0046676
94	22	10	0.00014	0.00042	2.009e+02	0.531	0.474	GO:0044089
95	26	10	0.00014	0.00041	3.087e+02	0.548	0.406	GO:0016339
96	21	6	0.00013	0.00038	2.358e+02	0.477	0.42	GO:0006363
97	24	9	0.00013	0.00038	2.678e+02	0.491	0.537	GO:0032814
98	22	7	0.00012	0.00037	2.458e+02	0.526	0.449	GO:0010880
99	22	7	0.00012	0.00037	2.458e+02	0.531	0.373	GO:2000401
100	23	8	0.00011	0.00034	2.568e+02	0.481	0.495	GO:0045661
101	36	13	8e-05	0.00025	6.052e+02	0.561	0.43	GO:0032330
102	45	16	8e-05	0.00025	9.474e+02	0.554	0.511	GO:0042044
103	22	8	8e-05	0.00024	2.298e+02	0.598	0.444	GO:0002090
104	29	10	8e-05	0.00024	4.056e+02	0.511	0.49	GO:0061448
105	20	5	8e-05	0.00023	2.258e+02	0.441	0.513	GO:0016241
106	23	7	8e-05	0.00023	2.737e+02	0.47	0.472	GO:1900449
107	22	8	7e-05	0.00022	2.298e+02	0.543	0.646	GO:0018200
108	30	12	7e-05	0.0002	3.996e+02	0.573	0.43	GO:0008038
109	32	11	6e-05	0.00019	4.924e+02	0.467	0.534	GO:2000107
110	49	18	6e-05	0.00018	1.102e+03	0.534	0.474	GO:0042308
111	26	10	6e-05	0.00017	3.087e+02	0.578	0.514	GO:0006298
112	23	8	6e-05	0.00017	2.568e+02	0.485	0.589	GO:0007530
113	20	6	6e-05	0.00017	2.098e+02	0.546	0.494	GO:0048857
114	29	8	5e-05	0.00016	4.484e+02	0.498	0.427	GO:0006099
115	35	15	5e-05	0.00016	5.194e+02	0.531	0.52	GO:0071377
116	23	9	5e-05	0.00014	2.408e+02	0.594	0.542	GO:0042755
117	25	8	4e-05	0.00011	3.147e+02	0.568	0.307	GO:0051155
118	21	7	4e-05	0.0001	2.198e+02	0.516	0.205	GO:2000351
119	34	12	3e-05	0.0001	5.473e+02	0.52	0.414	GO:0018107
120	35	13	3e-05	8e-05	5.643e+02	0.518	0.532	GO:0007566
121	46	19	2e-05	6e-05	9.106e+02	0.565	0.498	GO:0030010
122	22	6	2e-05	5e-05	2.627e+02	0.507	0.482	GO:0033032
123	31	9	2e-05	5e-05	5.004e+02	0.543	0.329	GO:0042558
124	41	14	1e-05	4e-05	8.048e+02	0.514	0.391	GO:0008542
125	29	9	1e-05	4e-05	4.265e+02	0.527	0.385	GO:0010524
126	29	9	1e-05	4e-05	4.265e+02	0.509	0.374	GO:0051402
127	21	6	1e-05	2e-05	2.358e+02	0.519	0.386	GO:1901099
128	25	9	0.0	1e-05	2.967e+02	0.547	0.519	GO:0006611
129	49	18	0.0	1e-05	1.102e+03	0.558	0.348	GO:0006835
130	22	7	0.0	1e-05	2.458e+02	0.567	0.485	GO:0010823
131	46	13	0.0	1e-05	1.099e+03	0.48	0.518	GO:0032272
132	20	6	0.0	1e-05	2.098e+02	0.476	0.47	GO:0032413
133	20	8	0.0	1e-05	1.809e+02	0.496	0.544	GO:0046854
134	28	4	0.0	1e-05	5.063e+02	0.373	0.558	GO:0048813