Creation Time:	2023-01-04 16:51:48

INPUT:
File name:	crfe_v019_b1.py
Annotations file:	/Users/JasonJia/Desktop/CRFE/Xinglin_insilico/data/human4/human_anno.txt
Gene file:	/Users/JasonJia/Desktop/CRFE/Xinglin_insilico/data/random/random8.txt
lower limit annotations/process:	20
upper limit annotations/process:	200
k (number of perturbed categories):	0 (i.e., each perturbed gene in its own category)
threshold:	0.3
threshold type:	proportion
belief:	1.0
Method:	MCMC with parameter learning with an empty set as initial set
repeats:	10
burnin steps:	25000
MCMC steps:	25000
Maximal value for alpha and beta:	0.5
Maximal possible value for alpha and beta:	0.5
Probability parameter change:	0.2
seed for RNG:	2816570007

Initial set of processes:
Empty set

INPUT ANALYSIS:
Total number of processes:	2291
Total number of genes:	11704
Number of perturbed genes:	3511
Proportion perturbed genes:	0.2999829118250171

OUTPUT:
Learnt parameters:
alpha (FPR):	0.30000000000000004
beta (FNR):	0.5
q (penalization parameter):	0.001 (fixed)


Best log-likelihood value (mean +- standard deviation across replicates):	-7151.61128047244 +- 2.246286209852491e-12

Order	#(Annotations)	#(Annotations of perturbed genes)	Mean Posterior Probability	Standard Deviation Posterior Probability	p-value	Average Expression Level	Average position perturbed genes	Term Name
1	53	29	0.24913	0.20852	9.956e+02	0.626	0.563	GO:0002460
2	21	14	0.18755	0.16064	1.269e+02	0.698	0.467	GO:0046173
3	27	16	0.05954	0.04417	2.428e+02	0.651	0.392	GO:0044253
4	47	24	0.02652	0.03239	8.279e+02	0.622	0.483	GO:0001776
5	32	18	0.02503	0.02668	3.577e+02	0.633	0.434	GO:0044246
6	75	35	0.02358	0.02278	2.225e+03	0.565	0.588	GO:0006892
7	42	21	0.02132	0.01548	6.722e+02	0.585	0.476	GO:0050994
8	21	12	0.01456	0.01182	1.539e+02	0.65	0.5	GO:0043029
9	24	13	0.01338	0.0158	2.099e+02	0.598	0.44	GO:0043500
10	38	19	0.0121	0.01467	5.514e+02	0.638	0.382	GO:0030858
11	23	13	0.01073	0.01516	1.859e+02	0.629	0.44	GO:0032965
12	20	11	0.01026	0.01554	1.449e+02	0.659	0.414	GO:0032757
13	22	12	0.00946	0.0134	1.759e+02	0.597	0.632	GO:0051181
14	30	15	0.00943	0.01139	3.457e+02	0.624	0.415	GO:0030261
15	24	13	0.00843	0.01557	2.099e+02	0.619	0.44	GO:0010712
16	26	14	0.00843	0.01273	2.468e+02	0.635	0.437	GO:0044060
17	39	19	0.00725	0.00902	5.913e+02	0.621	0.463	GO:0002260
18	20	11	0.00672	0.01121	1.449e+02	0.587	0.405	GO:0009268
19	23	13	0.00654	0.00808	1.859e+02	0.699	0.312	GO:0006071
20	47	23	0.0065	0.00916	8.528e+02	0.533	0.656	GO:0002449
21	26	14	0.00645	0.01113	2.468e+02	0.664	0.375	GO:0097028
22	79	37	0.00627	0.01312	2.461e+03	0.61	0.497	GO:0032675
23	36	17	0.00591	0.00879	5.154e+02	0.612	0.466	GO:0006323
24	32	17	0.00463	0.00791	3.757e+02	0.66	0.494	GO:2000107
25	60	28	0.00461	0.00787	1.428e+03	0.53	0.651	GO:0002443
26	22	11	0.00424	0.00693	1.879e+02	0.625	0.656	GO:0001961
27	20	11	0.00416	0.00844	1.449e+02	0.58	0.611	GO:0019724
28	25	13	0.00399	0.0046	2.348e+02	0.682	0.312	GO:0019400
29	27	13	0.00384	0.00884	2.888e+02	0.605	0.405	GO:0050663
30	30	15	0.00377	0.0071	3.457e+02	0.624	0.449	GO:0032465
31	21	10	0.0036	0.00483	1.779e+02	0.607	0.425	GO:0009060
32	20	11	0.00352	0.00577	1.449e+02	0.636	0.38	GO:0010714
33	21	10	0.00332	0.0034	1.779e+02	0.574	0.601	GO:0000272
34	69	32	0.0029	0.00378	1.893e+03	0.583	0.555	GO:0002250
35	21	10	0.00278	0.00462	1.779e+02	0.568	0.449	GO:0045446
36	20	10	0.00276	0.00465	1.559e+02	0.656	0.473	GO:0060479
37	26	12	0.00271	0.00507	2.758e+02	0.576	0.522	GO:0061098
38	22	10	0.00268	0.00584	2.009e+02	0.615	0.455	GO:0060314
39	20	10	0.00251	0.00395	1.559e+02	0.642	0.462	GO:0007029
40	23	12	0.00227	0.00515	1.989e+02	0.631	0.67	GO:0060760
41	21	10	0.00226	0.00581	1.779e+02	0.52	0.734	GO:0035088
42	21	11	0.00223	0.00286	1.659e+02	0.578	0.528	GO:0046320
43	22	11	0.00175	0.00276	1.879e+02	0.624	0.409	GO:0010718
44	29	13	0.00156	0.00322	3.487e+02	0.59	0.588	GO:0044275
45	20	9	0.00149	0.00211	1.679e+02	0.621	0.496	GO:0002262
46	20	8	0.00118	0.00212	1.809e+02	0.554	0.495	GO:0090342
47	25	12	0.00116	0.00227	2.488e+02	0.542	0.512	GO:0060998
48	30	13	0.00114	0.00211	3.806e+02	0.617	0.385	GO:0010596
49	22	10	0.00114	0.00178	2.009e+02	0.603	0.504	GO:0010880
50	33	16	0.00112	0.00288	4.266e+02	0.588	0.535	GO:0022409
51	92	37	0.00112	0.00335	3.655e+03	0.549	0.518	GO:0018279
52	20	10	0.00108	0.00218	1.559e+02	0.641	0.381	GO:0043537
53	21	9	0.00105	0.00285	1.909e+02	0.573	0.542	GO:0046135
54	20	8	0.00103	0.00239	1.809e+02	0.622	0.246	GO:0051881
55	28	12	0.001	0.00181	3.347e+02	0.535	0.525	GO:0009072
56	22	10	0.00097	0.00163	2.009e+02	0.594	0.514	GO:0042430
57	42	20	0.00096	0.0015	6.951e+02	0.615	0.439	GO:0034637
58	40	18	0.00096	0.00208	6.552e+02	0.559	0.549	GO:0046677
59	34	15	0.00093	0.00229	4.815e+02	0.597	0.425	GO:0010812
60	44	18	0.0009	0.00173	8.388e+02	0.557	0.488	GO:0048844
61	83	35	0.00088	0.0017	2.898e+03	0.589	0.492	GO:0048872
62	44	20	0.00086	0.00167	7.859e+02	0.604	0.407	GO:0051279
63	30	14	0.00085	0.00182	3.627e+02	0.601	0.485	GO:0045604
64	24	10	0.00084	0.00194	2.518e+02	0.596	0.563	GO:0035329
65	38	16	0.00078	0.0013	6.172e+02	0.591	0.417	GO:0070936
66	20	7	0.00077	0.002	1.948e+02	0.516	0.374	GO:0051954
67	22	9	0.00077	0.00122	2.148e+02	0.536	0.536	GO:0046847
68	47	19	0.00077	0.0023	9.625e+02	0.526	0.58	GO:0019229
69	22	10	0.00076	0.00117	2.009e+02	0.626	0.45	GO:0050829
70	24	9	0.00075	0.00161	2.678e+02	0.553	0.383	GO:0050850
71	24	11	0.00074	0.00165	2.368e+02	0.588	0.432	GO:0003179
72	34	15	0.00073	0.00162	4.815e+02	0.572	0.482	GO:0000271
73	24	10	0.00071	0.00154	2.518e+02	0.539	0.497	GO:0042537
74	30	13	0.00069	0.00106	3.806e+02	0.558	0.461	GO:0048265
75	47	20	0.00069	0.00101	9.336e+02	0.53	0.567	GO:0061097
76	32	14	0.00068	0.00141	4.296e+02	0.577	0.432	GO:0032720
77	25	11	0.00068	0.00203	2.638e+02	0.554	0.606	GO:0006656
78	30	13	0.00067	0.00129	3.806e+02	0.528	0.593	GO:0003156
79	33	14	0.00066	0.00162	4.655e+02	0.561	0.504	GO:0033692
80	33	14	0.00066	0.00107	4.655e+02	0.557	0.502	GO:0060393
81	34	13	0.00064	0.00097	5.244e+02	0.533	0.44	GO:0014823
82	31	14	0.00063	0.00099	3.956e+02	0.548	0.489	GO:0051004
83	37	17	0.00061	0.00171	5.544e+02	0.605	0.527	GO:0032755
84	23	11	0.0006	0.00124	2.118e+02	0.59	0.418	GO:0034405
85	31	14	0.0006	0.00121	3.956e+02	0.55	0.55	GO:0048663
86	35	14	0.00058	0.0017	5.413e+02	0.564	0.488	GO:0050848
87	26	11	0.00058	0.00116	2.917e+02	0.537	0.525	GO:0043502
88	22	10	0.00055	0.00088	2.009e+02	0.536	0.525	GO:0008207
89	22	9	0.00054	0.00085	2.148e+02	0.589	0.378	GO:0010799
90	22	10	0.00053	0.00111	2.009e+02	0.51	0.584	GO:0006699
91	62	26	0.00052	0.00116	1.630e+03	0.576	0.489	GO:0003014
92	32	14	0.0005	0.00064	4.296e+02	0.604	0.451	GO:0032722
93	82	33	0.0005	0.00098	2.907e+03	0.552	0.528	GO:0090090
94	20	8	0.00049	0.00128	1.809e+02	0.571	0.518	GO:0031122
95	45	18	0.00049	0.00087	8.886e+02	0.556	0.659	GO:0046456
96	32	14	0.00048	0.00121	4.296e+02	0.57	0.403	GO:0046928
97	27	11	0.00048	0.00074	3.217e+02	0.529	0.51	GO:0045912
98	23	10	0.00048	0.00115	2.258e+02	0.621	0.436	GO:0000083
99	20	7	0.00048	0.00098	1.948e+02	0.423	0.745	GO:0030149
100	26	12	0.00047	0.00084	2.758e+02	0.584	0.575	GO:0050710
101	21	10	0.00046	0.00065	1.779e+02	0.581	0.528	GO:0019915
102	56	24	0.00046	0.00084	1.315e+03	0.615	0.449	GO:2000106
103	51	20	0.00045	0.00133	1.151e+03	0.558	0.429	GO:0051952
104	36	14	0.00045	0.00097	5.813e+02	0.551	0.522	GO:0030195
105	43	17	0.00044	0.00103	8.178e+02	0.597	0.503	GO:0032677
106	48	20	0.00044	0.00088	9.854e+02	0.576	0.517	GO:0006939
107	26	10	0.00043	0.00061	3.087e+02	0.448	0.618	GO:0043631
108	34	14	0.00043	0.00108	5.024e+02	0.561	0.505	GO:0046580
109	22	9	0.00042	0.00061	2.148e+02	0.55	0.406	GO:0034105
110	23	10	0.00042	0.00069	2.258e+02	0.556	0.546	GO:0010677
111	23	10	0.00042	0.00116	2.258e+02	0.638	0.491	GO:0043030
112	30	12	0.00042	0.0007	3.996e+02	0.535	0.613	GO:0048864
113	40	16	0.00041	0.00124	7.040e+02	0.549	0.496	GO:0001541
114	22	7	0.0004	0.00089	2.458e+02	0.448	0.394	GO:0086002
115	41	17	0.0004	0.00119	7.240e+02	0.58	0.457	GO:0043967
116	25	10	0.00039	0.00114	2.798e+02	0.559	0.444	GO:0061077
117	20	8	0.00038	0.00115	1.809e+02	0.605	0.342	GO:0003341
118	23	10	0.00038	0.00051	2.258e+02	0.63	0.405	GO:0032459
119	24	9	0.00038	0.00094	2.678e+02	0.496	0.63	GO:0014031
120	61	26	0.00038	0.00071	1.563e+03	0.589	0.488	GO:0060491
121	26	10	0.00037	0.0011	3.087e+02	0.521	0.539	GO:0010862
122	28	11	0.00037	0.00085	3.527e+02	0.523	0.442	GO:0030032
123	21	7	0.00037	0.00105	2.198e+02	0.59	0.335	GO:0050704
124	78	34	0.00036	0.0008	2.511e+03	0.577	0.456	GO:0007565
125	37	13	0.00036	0.00077	6.481e+02	0.517	0.636	GO:0001656
126	21	8	0.00036	0.00062	2.048e+02	0.54	0.503	GO:0045907
127	21	6	0.00036	0.00107	2.358e+02	0.465	0.577	GO:0001662
128	20	7	0.00036	0.00107	1.948e+02	0.536	0.46	GO:0001782
129	27	11	0.00035	0.00055	3.217e+02	0.518	0.53	GO:0045923
130	100	42	0.00035	0.00054	4.207e+03	0.57	0.508	GO:0046165
131	31	13	0.00035	0.00093	4.146e+02	0.595	0.362	GO:0006206
132	26	10	0.00035	0.00052	3.087e+02	0.562	0.475	GO:0050869
133	34	14	0.00035	0.00073	5.024e+02	0.627	0.392	GO:0010633
134	40	15	0.00034	0.00067	7.300e+02	0.543	0.504	GO:0050772
135	54	23	0.00034	0.00075	1.228e+03	0.57	0.505	GO:0006458
136	25	11	0.00034	0.00078	2.638e+02	0.624	0.43	GO:0010543
137	29	12	0.00033	0.00063	3.666e+02	0.629	0.541	GO:0048742
138	24	10	0.00033	0.00077	2.518e+02	0.557	0.401	GO:0008089
139	61	24	0.00032	0.00073	1.638e+03	0.542	0.42	GO:0010522
140	22	9	0.00032	0.00057	2.148e+02	0.528	0.469	GO:0032728
141	35	13	0.00032	0.00051	5.643e+02	0.529	0.367	GO:2001239
142	23	9	0.00032	0.00058	2.408e+02	0.562	0.606	GO:0006662
143	23	9	0.00032	0.00052	2.408e+02	0.574	0.45	GO:0009081
144	29	12	0.0003	0.00057	3.666e+02	0.562	0.618	GO:0019370
145	39	14	0.0003	0.00091	7.110e+02	0.533	0.507	GO:0042147
146	24	10	0.0003	0.0008	2.518e+02	0.565	0.63	GO:0016447
147	41	16	0.0003	0.00061	7.499e+02	0.553	0.589	GO:0050709
148	22	7	0.00029	0.00086	2.458e+02	0.574	0.55	GO:0042417
149	49	20	0.00029	0.00061	1.039e+03	0.554	0.601	GO:0006636
150	26	10	0.00028	0.00085	3.087e+02	0.498	0.482	GO:0045806
151	21	8	0.00028	0.0007	2.048e+02	0.551	0.492	GO:0090022
152	20	7	0.00028	0.00084	1.948e+02	0.61	0.469	GO:0000413
153	47	19	0.00028	0.00084	9.625e+02	0.537	0.498	GO:0048814
154	21	7	0.00027	0.0008	2.198e+02	0.483	0.514	GO:0030239
155	34	13	0.00026	0.00079	5.244e+02	0.501	0.577	GO:0055021
156	22	8	0.00026	0.0007	2.298e+02	0.512	0.471	GO:0003208
157	61	24	0.00026	0.0005	1.638e+03	0.524	0.487	GO:0033273
158	22	10	0.00026	0.0005	2.009e+02	0.612	0.441	GO:1901532
159	21	9	0.00026	0.0006	1.909e+02	0.519	0.595	GO:0034502
160	40	15	0.00026	0.0006	7.300e+02	0.583	0.559	GO:0060401
161	21	8	0.00025	0.00074	2.048e+02	0.542	0.383	GO:0008045
162	20	7	0.00025	0.00074	1.948e+02	0.513	0.363	GO:0007220
163	34	14	0.00025	0.00044	5.024e+02	0.588	0.449	GO:0051865
164	71	30	0.00024	0.00049	2.123e+03	0.564	0.56	GO:0046620
165	20	7	0.00024	0.00071	1.948e+02	0.538	0.496	GO:0033574
166	74	28	0.00024	0.00046	2.454e+03	0.535	0.543	GO:1990267
167	58	25	0.00023	0.00048	1.404e+03	0.62	0.505	GO:0001816
168	30	12	0.00023	0.00068	3.996e+02	0.569	0.4	GO:0022408
169	37	15	0.00023	0.00052	5.992e+02	0.591	0.523	GO:0051148
170	33	13	0.00022	0.00065	4.864e+02	0.516	0.679	GO:0042992
171	25	9	0.00022	0.00045	2.967e+02	0.52	0.457	GO:0006501
172	26	11	0.00022	0.00049	2.917e+02	0.541	0.544	GO:0048013
173	48	17	0.00022	0.00054	1.078e+03	0.541	0.506	GO:0006073
174	23	7	0.00022	0.00043	2.737e+02	0.465	0.592	GO:0048713
175	29	12	0.00022	0.00043	3.666e+02	0.546	0.505	GO:0050690
176	32	11	0.00021	0.00035	4.924e+02	0.547	0.517	GO:0008209
177	38	14	0.00021	0.00064	6.661e+02	0.539	0.447	GO:0009311
178	43	18	0.00021	0.00042	7.909e+02	0.558	0.481	GO:0045682
179	25	9	0.00021	0.00042	2.967e+02	0.55	0.227	GO:0070534
180	25	9	0.00021	0.00049	2.967e+02	0.563	0.479	GO:0001958
181	36	14	0.00021	0.00062	5.813e+02	0.514	0.378	GO:0055081
182	23	10	0.0002	0.00061	2.258e+02	0.548	0.492	GO:0019835
183	20	8	0.0002	0.00056	1.809e+02	0.573	0.467	GO:0030879
184	53	22	0.0002	0.00061	1.202e+03	0.573	0.538	GO:0046427
185	30	9	0.0002	0.00045	4.624e+02	0.544	0.423	GO:0072175
186	20	6	0.0002	0.00039	2.098e+02	0.552	0.387	GO:0006595
187	128	53	0.0002	0.00038	6.929e+03	0.592	0.441	GO:0044262
188	28	9	0.00019	0.00058	3.916e+02	0.49	0.47	GO:0006779
189	40	15	0.00019	0.00042	7.300e+02	0.562	0.424	GO:0010717
190	20	6	0.00019	0.00042	2.098e+02	0.566	0.395	GO:0002825
191	25	9	0.00019	0.00026	2.967e+02	0.557	0.314	GO:0001937
192	34	11	0.00019	0.00047	5.712e+02	0.516	0.517	GO:0045840
193	21	7	0.00019	0.00056	2.198e+02	0.512	0.647	GO:0045987
194	23	9	0.00018	0.00034	2.408e+02	0.559	0.466	GO:0006270
195	26	10	0.00018	0.00045	3.087e+02	0.511	0.586	GO:0044774
196	46	17	0.00018	0.00054	9.694e+02	0.532	0.419	GO:0006369
197	24	9	0.00018	0.00037	2.678e+02	0.525	0.514	GO:0007492
198	41	17	0.00018	0.00037	7.240e+02	0.581	0.616	GO:0002200
199	94	38	0.00018	0.00037	3.803e+03	0.564	0.441	GO:0002495
200	23	8	0.00018	0.00051	2.568e+02	0.469	0.591	GO:0045214
201	39	15	0.00018	0.00045	6.851e+02	0.514	0.554	GO:0060420
202	28	12	0.00017	0.00048	3.347e+02	0.547	0.445	GO:0016574
203	23	9	0.00017	0.00041	2.408e+02	0.511	0.64	GO:0044773
204	30	10	0.00017	0.0005	4.405e+02	0.503	0.479	GO:0032508
205	21	10	0.00017	0.00034	1.779e+02	0.596	0.466	GO:0045616
206	21	7	0.00017	0.00037	2.198e+02	0.511	0.246	GO:0002040
207	40	15	0.00016	0.00049	7.300e+02	0.534	0.526	GO:0031018
208	22	8	0.00016	0.00032	2.298e+02	0.547	0.443	GO:0046688
209	20	7	0.00016	0.00032	1.948e+02	0.558	0.392	GO:2000108
210	20	7	0.00016	0.00031	1.948e+02	0.545	0.702	GO:0045851
211	22	7	0.00016	0.00032	2.458e+02	0.511	0.557	GO:0090103
212	35	12	0.00016	0.00037	5.882e+02	0.505	0.373	GO:0002062
213	21	8	0.00016	0.00047	2.048e+02	0.554	0.318	GO:0032715
214	24	8	0.00016	0.00036	2.847e+02	0.601	0.393	GO:0035162
215	57	23	0.00015	0.00031	1.411e+03	0.551	0.506	GO:0003143
216	21	8	0.00015	0.00026	2.048e+02	0.555	0.571	GO:0071385
217	33	12	0.00015	0.00033	5.084e+02	0.563	0.377	GO:0010770
218	20	7	0.00015	0.00032	1.948e+02	0.462	0.451	GO:0015721
219	23	8	0.00015	0.00044	2.568e+02	0.521	0.432	GO:0033146
220	27	10	0.00014	0.00043	3.397e+02	0.508	0.644	GO:0042517
221	20	6	0.00014	0.00031	2.098e+02	0.479	0.37	GO:0046461
222	36	12	0.00014	0.00033	6.301e+02	0.528	0.654	GO:0032330
223	26	8	0.00014	0.00042	3.456e+02	0.567	0.308	GO:0032732
224	23	9	0.00014	0.00042	2.408e+02	0.511	0.516	GO:0050974
225	22	6	0.00014	0.00041	2.627e+02	0.453	0.316	GO:0044089
226	22	9	0.00013	0.00025	2.148e+02	0.501	0.645	GO:0006906
227	49	19	0.00013	0.00026	1.070e+03	0.549	0.459	GO:0007368
228	40	15	0.00013	0.00027	7.300e+02	0.54	0.554	GO:0048639
229	51	21	0.00013	0.00038	1.119e+03	0.548	0.518	GO:0001947
230	29	10	0.00013	0.00038	4.056e+02	0.469	0.511	GO:0016331
231	35	13	0.00013	0.00026	5.643e+02	0.575	0.389	GO:0032312
232	45	16	0.00012	0.00037	9.474e+02	0.579	0.489	GO:0001837
233	23	7	0.00012	0.00025	2.737e+02	0.549	0.487	GO:0044062
234	20	8	0.00012	0.00037	1.809e+02	0.496	0.538	GO:0060045
235	50	20	0.00012	0.00033	1.094e+03	0.601	0.568	GO:0010830
236	23	9	0.00012	0.00035	2.408e+02	0.553	0.259	GO:0032892
237	25	9	0.00012	0.00035	2.967e+02	0.547	0.501	GO:0042181
238	33	13	0.00012	0.00029	4.864e+02	0.573	0.448	GO:0071326
239	20	6	0.00011	0.00027	2.098e+02	0.505	0.379	GO:0097035
240	24	8	0.00011	0.00034	2.847e+02	0.56	0.346	GO:0001892
241	84	32	0.00011	0.00034	3.144e+03	0.54	0.563	GO:0033365
242	21	6	0.00011	0.00034	2.358e+02	0.567	0.658	GO:0035710
243	21	6	0.00011	0.00034	2.358e+02	0.522	0.117	GO:0042116
244	29	12	0.00011	0.00034	3.666e+02	0.52	0.554	GO:0060043
245	22	7	0.00011	0.00022	2.458e+02	0.539	0.324	GO:0045686
246	22	8	0.00011	0.00022	2.298e+02	0.545	0.34	GO:0051293
247	98	38	0.0001	0.00027	4.229e+03	0.539	0.526	GO:0006487
248	25	9	0.0001	0.00022	2.967e+02	0.521	0.519	GO:0050691
249	43	17	0.0001	0.00031	8.178e+02	0.574	0.564	GO:0043525
250	42	17	0.0001	0.00031	7.699e+02	0.554	0.604	GO:0048284
251	22	7	0.0001	0.00031	2.458e+02	0.524	0.409	GO:0051926
252	22	6	0.0001	0.00031	2.627e+02	0.515	0.474	GO:0061005
253	20	6	0.0001	0.00029	2.098e+02	0.463	0.486	GO:0002833
254	20	5	0.0001	0.0003	2.258e+02	0.461	0.491	GO:0006949
255	32	14	0.0001	0.0003	4.296e+02	0.574	0.67	GO:0016445
256	23	9	0.0001	0.0003	2.408e+02	0.613	0.32	GO:0042755
257	20	7	0.0001	0.0003	1.948e+02	0.509	0.562	GO:0045940
258	22	8	0.0001	0.0002	2.298e+02	0.54	0.433	GO:0051491
259	23	9	0.0001	0.0002	2.408e+02	0.474	0.517	GO:1900449
260	29	10	0.0001	0.00016	4.056e+02	0.486	0.601	GO:2000179
261	42	16	0.0001	0.00027	7.968e+02	0.54	0.418	GO:0007249
262	30	12	0.0001	0.00029	3.996e+02	0.541	0.491	GO:0010660
263	22	7	0.0001	0.00029	2.458e+02	0.484	0.186	GO:0017145
264	32	11	0.0001	0.00029	4.924e+02	0.519	0.33	GO:0031572
265	32	9	0.0001	0.00029	5.393e+02	0.475	0.633	GO:0048706
266	21	8	0.0001	0.0002	2.048e+02	0.472	0.789	GO:0045453
267	62	22	9e-05	0.00028	1.787e+03	0.523	0.443	GO:0009062
268	26	6	9e-05	0.0002	3.865e+02	0.385	0.461	GO:0032873
269	34	12	9e-05	0.00028	5.473e+02	0.516	0.667	GO:0035115
270	20	6	9e-05	0.00025	2.098e+02	0.424	0.641	GO:0048857
271	35	14	9e-05	0.00022	5.413e+02	0.555	0.505	GO:0051058
272	32	11	9e-05	0.00028	4.924e+02	0.53	0.425	GO:0051353
273	22	6	9e-05	0.00028	2.627e+02	0.506	0.406	GO:0060765
274	20	6	9e-05	0.00025	2.098e+02	0.456	0.536	GO:0072676
275	31	11	9e-05	0.00028	4.555e+02	0.526	0.442	GO:0097581
276	24	5	9e-05	0.00026	3.416e+02	0.482	0.664	GO:0001539
277	22	6	9e-05	0.00026	2.627e+02	0.451	0.543	GO:0035249
278	24	7	9e-05	0.00019	3.027e+02	0.57	0.522	GO:0050922
279	28	10	9e-05	0.00026	3.716e+02	0.528	0.386	GO:0060348
280	42	14	8e-05	0.00025	8.536e+02	0.555	0.605	GO:0001658
281	51	21	8e-05	0.00017	1.119e+03	0.533	0.552	GO:0006970
282	26	8	8e-05	0.00025	3.456e+02	0.491	0.592	GO:0007215
283	21	9	8e-05	0.00025	1.909e+02	0.608	0.336	GO:0031670
284	26	7	8e-05	0.00025	3.656e+02	0.447	0.495	GO:0046132
285	29	9	8e-05	0.00025	4.265e+02	0.456	0.437	GO:0046513
286	35	13	8e-05	0.00021	5.643e+02	0.565	0.585	GO:0048871
287	22	6	8e-05	0.00025	2.627e+02	0.462	0.69	GO:0051898
288	20	4	8e-05	0.00025	2.428e+02	0.419	0.144	GO:0051962
289	27	10	8e-05	0.00025	3.397e+02	0.514	0.53	GO:0055007
290	23	10	8e-05	0.00025	2.258e+02	0.531	0.612	GO:0071695
291	23	7	8e-05	0.00021	2.737e+02	0.474	0.599	GO:0007176
292	22	8	8e-05	0.00016	2.298e+02	0.546	0.299	GO:0048710
293	22	9	8e-05	0.00024	2.148e+02	0.582	0.442	GO:0048873
294	41	15	8e-05	0.00016	7.769e+02	0.555	0.378	GO:0051588
295	65	25	8e-05	0.00023	1.881e+03	0.566	0.542	GO:0006368
296	28	9	8e-05	0.00023	3.916e+02	0.546	0.437	GO:0009225
297	96	37	8e-05	0.00014	4.073e+03	0.527	0.51	GO:0032526
298	32	12	8e-05	0.00019	4.705e+02	0.545	0.615	GO:0045620
299	20	8	8e-05	0.00023	1.809e+02	0.551	0.475	GO:0045773
300	40	13	8e-05	0.00015	7.848e+02	0.565	0.433	GO:0045778
301	28	10	8e-05	0.00023	3.716e+02	0.58	0.328	GO:0046058
302	27	8	8e-05	0.00015	3.786e+02	0.483	0.37	GO:0046676
303	23	6	8e-05	0.00023	2.917e+02	0.467	0.501	GO:0048512
304	39	13	7e-05	0.00022	7.379e+02	0.532	0.355	GO:0008088
305	21	8	7e-05	0.0002	2.048e+02	0.558	0.495	GO:0009651
306	76	27	7e-05	0.00022	2.674e+03	0.54	0.47	GO:0032680
307	26	8	7e-05	0.00014	3.456e+02	0.494	0.454	GO:0033144
308	50	19	7e-05	0.00022	1.126e+03	0.534	0.455	GO:0034103
309	65	24	7e-05	0.00022	1.923e+03	0.548	0.492	GO:0044264
310	76	27	7e-05	0.0002	2.674e+03	0.514	0.478	GO:0009156
311	30	9	7e-05	0.0002	4.624e+02	0.479	0.466	GO:0018149
312	21	6	7e-05	0.0002	2.358e+02	0.563	0.31	GO:0031114
313	21	6	7e-05	0.0002	2.358e+02	0.562	0.547	GO:0043300
314	38	12	7e-05	0.00014	7.189e+02	0.52	0.495	GO:0051225
315	92	35	7e-05	0.0002	3.769e+03	0.534	0.59	GO:1901606
316	80	31	6e-05	0.00019	2.827e+03	0.513	0.57	GO:0001568
317	80	30	6e-05	0.00019	2.878e+03	0.525	0.479	GO:0009124
318	35	13	6e-05	0.00019	5.643e+02	0.531	0.411	GO:0030890
319	32	12	6e-05	0.00019	4.705e+02	0.545	0.467	GO:0040018
320	27	10	6e-05	0.00014	3.397e+02	0.557	0.519	GO:0045933
321	26	7	6e-05	0.00019	3.656e+02	0.458	0.378	GO:0046503
322	29	9	6e-05	0.00019	4.265e+02	0.522	0.392	GO:0050805
323	20	6	6e-05	0.00017	2.098e+02	0.501	0.59	GO:0021795
324	27	8	6e-05	0.00017	3.786e+02	0.501	0.402	GO:0043489
325	57	22	6e-05	0.00012	1.447e+03	0.55	0.519	GO:0030900
326	51	20	6e-05	0.00018	1.151e+03	0.546	0.486	GO:0001508
327	50	16	6e-05	0.00018	1.228e+03	0.519	0.45	GO:0009267
328	33	9	6e-05	0.00018	5.802e+02	0.524	0.346	GO:0032233
329	32	10	6e-05	0.00017	5.153e+02	0.515	0.3	GO:0032414
330	35	11	6e-05	0.00018	6.131e+02	0.525	0.336	GO:0071377
331	64	23	6e-05	0.00018	1.891e+03	0.525	0.434	GO:1901184
332	36	13	6e-05	0.00014	6.052e+02	0.548	0.539	GO:0007339
333	41	12	6e-05	0.00014	8.636e+02	0.54	0.282	GO:0032652
334	39	13	6e-05	0.00011	7.379e+02	0.539	0.288	GO:0060079
335	33	11	6e-05	0.00017	5.313e+02	0.501	0.64	GO:0007131
336	43	16	6e-05	0.00017	8.457e+02	0.539	0.432	GO:0007369
337	28	9	6e-05	0.00017	3.916e+02	0.511	0.364	GO:0031663
338	52	21	6e-05	0.00017	1.176e+03	0.567	0.465	GO:0043647
339	31	10	6e-05	0.00017	4.774e+02	0.492	0.56	GO:0045103
340	21	6	6e-05	0.00017	2.358e+02	0.43	0.461	GO:0046329
341	38	13	5e-05	0.00011	6.920e+02	0.518	0.405	GO:0006513
342	31	9	5e-05	0.00011	5.004e+02	0.456	0.59	GO:0006654
343	50	18	5e-05	0.00013	1.159e+03	0.549	0.423	GO:0010001
344	23	11	5e-05	0.00012	2.118e+02	0.576	0.644	GO:0045581
345	38	13	5e-05	0.00016	6.920e+02	0.535	0.508	GO:0006754
346	29	5	5e-05	0.00016	5.202e+02	0.415	0.312	GO:0008334
347	67	23	5e-05	0.00016	2.119e+03	0.492	0.529	GO:0010469
348	20	5	5e-05	0.00016	2.258e+02	0.503	0.535	GO:0032413
349	29	8	5e-05	0.00016	4.484e+02	0.505	0.573	GO:0048278
350	25	8	5e-05	0.00016	3.147e+02	0.551	0.451	GO:0061217
351	72	25	5e-05	0.00016	2.430e+03	0.52	0.441	GO:0090100
352	22	8	5e-05	0.00014	2.298e+02	0.553	0.507	GO:0000819
353	42	16	5e-05	0.00013	7.968e+02	0.596	0.416	GO:0002718
354	79	26	5e-05	0.00014	2.997e+03	0.555	0.533	GO:0009566
355	27	9	5e-05	0.00014	3.586e+02	0.49	0.519	GO:0010743
356	28	8	5e-05	0.00014	4.125e+02	0.528	0.379	GO:0017158
357	60	20	5e-05	0.00014	1.727e+03	0.522	0.479	GO:0032088
358	45	17	5e-05	0.00014	9.175e+02	0.587	0.374	GO:0032655
359	40	15	5e-05	0.00014	7.300e+02	0.559	0.359	GO:0032890
360	34	12	5e-05	0.00014	5.473e+02	0.54	0.574	GO:0035019
361	63	22	5e-05	0.00014	1.860e+03	0.519	0.439	GO:0042058
362	25	8	5e-05	0.00014	3.147e+02	0.459	0.518	GO:0043552
363	22	7	5e-05	0.00014	2.458e+02	0.509	0.494	GO:0045909
364	22	5	5e-05	0.00014	2.807e+02	0.435	0.499	GO:0050856
365	56	21	5e-05	0.00014	1.419e+03	0.55	0.447	GO:0050871
366	24	8	5e-05	0.00014	2.847e+02	0.563	0.369	GO:0050926
367	33	9	5e-05	0.00014	5.802e+02	0.462	0.456	GO:0051963
368	20	8	5e-05	0.00012	1.809e+02	0.544	0.256	GO:0098581
369	22	6	5e-05	0.00014	2.627e+02	0.526	0.493	GO:1901655
370	71	26	4e-05	0.00013	2.300e+03	0.541	0.465	GO:0005976
371	23	9	4e-05	0.00013	2.408e+02	0.532	0.281	GO:0009595
372	26	9	4e-05	0.00013	3.267e+02	0.556	0.43	GO:0032350
373	22	6	4e-05	0.00013	2.627e+02	0.474	0.459	GO:0033108
374	34	11	4e-05	0.00013	5.712e+02	0.495	0.51	GO:0033865
375	29	11	4e-05	0.00013	3.856e+02	0.505	0.552	GO:0042304
376	50	16	4e-05	0.00013	1.228e+03	0.557	0.527	GO:0044728
377	55	20	4e-05	0.00013	1.392e+03	0.493	0.567	GO:0045727
378	30	8	4e-05	0.00013	4.854e+02	0.513	0.688	GO:0046632
379	28	10	4e-05	0.00012	3.716e+02	0.513	0.535	GO:0002312
380	27	9	4e-05	0.0001	3.586e+02	0.499	0.527	GO:0008625
381	29	11	4e-05	0.00012	3.856e+02	0.528	0.349	GO:0010524
382	25	10	4e-05	0.00012	2.798e+02	0.522	0.546	GO:0030212
383	33	11	4e-05	0.00012	5.313e+02	0.49	0.434	GO:0032648
384	22	8	4e-05	0.00012	2.298e+02	0.522	0.474	GO:0034698
385	25	7	4e-05	0.00012	3.336e+02	0.444	0.591	GO:0042771
386	58	22	4e-05	0.00012	1.512e+03	0.545	0.485	GO:0043467
387	42	15	4e-05	0.00012	8.247e+02	0.556	0.431	GO:0043535
388	22	8	4e-05	0.00012	2.298e+02	0.531	0.551	GO:0045622
389	22	6	4e-05	0.00012	2.627e+02	0.401	0.606	GO:0048048
390	174	65	4e-05	0.00012	1.351e+04	0.53	0.497	GO:0048193
391	30	9	4e-05	0.00012	4.624e+02	0.504	0.567	GO:0048260
392	30	11	4e-05	0.00012	4.195e+02	0.545	0.305	GO:0050433
393	26	8	4e-05	0.00012	3.456e+02	0.511	0.68	GO:0055013
394	24	7	4e-05	8e-05	3.027e+02	0.49	0.413	GO:0060397
395	21	8	4e-05	0.00011	2.048e+02	0.59	0.357	GO:2000351
396	27	9	4e-05	9e-05	3.586e+02	0.54	0.485	GO:0021983
397	22	5	4e-05	0.00011	2.807e+02	0.442	0.509	GO:0006829
398	23	7	4e-05	0.00011	2.737e+02	0.479	0.483	GO:0007062
399	34	10	4e-05	0.00011	5.962e+02	0.52	0.334	GO:0009101
400	21	3	4e-05	0.00011	2.897e+02	0.36	0.884	GO:0014003
401	25	5	4e-05	0.00011	3.745e+02	0.428	0.561	GO:0016575
402	28	8	4e-05	0.0001	4.125e+02	0.471	0.512	GO:0018146
403	93	37	4e-05	0.00011	3.757e+03	0.548	0.518	GO:0018196
404	133	51	4e-05	7e-05	7.807e+03	0.574	0.504	GO:0030336
405	36	13	4e-05	0.00011	6.052e+02	0.575	0.465	GO:0030433
406	22	8	4e-05	0.00011	2.298e+02	0.512	0.46	GO:0030511
407	28	7	4e-05	0.00011	4.345e+02	0.449	0.335	GO:0032845
408	21	7	4e-05	0.00011	2.198e+02	0.547	0.536	GO:0033081
409	57	22	4e-05	0.00011	1.447e+03	0.523	0.51	GO:0033555
410	32	9	4e-05	7e-05	5.393e+02	0.464	0.54	GO:0033628
411	43	16	4e-05	0.00011	8.457e+02	0.494	0.648	GO:0042157
412	31	10	4e-05	0.00011	4.774e+02	0.514	0.532	GO:0042558
413	23	8	4e-05	0.0001	2.568e+02	0.567	0.324	GO:2000191
414	45	16	3e-05	0.0001	9.474e+02	0.516	0.537	GO:0001704
415	24	9	3e-05	0.0001	2.678e+02	0.506	0.476	GO:0003206
416	24	8	3e-05	0.0001	2.847e+02	0.492	0.483	GO:0006890
417	30	10	3e-05	0.0001	4.405e+02	0.452	0.466	GO:0007040
418	29	11	3e-05	0.0001	3.856e+02	0.539	0.675	GO:0017156
419	24	9	3e-05	0.0001	2.678e+02	0.547	0.606	GO:0018904
420	34	12	3e-05	6e-05	5.473e+02	0.548	0.458	GO:0030282
421	39	13	3e-05	0.0001	7.379e+02	0.481	0.658	GO:0030397
422	20	8	3e-05	7e-05	1.809e+02	0.568	0.636	GO:0031497
423	36	11	3e-05	0.0001	6.560e+02	0.488	0.487	GO:0032436
424	27	9	3e-05	0.0001	3.586e+02	0.542	0.334	GO:0032570
425	45	16	3e-05	0.0001	9.474e+02	0.518	0.495	GO:0042044
426	40	15	3e-05	0.0001	7.300e+02	0.583	0.55	GO:0042130
427	46	18	3e-05	0.0001	9.395e+02	0.555	0.608	GO:0042531
428	28	8	3e-05	0.0001	4.125e+02	0.487	0.38	GO:0045739
429	27	5	3e-05	0.0001	4.444e+02	0.36	0.575	GO:0048738
430	24	8	3e-05	7e-05	2.847e+02	0.474	0.372	GO:0051568
431	57	21	3e-05	0.0001	1.484e+03	0.514	0.601	GO:0061025
432	49	18	3e-05	0.0001	1.102e+03	0.542	0.537	GO:0061035
433	32	12	3e-05	0.0001	4.705e+02	0.566	0.428	GO:0071331
434	97	35	3e-05	0.0001	4.305e+03	0.543	0.505	GO:0090101
435	44	18	3e-05	0.0001	8.388e+02	0.584	0.537	GO:1901216
436	32	10	3e-05	6e-05	5.153e+02	0.536	0.477	GO:0000578
437	22	7	3e-05	6e-05	2.458e+02	0.404	0.599	GO:0001909
438	40	13	3e-05	8e-05	7.848e+02	0.515	0.277	GO:0006901
439	22	6	3e-05	8e-05	2.627e+02	0.498	0.519	GO:0015985
440	31	7	3e-05	8e-05	5.492e+02	0.474	0.424	GO:0019692
441	23	7	3e-05	8e-05	2.737e+02	0.488	0.45	GO:0021533
442	25	7	3e-05	8e-05	3.336e+02	0.548	0.404	GO:0030206
443	25	6	3e-05	8e-05	3.536e+02	0.435	0.598	GO:0031280
444	40	15	3e-05	8e-05	7.300e+02	0.549	0.5	GO:0055117
445	36	9	2e-05	7e-05	7.109e+02	0.484	0.637	GO:0002711
446	21	6	2e-05	7e-05	2.358e+02	0.578	0.419	GO:0002720
447	24	8	2e-05	7e-05	2.847e+02	0.48	0.355	GO:0009190
448	33	9	2e-05	7e-05	5.802e+02	0.498	0.217	GO:0009620
449	34	11	2e-05	7e-05	5.712e+02	0.466	0.588	GO:0015914
450	24	7	2e-05	7e-05	3.027e+02	0.499	0.424	GO:0030857
451	21	6	2e-05	7e-05	2.358e+02	0.484	0.803	GO:0031016
452	74	28	2e-05	7e-05	2.454e+03	0.535	0.464	GO:0031294
453	35	11	2e-05	7e-05	6.131e+02	0.496	0.528	GO:0042993
454	37	12	2e-05	7e-05	6.740e+02	0.483	0.551	GO:0045071
455	27	7	2e-05	7e-05	3.995e+02	0.481	0.558	GO:0046209
456	30	11	2e-05	7e-05	4.195e+02	0.518	0.466	GO:0050873
457	35	8	2e-05	7e-05	6.939e+02	0.471	0.424	GO:0071174
458	23	6	2e-05	7e-05	2.917e+02	0.503	0.435	GO:0072525
459	40	10	2e-05	6e-05	8.745e+02	0.47	0.587	GO:0006144
460	25	10	2e-05	4e-05	2.798e+02	0.441	0.618	GO:0006378
461	57	20	2e-05	6e-05	1.522e+03	0.547	0.526	GO:0006497
462	37	12	2e-05	6e-05	6.740e+02	0.504	0.524	GO:0014075
463	23	6	2e-05	6e-05	2.917e+02	0.475	0.445	GO:0019098
464	42	15	2e-05	6e-05	8.247e+02	0.553	0.419	GO:0031100
465	34	11	2e-05	4e-05	5.712e+02	0.563	0.458	GO:0032729
466	29	8	2e-05	6e-05	4.484e+02	0.466	0.492	GO:0035337
467	29	6	2e-05	6e-05	4.953e+02	0.475	0.554	GO:0048747
468	22	7	2e-05	6e-05	2.458e+02	0.548	0.477	GO:0090189
469	23	7	2e-05	6e-05	2.737e+02	0.437	0.528	GO:0090207
470	27	10	2e-05	5e-05	3.397e+02	0.445	0.603	GO:0098656
471	34	14	2e-05	5e-05	5.024e+02	0.58	0.597	GO:0002562
472	35	14	2e-05	3e-05	5.413e+02	0.553	0.476	GO:0002712
473	93	34	2e-05	5e-05	3.933e+03	0.554	0.522	GO:0006475
474	22	6	2e-05	5e-05	2.627e+02	0.516	0.561	GO:0006509
475	71	24	2e-05	5e-05	2.395e+03	0.504	0.498	GO:0018105
476	50	16	2e-05	5e-05	1.228e+03	0.501	0.476	GO:0019362
477	37	13	2e-05	5e-05	6.481e+02	0.553	0.487	GO:0022008
478	43	14	2e-05	4e-05	9.045e+02	0.546	0.575	GO:0030516
479	75	28	2e-05	5e-05	2.538e+03	0.561	0.395	GO:0031669
480	23	8	2e-05	5e-05	2.568e+02	0.577	0.313	GO:0032689
481	24	8	2e-05	5e-05	2.847e+02	0.457	0.61	GO:0042474
482	23	9	2e-05	5e-05	2.408e+02	0.633	0.473	GO:0045661
483	38	10	2e-05	5e-05	7.757e+02	0.499	0.663	GO:0048385
484	20	7	2e-05	5e-05	1.948e+02	0.477	0.473	GO:0048477
485	49	19	2e-05	5e-05	1.070e+03	0.556	0.488	GO:0051084
486	25	7	2e-05	5e-05	3.336e+02	0.479	0.696	GO:0051155
487	63	24	2e-05	5e-05	1.777e+03	0.559	0.518	GO:0051781
488	76	28	2e-05	5e-05	2.624e+03	0.538	0.455	GO:0071103
489	37	13	2e-05	5e-05	6.481e+02	0.558	0.362	GO:0071230
490	51	19	2e-05	5e-05	1.184e+03	0.547	0.484	GO:0071383
491	39	12	1e-05	3e-05	7.658e+02	0.514	0.584	GO:0030199
492	32	10	1e-05	3e-05	5.153e+02	0.473	0.44	GO:0042461
493	43	14	1e-05	4e-05	9.045e+02	0.488	0.525	GO:0001910
494	21	9	1e-05	4e-05	1.909e+02	0.61	0.346	GO:0006110
495	24	7	1e-05	4e-05	3.027e+02	0.495	0.666	GO:0006111
496	32	11	1e-05	4e-05	4.924e+02	0.555	0.572	GO:0009948
497	23	9	1e-05	4e-05	2.408e+02	0.595	0.389	GO:0010574
498	35	9	1e-05	4e-05	6.660e+02	0.464	0.385	GO:0017144
499	37	10	1e-05	4e-05	7.289e+02	0.448	0.565	GO:0018210
500	46	16	1e-05	4e-05	1.000e+03	0.511	0.553	GO:0030010
501	20	7	1e-05	4e-05	1.948e+02	0.51	0.399	GO:0030104
502	60	23	1e-05	4e-05	1.608e+03	0.533	0.505	GO:0030183
503	29	9	1e-05	4e-05	4.265e+02	0.519	0.478	GO:0042168
504	22	6	1e-05	4e-05	2.627e+02	0.49	0.445	GO:0044705
505	31	11	1e-05	4e-05	4.555e+02	0.506	0.497	GO:0045124
506	28	6	1e-05	4e-05	4.574e+02	0.438	0.5	GO:0048008
507	38	12	1e-05	4e-05	7.189e+02	0.493	0.444	GO:0050911
508	29	8	1e-05	4e-05	4.484e+02	0.53	0.309	GO:0051496
509	20	7	1e-05	4e-05	1.948e+02	0.556	0.357	GO:0051953
510	46	18	1e-05	4e-05	9.395e+02	0.522	0.558	GO:0055024
511	30	9	1e-05	4e-05	4.624e+02	0.516	0.391	GO:0060135
512	20	5	1e-05	4e-05	2.258e+02	0.432	0.364	GO:0060349
513	82	31	1e-05	4e-05	3.009e+03	0.56	0.493	GO:0060562
514	22	7	1e-05	4e-05	2.458e+02	0.431	0.542	GO:0061337
515	33	11	1e-05	4e-05	5.313e+02	0.54	0.494	GO:0070169
516	27	7	1e-05	4e-05	3.995e+02	0.503	0.425	GO:0070423
517	34	11	1e-05	4e-05	5.712e+02	0.489	0.443	GO:1901983
518	26	5	1e-05	2e-05	4.085e+02	0.41	0.743	GO:0000722
519	94	32	1e-05	2e-05	4.164e+03	0.53	0.519	GO:0000910
520	25	9	1e-05	2e-05	2.967e+02	0.559	0.574	GO:0001659
521	41	13	1e-05	2e-05	8.337e+02	0.538	0.359	GO:0001678
522	39	13	1e-05	2e-05	7.379e+02	0.421	0.477	GO:0001906
523	22	7	1e-05	2e-05	2.458e+02	0.551	0.573	GO:0002090
524	32	11	1e-05	2e-05	4.924e+02	0.486	0.621	GO:0007528
525	23	6	1e-05	2e-05	2.917e+02	0.419	0.604	GO:0009395
526	34	13	1e-05	2e-05	5.244e+02	0.58	0.568	GO:0009755
527	29	8	1e-05	2e-05	4.484e+02	0.486	0.322	GO:0014014
528	20	5	1e-05	2e-05	2.258e+02	0.467	0.393	GO:0016241
529	26	7	1e-05	2e-05	3.656e+02	0.518	0.348	GO:0016339
530	29	8	1e-05	2e-05	4.484e+02	0.479	0.537	GO:0031128
531	96	36	1e-05	2e-05	4.133e+03	0.558	0.416	GO:0031668
532	42	15	1e-05	2e-05	8.247e+02	0.514	0.514	GO:0034644
533	57	18	1e-05	2e-05	1.600e+03	0.506	0.459	GO:0042472
534	21	6	1e-05	2e-05	2.358e+02	0.486	0.547	GO:0043299
535	23	7	1e-05	2e-05	2.737e+02	0.468	0.575	GO:0045930
536	30	10	1e-05	2e-05	4.405e+02	0.488	0.548	GO:0046638
537	27	9	1e-05	2e-05	3.586e+02	0.533	0.566	GO:0048536
538	21	5	1e-05	2e-05	2.528e+02	0.482	0.56	GO:0048665
539	39	15	1e-05	2e-05	6.851e+02	0.559	0.432	GO:0071322
540	34	9	0.0	1e-05	6.221e+02	0.511	0.558	GO:0000003
541	24	5	0.0	1e-05	3.416e+02	0.471	0.578	GO:0003279
542	24	7	0.0	1e-05	3.027e+02	0.506	0.464	GO:0006261
543	34	9	0.0	1e-05	6.221e+02	0.444	0.532	GO:0018107
544	67	23	0.0	1e-05	2.119e+03	0.54	0.513	GO:0030512
545	91	31	0.0	1e-05	3.903e+03	0.555	0.414	GO:0030856
546	27	7	0.0	1e-05	3.995e+02	0.53	0.4	GO:0031111
547	22	5	0.0	1e-05	2.807e+02	0.404	0.743	GO:0032201
548	30	11	0.0	1e-05	4.195e+02	0.612	0.45	GO:0032653
549	23	7	0.0	1e-05	2.737e+02	0.567	0.348	GO:0032731
550	40	14	0.0	1e-05	7.569e+02	0.571	0.48	GO:0035137
551	25	6	0.0	1e-05	3.536e+02	0.477	0.454	GO:0040036
552	40	17	0.0	1e-05	6.791e+02	0.528	0.592	GO:0042345
553	73	25	0.0	1e-05	2.514e+03	0.495	0.623	GO:0042990
554	41	13	0.0	1e-05	8.337e+02	0.532	0.39	GO:0043488
555	30	10	0.0	1e-05	4.405e+02	0.492	0.56	GO:0045104
556	45	13	0.0	1e-05	1.043e+03	0.489	0.516	GO:0045685
557	21	8	0.0	1e-05	2.048e+02	0.539	0.615	GO:0045823
558	59	20	0.0	1e-05	1.657e+03	0.524	0.51	GO:0046634
559	46	17	0.0	1e-05	9.694e+02	0.535	0.539	GO:0048259
560	81	30	0.0	1e-05	2.970e+03	0.554	0.47	GO:0051216
561	72	21	0.0	1e-05	2.630e+03	0.515	0.451	GO:0051437
562	39	12	0.0	1e-05	7.658e+02	0.498	0.527	GO:0060411
563	28	9	0.0	1e-05	3.916e+02	0.502	0.491	GO:0060674
564	32	12	0.0	1e-05	4.705e+02	0.52	0.473	GO:0071277
565	32	11	0.0	1e-05	4.924e+02	0.533	0.575	GO:0090003
566	34	10	0.0	1e-05	5.962e+02	0.522	0.323	GO:1901028