Creation Time:	2023-01-03 12:45:43

INPUT:
File name:	/Users/JasonJia/Desktop/CRFE/Xinglin_insilico/result/real/crfe_v019_b1_real.py
Annotations file:	/Users/JasonJia/Desktop/CRFE/Xinglin_insilico/data/human4/human_anno.txt
Gene file:	/Users/JasonJia/Desktop/CRFE/Xinglin_insilico/data/real/random.txt
lower limit annotations/process:	20
upper limit annotations/process:	200
k (number of perturbed categories):	0 (i.e., each perturbed gene in its own category)
threshold:	0.3
threshold type:	proportion
belief:	1.0
Method:	MCMC with parameter learning with an empty set as initial set
repeats:	10
burnin steps:	25000
MCMC steps:	25000
Maximal value for alpha and beta:	0.5
Maximal possible value for alpha and beta:	0.5
Probability parameter change:	0.2
seed for RNG:	70750154

Initial set of processes:
Empty set

INPUT ANALYSIS:
Total number of processes:	1390
Total number of genes:	5752
Number of perturbed genes:	1726
Proportion perturbed genes:	0.30006954102920724

OUTPUT:
Learnt parameters:
alpha (FPR):	0.30000000000000004
beta (FNR):	0.5
q (penalization parameter):	0.001 (fixed)


Best log-likelihood value (mean +- standard deviation across replicates):	-3515.421080027584 +- 4.547473508864641e-13

Order	#(Annotations)	#(Annotations of perturbed genes)	Mean Posterior Probability	Standard Deviation Posterior Probability	p-value	Average Expression Level	Average position perturbed genes	Term Name
1	72	35	0.06889	0.09687	1.993e+03	0.6	0.414	GO:0070374
2	23	14	0.03188	0.05165	1.718e+02	0.609	0.603	GO:0097028
3	54	25	0.00619	0.01132	1.163e+03	0.549	0.464	GO:0048514
4	20	11	0.00524	0.00669	1.448e+02	0.644	0.49	GO:0030316
5	22	11	0.00468	0.01027	1.877e+02	0.62	0.492	GO:0045620
6	20	11	0.00434	0.0071	1.448e+02	0.649	0.408	GO:0006305
7	31	15	0.00405	0.00762	3.773e+02	0.605	0.383	GO:0016571
8	21	11	0.00396	0.00849	1.658e+02	0.643	0.472	GO:0048710
9	22	11	0.00342	0.00657	1.877e+02	0.626	0.382	GO:0048536
10	23	12	0.00334	0.00507	1.987e+02	0.624	0.392	GO:0035162
11	26	13	0.00318	0.00642	2.606e+02	0.629	0.529	GO:0032648
12	22	12	0.00316	0.0061	1.758e+02	0.614	0.514	GO:0048864
13	32	16	0.00309	0.00537	3.923e+02	0.583	0.441	GO:0071347
14	23	12	0.00298	0.00512	1.987e+02	0.579	0.455	GO:0034446
15	25	12	0.00268	0.00611	2.486e+02	0.591	0.596	GO:0045777
16	21	11	0.00265	0.00397	1.658e+02	0.584	0.442	GO:0034968
17	59	27	0.00262	0.00747	1.397e+03	0.59	0.458	GO:0007565
18	68	30	0.0026	0.00749	1.894e+03	0.566	0.527	GO:0002573
19	35	16	0.00246	0.00465	4.979e+02	0.594	0.497	GO:0008015
20	29	13	0.00216	0.00431	3.483e+02	0.596	0.438	GO:0035019
21	25	12	0.00215	0.00506	2.486e+02	0.599	0.507	GO:0031572
22	23	11	0.00214	0.00395	2.117e+02	0.532	0.487	GO:0046580
23	27	13	0.00204	0.00416	2.885e+02	0.575	0.518	GO:0050853
24	50	23	0.00201	0.00326	1.003e+03	0.557	0.509	GO:2000648
25	20	10	0.00188	0.00408	1.558e+02	0.597	0.51	GO:0007616
26	36	16	0.00164	0.0041	5.358e+02	0.519	0.559	GO:0048844
27	42	19	0.00155	0.00214	7.181e+02	0.593	0.532	GO:0035872
28	20	9	0.00148	0.00332	1.678e+02	0.568	0.482	GO:0008089
29	25	12	0.00144	0.00307	2.486e+02	0.567	0.498	GO:0045103
30	20	10	0.00144	0.00288	1.558e+02	0.598	0.493	GO:0046365
31	21	10	0.00142	0.00372	1.778e+02	0.6	0.524	GO:0022029
32	23	10	0.00141	0.00338	2.256e+02	0.567	0.487	GO:0031057
33	36	17	0.00132	0.00315	5.149e+02	0.566	0.322	GO:0010332
34	25	11	0.00129	0.00224	2.636e+02	0.562	0.49	GO:0008361
35	22	10	0.00124	0.0022	2.007e+02	0.575	0.444	GO:0035329
36	21	10	0.0012	0.0032	1.778e+02	0.565	0.377	GO:0006904
37	26	13	0.0012	0.0025	2.606e+02	0.65	0.385	GO:0044728
38	42	19	0.00111	0.00211	7.181e+02	0.568	0.43	GO:0006479
39	27	12	0.0011	0.00187	3.045e+02	0.601	0.414	GO:0030101
40	25	11	0.00108	0.00208	2.636e+02	0.512	0.558	GO:0045933
41	27	12	0.00102	0.00205	3.045e+02	0.615	0.576	GO:0014823
42	28	13	0.00102	0.00176	3.174e+02	0.592	0.55	GO:0032006
43	29	13	0.00101	0.00284	3.483e+02	0.539	0.468	GO:0035065
44	20	9	0.001	0.00227	1.678e+02	0.58	0.681	GO:0008045
45	28	12	0.00096	0.00193	3.344e+02	0.556	0.69	GO:0061351
46	20	9	0.00094	0.00274	1.678e+02	0.584	0.306	GO:0000083
47	38	17	0.00092	0.00188	5.936e+02	0.598	0.45	GO:0006304
48	32	13	0.0009	0.00191	4.490e+02	0.532	0.448	GO:0002053
49	25	12	0.00089	0.00268	2.486e+02	0.612	0.353	GO:0032392
50	25	11	0.00089	0.0016	2.636e+02	0.584	0.456	GO:1903309
51	20	8	0.00088	0.00185	1.807e+02	0.589	0.348	GO:0046470
52	24	11	0.00085	0.00155	2.366e+02	0.569	0.548	GO:0021885
53	31	14	0.00081	0.00117	3.952e+02	0.569	0.67	GO:0006027
54	31	14	0.00081	0.00167	3.952e+02	0.553	0.472	GO:2000756
55	32	14	0.00079	0.00215	4.291e+02	0.559	0.67	GO:0006026
56	41	19	0.00078	0.00189	6.743e+02	0.556	0.588	GO:0007519
57	26	11	0.00075	0.00204	2.915e+02	0.6	0.433	GO:0010043
58	54	24	0.00074	0.00134	1.194e+03	0.546	0.555	GO:0001570
59	22	10	0.00074	0.00189	2.007e+02	0.577	0.613	GO:0032228
60	20	9	0.00074	0.00186	1.678e+02	0.587	0.605	GO:2000677
61	37	16	0.00068	0.00122	5.756e+02	0.557	0.393	GO:0002244
62	49	21	0.00065	0.00106	1.008e+03	0.544	0.447	GO:1903046
63	31	14	0.00064	0.00163	3.952e+02	0.553	0.472	GO:1901983
64	29	13	0.00062	0.00106	3.483e+02	0.6	0.479	GO:0006333
65	45	19	0.00061	0.00121	8.594e+02	0.557	0.411	GO:0009306
66	33	14	0.00058	0.0017	4.650e+02	0.528	0.556	GO:0008088
67	28	11	0.00055	0.00166	3.523e+02	0.58	0.384	GO:2000107
68	22	9	0.00055	0.00138	2.147e+02	0.553	0.477	GO:0060444
69	20	9	0.00054	0.0015	1.678e+02	0.521	0.596	GO:0045987
70	25	12	0.00053	0.00116	2.486e+02	0.612	0.353	GO:0032508
71	34	13	0.0005	0.00108	5.237e+02	0.487	0.463	GO:0006879
72	27	12	0.0005	0.00097	3.045e+02	0.583	0.449	GO:0070423
73	20	10	0.0005	0.001	1.558e+02	0.527	0.618	GO:0001958
74	24	11	0.00049	0.00097	2.366e+02	0.556	0.493	GO:0045104
75	53	22	0.00047	0.00129	1.200e+03	0.572	0.494	GO:0007254
76	20	8	0.00046	0.00089	1.807e+02	0.597	0.43	GO:0002828
77	23	10	0.00046	0.00138	2.256e+02	0.558	0.377	GO:0048278
78	32	14	0.00046	0.00099	4.291e+02	0.51	0.57	GO:0043618
79	20	10	0.00045	0.00079	1.558e+02	0.611	0.584	GO:0048701
80	23	10	0.00045	0.0009	2.256e+02	0.573	0.425	GO:0060135
81	22	9	0.00045	0.0009	2.147e+02	0.565	0.562	GO:0048008
82	58	24	0.00045	0.00134	1.436e+03	0.528	0.482	GO:0071482
83	40	16	0.00044	0.00101	7.030e+02	0.56	0.342	GO:0008637
84	20	8	0.00042	0.00077	1.807e+02	0.57	0.471	GO:0050663
85	23	11	0.00042	0.00097	2.117e+02	0.536	0.547	GO:0030901
86	30	12	0.00042	0.00112	3.992e+02	0.551	0.484	GO:0042044
87	40	16	0.0004	0.00085	7.030e+02	0.52	0.399	GO:0030521
88	71	29	0.0004	0.00078	2.161e+03	0.559	0.453	GO:0034134
89	23	7	0.0004	0.00079	2.735e+02	0.493	0.539	GO:0048747
90	24	11	0.00039	0.00083	2.366e+02	0.609	0.504	GO:0045058
91	27	11	0.00039	0.00092	3.214e+02	0.573	0.512	GO:0001906
92	36	14	0.00038	0.0009	5.805e+02	0.513	0.544	GO:0031058
93	50	22	0.00038	0.00083	1.032e+03	0.557	0.509	GO:0046330
94	26	10	0.00038	0.00077	3.084e+02	0.511	0.42	GO:0051893
95	47	19	0.00038	0.0008	9.609e+02	0.56	0.578	GO:0001816
96	51	21	0.00037	0.00087	1.117e+03	0.547	0.467	GO:0000077
97	33	13	0.00037	0.00097	4.859e+02	0.525	0.677	GO:0021987
98	20	8	0.00036	0.00076	1.807e+02	0.562	0.474	GO:0033003
99	54	22	0.00036	0.00108	1.258e+03	0.557	0.453	GO:0002687
100	43	18	0.00035	0.00088	7.897e+02	0.563	0.517	GO:0048863
101	23	9	0.00034	0.00087	2.406e+02	0.519	0.257	GO:0043489
102	31	13	0.00034	0.00056	4.141e+02	0.594	0.311	GO:0045668
103	29	10	0.00034	0.00101	4.051e+02	0.397	0.629	GO:0008156
104	74	30	0.00034	0.00102	2.355e+03	0.544	0.484	GO:0002504
105	48	19	0.00034	0.00101	1.014e+03	0.559	0.494	GO:0002698
106	23	10	0.00034	0.00075	2.256e+02	0.533	0.48	GO:0071622
107	38	14	0.00033	0.00066	6.651e+02	0.5	0.539	GO:0048814
108	23	10	0.00032	0.00046	2.256e+02	0.55	0.484	GO:0060397
109	22	9	0.00031	0.00063	2.147e+02	0.536	0.618	GO:0035567
110	46	20	0.00031	0.00081	8.814e+02	0.583	0.507	GO:0008306
111	27	10	0.00031	0.00094	3.393e+02	0.519	0.542	GO:0035637
112	27	11	0.0003	0.00091	3.214e+02	0.54	0.439	GO:0040018
113	24	11	0.0003	0.0009	2.366e+02	0.537	0.553	GO:0046579
114	37	15	0.0003	0.00063	5.985e+02	0.534	0.554	GO:0007249
115	24	11	0.00029	0.00088	2.366e+02	0.529	0.487	GO:0051058
116	37	14	0.00029	0.00079	6.223e+02	0.522	0.409	GO:0001657
117	26	10	0.00029	0.00052	3.084e+02	0.491	0.457	GO:0003156
118	30	11	0.00029	0.00084	4.191e+02	0.525	0.589	GO:0071377
119	20	7	0.00029	0.00067	1.947e+02	0.518	0.509	GO:0086002
120	28	11	0.00028	0.00084	3.523e+02	0.553	0.451	GO:0006626
121	21	8	0.00028	0.00081	2.047e+02	0.55	0.578	GO:0070534
122	25	9	0.00028	0.00055	2.964e+02	0.475	0.539	GO:0001890
123	26	10	0.00027	0.00065	3.084e+02	0.577	0.355	GO:0051282
124	22	9	0.00027	0.00054	2.147e+02	0.603	0.445	GO:0001914
125	29	10	0.00027	0.0006	4.051e+02	0.475	0.526	GO:0006497
126	26	9	0.00027	0.00065	3.263e+02	0.561	0.609	GO:0046638
127	34	14	0.00027	0.00046	5.018e+02	0.555	0.469	GO:0050709
128	21	9	0.00026	0.00046	1.907e+02	0.542	0.403	GO:0006270
129	21	7	0.00026	0.00058	2.196e+02	0.519	0.56	GO:0061337
130	20	8	0.00026	0.00044	1.807e+02	0.576	0.493	GO:0071353
131	41	17	0.00026	0.0005	7.230e+02	0.57	0.324	GO:0046165
132	28	10	0.00026	0.00052	3.712e+02	0.487	0.57	GO:0072384
133	20	9	0.00026	0.00077	1.678e+02	0.523	0.471	GO:1903018
134	30	12	0.00026	0.00051	3.992e+02	0.579	0.449	GO:0002753
135	20	8	0.00026	0.00067	1.807e+02	0.636	0.413	GO:0045687
136	64	26	0.00025	0.00058	1.764e+03	0.525	0.558	GO:0035023
137	24	8	0.00024	0.00073	2.845e+02	0.478	0.407	GO:0021954
138	29	11	0.00024	0.00043	3.852e+02	0.603	0.401	GO:0014015
139	62	26	0.00024	0.00043	1.626e+03	0.532	0.517	GO:0072091
140	22	8	0.00023	0.00061	2.296e+02	0.562	0.502	GO:0014072
141	21	7	0.00023	0.0007	2.196e+02	0.562	0.555	GO:0035115
142	37	14	0.00022	0.00065	6.223e+02	0.509	0.544	GO:1903310
143	23	8	0.00022	0.00061	2.565e+02	0.555	0.624	GO:0006687
144	26	11	0.00022	0.00065	2.915e+02	0.592	0.487	GO:0006833
145	25	10	0.00022	0.00065	2.795e+02	0.6	0.296	GO:0050732
146	20	8	0.00022	0.00046	1.807e+02	0.512	0.679	GO:0050856
147	23	9	0.00021	0.00046	2.406e+02	0.613	0.406	GO:0010453
148	28	11	0.00021	0.00046	3.523e+02	0.538	0.575	GO:0001944
149	43	17	0.00021	0.00064	8.166e+02	0.557	0.434	GO:0045833
150	21	8	0.00021	0.0005	2.047e+02	0.517	0.516	GO:0060343
151	23	9	0.00021	0.0006	2.406e+02	0.525	0.537	GO:0006801
152	27	10	0.00021	0.00048	3.393e+02	0.525	0.584	GO:0019395
153	31	13	0.0002	0.0004	4.141e+02	0.552	0.515	GO:0009187
154	27	10	0.0002	0.00041	3.393e+02	0.567	0.453	GO:0019362
155	41	16	0.0002	0.00046	7.488e+02	0.508	0.401	GO:0055072
156	36	14	0.0002	0.00038	5.805e+02	0.602	0.376	GO:0001910
157	29	11	0.0002	0.00041	3.852e+02	0.55	0.451	GO:0072655
158	20	8	0.00019	0.00058	1.807e+02	0.6	0.499	GO:0044705
159	26	9	0.00019	0.00051	3.263e+02	0.55	0.455	GO:0007528
160	25	10	0.00019	0.00056	2.795e+02	0.546	0.473	GO:0008038
161	34	13	0.00018	0.00044	5.237e+02	0.547	0.443	GO:0006767
162	55	22	0.00017	0.0005	1.319e+03	0.535	0.469	GO:0031570
163	31	13	0.00017	0.00039	4.141e+02	0.549	0.527	GO:0032722
164	22	9	0.00017	0.0005	2.147e+02	0.528	0.495	GO:0043534
165	26	9	0.00016	0.00048	3.263e+02	0.523	0.492	GO:0006997
166	72	28	0.00016	0.00038	2.284e+03	0.58	0.442	GO:0031668
167	32	13	0.00016	0.00032	4.490e+02	0.56	0.43	GO:0060411
168	33	11	0.00016	0.00034	5.306e+02	0.543	0.45	GO:0034754
169	26	9	0.00016	0.00044	3.263e+02	0.549	0.523	GO:0001975
170	33	12	0.00016	0.00047	5.077e+02	0.461	0.605	GO:0032024
171	69	29	0.00016	0.00036	2.008e+03	0.571	0.453	GO:0038123
172	23	9	0.00016	0.00029	2.406e+02	0.528	0.446	GO:0043124
173	42	16	0.00016	0.00034	7.956e+02	0.512	0.529	GO:2001252
174	40	14	0.00015	0.00046	7.557e+02	0.519	0.506	GO:0010822
175	27	10	0.00015	0.0003	3.393e+02	0.562	0.436	GO:0000724
176	36	14	0.00015	0.00032	5.805e+02	0.504	0.475	GO:0010464
177	37	15	0.00014	0.00025	5.985e+02	0.589	0.524	GO:0002709
178	21	9	0.00014	0.00026	1.907e+02	0.532	0.343	GO:0048147
179	63	27	0.00014	0.00032	1.657e+03	0.591	0.459	GO:0034146
180	37	15	0.00014	0.00039	5.985e+02	0.547	0.494	GO:0000041
181	30	10	0.00014	0.0003	4.400e+02	0.526	0.369	GO:0006096
182	20	7	0.00014	0.00039	1.947e+02	0.516	0.61	GO:0014065
183	21	8	0.00014	0.00033	2.047e+02	0.602	0.499	GO:0019098
184	26	10	0.00014	0.00036	3.084e+02	0.543	0.416	GO:0019369
185	23	9	0.00014	0.00042	2.406e+02	0.564	0.44	GO:0070670
186	31	13	0.00014	0.00025	4.141e+02	0.527	0.381	GO:1901888
187	22	7	0.00014	0.00027	2.456e+02	0.526	0.413	GO:0034405
188	20	7	0.00014	0.00027	1.947e+02	0.529	0.203	GO:0042180
189	31	11	0.00014	0.00041	4.549e+02	0.531	0.377	GO:0045682
190	25	10	0.00013	0.0004	2.795e+02	0.553	0.633	GO:0001942
191	26	10	0.00013	0.00024	3.084e+02	0.546	0.405	GO:0006826
192	20	8	0.00013	0.0004	1.807e+02	0.558	0.407	GO:0009190
193	34	14	0.00013	0.00032	5.018e+02	0.553	0.298	GO:0043488
194	33	11	0.00013	0.0004	5.306e+02	0.473	0.574	GO:0051492
195	23	8	0.00013	0.0004	2.565e+02	0.57	0.577	GO:0061098
196	49	16	0.00013	0.00038	1.167e+03	0.497	0.518	GO:0006721
197	39	14	0.00013	0.00029	7.099e+02	0.54	0.594	GO:0031032
198	35	12	0.00013	0.00035	5.874e+02	0.491	0.47	GO:0042384
199	20	8	0.00013	0.00029	1.807e+02	0.568	0.431	GO:0045814
200	26	10	0.00013	0.00032	3.084e+02	0.543	0.373	GO:0051055
201	74	28	0.00013	0.00038	2.447e+03	0.538	0.458	GO:0051250
202	58	23	0.00013	0.00022	1.472e+03	0.534	0.498	GO:0070304
203	25	9	0.00013	0.00031	2.964e+02	0.517	0.456	GO:0014014
204	21	8	0.00013	0.00019	2.047e+02	0.538	0.572	GO:0045823
205	25	10	0.00012	0.0003	2.795e+02	0.534	0.392	GO:0046825
206	73	29	0.00012	0.00036	2.319e+03	0.535	0.455	GO:0019827
207	33	12	0.00012	0.00036	5.077e+02	0.558	0.342	GO:0060402
208	37	13	0.00012	0.00032	6.472e+02	0.527	0.668	GO:0006664
209	35	13	0.00012	0.00035	5.636e+02	0.544	0.351	GO:0007159
210	25	9	0.00012	0.00024	2.964e+02	0.499	0.486	GO:0007628
211	20	7	0.00012	0.00035	1.947e+02	0.556	0.542	GO:0032459
212	30	13	0.00012	0.00035	3.802e+02	0.545	0.381	GO:0034644
213	22	7	0.00012	0.00035	2.456e+02	0.531	0.429	GO:0046676
214	37	13	0.00012	0.00032	6.472e+02	0.502	0.552	GO:0051258
215	21	7	0.00012	0.00021	2.196e+02	0.51	0.509	GO:0086001
216	24	10	0.00011	0.00023	2.516e+02	0.556	0.425	GO:0008625
217	27	12	0.00011	0.00023	3.045e+02	0.524	0.513	GO:0051057
218	28	7	0.00011	0.00034	4.339e+02	0.453	0.476	GO:0045168
219	31	8	0.00011	0.00034	5.235e+02	0.46	0.52	GO:0046631
220	29	12	0.00011	0.00032	3.663e+02	0.554	0.566	GO:0007286
221	64	23	0.00011	0.00022	1.886e+03	0.505	0.56	GO:0030705
222	40	15	0.00011	0.00022	7.289e+02	0.479	0.523	GO:0048661
223	21	8	0.00011	0.00032	2.047e+02	0.513	0.485	GO:0050710
224	31	12	0.0001	0.00026	4.340e+02	0.518	0.591	GO:0008589
225	33	13	0.0001	0.0003	4.859e+02	0.555	0.433	GO:0042098
226	24	7	0.0001	0.00025	3.024e+02	0.488	0.403	GO:0060740
227	22	8	0.0001	0.00031	2.296e+02	0.521	0.557	GO:0048871
228	74	30	0.0001	0.0002	2.355e+03	0.544	0.484	GO:0002495
229	42	16	0.0001	0.0002	7.956e+02	0.512	0.582	GO:0006940
230	55	19	0.0001	0.0003	1.426e+03	0.514	0.51	GO:0010821
231	67	25	0.0001	0.0003	2.025e+03	0.531	0.493	GO:0022617
232	26	10	0.0001	0.00029	3.084e+02	0.597	0.417	GO:0000387
233	23	8	0.0001	0.00029	2.565e+02	0.523	0.538	GO:0061178
234	23	8	9e-05	0.00028	2.565e+02	0.506	0.407	GO:0006323
235	40	13	9e-05	0.00028	7.835e+02	0.513	0.577	GO:0007189
236	50	21	9e-05	0.00015	1.061e+03	0.538	0.383	GO:0070555
237	38	14	9e-05	0.00026	6.651e+02	0.517	0.436	GO:0001776
238	22	6	9e-05	0.00026	2.625e+02	0.493	0.388	GO:0032873
239	21	8	9e-05	0.00025	2.047e+02	0.546	0.659	GO:0044062
240	44	16	9e-05	0.00026	8.941e+02	0.505	0.449	GO:0046916
241	24	8	9e-05	0.00026	2.845e+02	0.515	0.316	GO:0050869
242	20	6	9e-05	0.0002	2.096e+02	0.479	0.424	GO:0055013
243	28	9	8e-05	0.0002	3.911e+02	0.544	0.403	GO:0007595
244	74	30	8e-05	0.00021	2.355e+03	0.544	0.484	GO:0019886
245	59	22	8e-05	0.00017	1.575e+03	0.554	0.422	GO:0042102
246	25	9	8e-05	0.00025	2.964e+02	0.516	0.531	GO:0090199
247	59	22	8e-05	0.00017	1.575e+03	0.542	0.424	GO:2000117
248	26	9	8e-05	0.00018	3.263e+02	0.505	0.458	GO:0001954
249	35	12	8e-05	0.00021	5.874e+02	0.474	0.476	GO:0007044
250	69	27	8e-05	0.00024	2.092e+03	0.573	0.461	GO:0034162
251	25	9	8e-05	0.00021	2.964e+02	0.547	0.377	GO:0042439
252	32	13	8e-05	0.00018	4.490e+02	0.553	0.591	GO:0008542
253	74	28	8e-05	0.00023	2.447e+03	0.543	0.467	GO:0002685
254	23	5	8e-05	0.00023	3.103e+02	0.42	0.576	GO:0060330
255	57	20	8e-05	0.00023	1.519e+03	0.535	0.503	GO:2001242
256	27	9	8e-05	0.00018	3.582e+02	0.504	0.488	GO:0003007
257	24	9	7e-05	0.00022	2.675e+02	0.529	0.479	GO:0006890
258	56	21	7e-05	0.00022	1.416e+03	0.524	0.438	GO:0009791
259	63	26	7e-05	0.00022	1.695e+03	0.551	0.473	GO:0048872
260	22	7	7e-05	0.00022	2.456e+02	0.498	0.412	GO:0051602
261	33	9	7e-05	0.00015	5.793e+02	0.469	0.433	GO:0055092
262	33	12	7e-05	0.00022	5.077e+02	0.558	0.342	GO:0060401
263	24	9	7e-05	0.00016	2.675e+02	0.551	0.574	GO:2001244
264	56	20	7e-05	0.0002	1.453e+03	0.533	0.651	GO:0001843
265	21	6	7e-05	0.0002	2.356e+02	0.52	0.325	GO:0006749
266	23	8	7e-05	0.0002	2.565e+02	0.531	0.515	GO:0033209
267	31	10	7e-05	0.00014	4.768e+02	0.467	0.552	GO:0045921
268	24	9	7e-05	0.0002	2.675e+02	0.493	0.581	GO:0051496
269	22	7	7e-05	0.0002	2.456e+02	0.523	0.622	GO:0051865
270	36	14	6e-05	0.00019	5.805e+02	0.537	0.545	GO:0003143
271	29	8	6e-05	0.00015	4.479e+02	0.475	0.601	GO:0030837
272	26	10	6e-05	0.00018	3.084e+02	0.579	0.555	GO:0035176
273	43	13	6e-05	0.00014	9.337e+02	0.516	0.521	GO:0001708
274	49	20	6e-05	0.0001	1.038e+03	0.55	0.458	GO:0007569
275	21	7	6e-05	0.00012	2.196e+02	0.511	0.541	GO:0051385
276	29	9	6e-05	0.00018	4.260e+02	0.488	0.476	GO:0007257
277	28	8	6e-05	0.00016	4.120e+02	0.431	0.595	GO:0043388
278	21	7	6e-05	0.00018	2.196e+02	0.443	0.76	GO:1902692
279	34	13	6e-05	0.00018	5.237e+02	0.536	0.521	GO:2001251
280	27	10	6e-05	0.00011	3.393e+02	0.562	0.436	GO:0000725
281	40	14	6e-05	0.00017	7.557e+02	0.517	0.519	GO:0001649
282	30	11	6e-05	0.00017	4.191e+02	0.528	0.414	GO:0022406
283	79	29	6e-05	0.00017	2.831e+03	0.526	0.457	GO:0034284
284	24	7	6e-05	0.00017	3.024e+02	0.478	0.378	GO:0042446
285	29	11	6e-05	0.00016	3.852e+02	0.562	0.331	GO:0071479
286	22	7	5e-05	0.00012	2.456e+02	0.542	0.501	GO:0010226
287	23	6	5e-05	0.00012	2.914e+02	0.526	0.568	GO:0030004
288	47	16	5e-05	0.00012	1.053e+03	0.487	0.573	GO:0031330
289	44	15	5e-05	0.00012	9.239e+02	0.473	0.462	GO:0045744
290	22	8	5e-05	0.00013	2.296e+02	0.542	0.558	GO:0048169
291	36	12	5e-05	0.00011	6.292e+02	0.516	0.485	GO:0072089
292	31	11	5e-05	0.00016	4.549e+02	0.478	0.454	GO:0001656
293	28	10	5e-05	0.00016	3.712e+02	0.524	0.48	GO:0007566
294	23	7	5e-05	0.00016	2.735e+02	0.475	0.592	GO:0030809
295	35	12	5e-05	0.00016	5.874e+02	0.561	0.463	GO:0043392
296	22	6	5e-05	0.00016	2.625e+02	0.487	0.645	GO:0043462
297	75	29	5e-05	0.00016	2.484e+03	0.535	0.446	GO:1902275
298	30	11	5e-05	0.0001	4.191e+02	0.581	0.376	GO:0001912
299	39	12	5e-05	0.00013	7.646e+02	0.518	0.608	GO:0007193
300	29	10	5e-05	0.00014	4.051e+02	0.529	0.481	GO:0010770
301	27	9	5e-05	0.0001	3.582e+02	0.491	0.694	GO:0015908
302	26	8	5e-05	0.00014	3.453e+02	0.474	0.401	GO:0030279
303	21	8	5e-05	0.00011	2.047e+02	0.528	0.456	GO:1902115
304	30	10	4e-05	0.00013	4.400e+02	0.526	0.55	GO:0001947
305	32	12	4e-05	0.00013	4.699e+02	0.534	0.423	GO:0002260
306	38	14	4e-05	0.00013	6.651e+02	0.545	0.576	GO:0002449
307	21	4	4e-05	0.00013	2.704e+02	0.397	0.397	GO:0007052
308	87	34	4e-05	0.00013	3.314e+03	0.564	0.48	GO:0031098
309	38	14	4e-05	0.00013	6.651e+02	0.585	0.376	GO:0031341
310	28	8	4e-05	9e-05	4.120e+02	0.538	0.604	GO:0035136
311	37	11	4e-05	0.00013	6.998e+02	0.48	0.513	GO:0045428
312	26	9	4e-05	9e-05	3.263e+02	0.58	0.525	GO:0045454
313	34	9	4e-05	0.00013	6.211e+02	0.482	0.682	GO:0045861
314	24	7	4e-05	0.0001	3.024e+02	0.504	0.592	GO:0046456
315	25	6	4e-05	0.00013	3.532e+02	0.439	0.667	GO:0046632
316	32	9	4e-05	0.00013	5.385e+02	0.466	0.453	GO:0050764
317	55	21	4e-05	0.00011	1.354e+03	0.552	0.396	GO:0071103
318	26	6	4e-05	0.00013	3.861e+02	0.466	0.366	GO:0090218
319	27	8	4e-05	0.00013	3.781e+02	0.516	0.442	GO:1901796
320	30	11	4e-05	0.00012	4.191e+02	0.569	0.523	GO:0002711
321	42	16	4e-05	0.00011	7.956e+02	0.53	0.458	GO:0006968
322	25	6	4e-05	0.00012	3.532e+02	0.501	0.44	GO:0007094
323	60	23	4e-05	8e-05	1.604e+03	0.55	0.44	GO:0008584
324	59	19	4e-05	0.00012	1.694e+03	0.47	0.618	GO:0030810
325	42	14	4e-05	0.00012	8.522e+02	0.53	0.516	GO:0032655
326	24	7	4e-05	0.00012	3.024e+02	0.472	0.575	GO:0034504
327	22	6	4e-05	0.00012	2.625e+02	0.439	0.532	GO:0044058
328	57	20	4e-05	8e-05	1.519e+03	0.497	0.453	GO:0050673
329	22	8	4e-05	0.00012	2.296e+02	0.515	0.415	GO:0060674
330	28	7	4e-05	0.00012	4.339e+02	0.506	0.505	GO:0071174
331	24	8	4e-05	7e-05	2.845e+02	0.517	0.511	GO:0090003
332	21	5	4e-05	0.00011	2.525e+02	0.43	0.606	GO:0000289
333	28	8	4e-05	0.00011	4.120e+02	0.504	0.384	GO:0030199
334	25	9	4e-05	7e-05	2.964e+02	0.573	0.446	GO:0032410
335	52	18	4e-05	0.00011	1.275e+03	0.472	0.466	GO:0034332
336	31	11	4e-05	0.00011	4.549e+02	0.505	0.422	GO:0038032
337	21	8	4e-05	5e-05	2.047e+02	0.555	0.59	GO:0044273
338	25	8	4e-05	0.00011	3.144e+02	0.494	0.397	GO:0046686
339	20	4	4e-05	0.00011	2.425e+02	0.41	0.58	GO:0051155
340	23	7	4e-05	0.00011	2.735e+02	0.502	0.499	GO:0055007
341	25	6	4e-05	0.00011	3.532e+02	0.501	0.44	GO:0071173
342	35	13	4e-05	0.00011	5.636e+02	0.545	0.417	GO:2001243
343	48	16	4e-05	8e-05	1.109e+03	0.533	0.473	GO:0007202
344	35	14	4e-05	8e-05	5.407e+02	0.554	0.298	GO:0043487
345	43	14	3e-05	0.0001	9.029e+02	0.531	0.445	GO:0002824
346	64	21	3e-05	0.0001	1.972e+03	0.543	0.472	GO:0010518
347	63	23	3e-05	7e-05	1.814e+03	0.518	0.547	GO:0014706
348	33	11	3e-05	0.0001	5.306e+02	0.503	0.422	GO:0023021
349	40	13	3e-05	0.0001	7.835e+02	0.522	0.358	GO:0030216
350	32	11	3e-05	0.0001	4.918e+02	0.562	0.376	GO:0031343
351	27	6	3e-05	0.0001	4.209e+02	0.473	0.588	GO:0034121
352	20	4	3e-05	0.0001	2.425e+02	0.426	0.74	GO:0042755
353	25	8	3e-05	7e-05	3.144e+02	0.47	0.555	GO:0043491
354	33	10	3e-05	0.0001	5.545e+02	0.44	0.503	GO:0043966
355	24	8	3e-05	0.0001	2.845e+02	0.54	0.547	GO:0046928
356	22	5	3e-05	0.0001	2.804e+02	0.414	0.566	GO:0050873
357	29	10	3e-05	0.0001	4.051e+02	0.492	0.556	GO:0070936
358	29	10	3e-05	0.0001	4.051e+02	0.527	0.433	GO:1901019
359	26	9	3e-05	0.0001	3.263e+02	0.567	0.526	GO:2001021
360	25	8	3e-05	7e-05	3.144e+02	0.469	0.622	GO:0007041
361	21	6	3e-05	6e-05	2.356e+02	0.496	0.524	GO:0030835
362	25	8	3e-05	8e-05	3.144e+02	0.473	0.477	GO:0001569
363	46	18	3e-05	8e-05	9.380e+02	0.541	0.471	GO:0001938
364	35	11	3e-05	8e-05	6.123e+02	0.487	0.436	GO:0002920
365	43	13	3e-05	8e-05	9.337e+02	0.462	0.607	GO:0007266
366	25	6	3e-05	8e-05	3.532e+02	0.501	0.396	GO:0010743
367	42	15	3e-05	8e-05	8.234e+02	0.505	0.538	GO:0016101
368	20	6	3e-05	8e-05	2.096e+02	0.539	0.578	GO:0019724
369	30	8	3e-05	8e-05	4.847e+02	0.512	0.446	GO:0031577
370	50	19	3e-05	8e-05	1.124e+03	0.532	0.533	GO:0032321
371	66	24	3e-05	8e-05	1.992e+03	0.523	0.506	GO:0033365
372	21	6	3e-05	8e-05	2.356e+02	0.557	0.357	GO:0044743
373	21	6	3e-05	8e-05	2.356e+02	0.496	0.524	GO:0051693
374	22	7	3e-05	8e-05	2.456e+02	0.481	0.484	GO:0055006
375	47	16	3e-05	8e-05	1.053e+03	0.518	0.38	GO:0060415
376	28	7	3e-05	8e-05	4.339e+02	0.473	0.525	GO:0071326
377	26	7	3e-05	8e-05	3.652e+02	0.491	0.525	GO:0071333
378	43	15	3e-05	8e-05	8.732e+02	0.501	0.436	GO:0072163
379	27	9	2e-05	5e-05	3.582e+02	0.511	0.641	GO:0007585
380	21	6	2e-05	5e-05	2.356e+02	0.508	0.722	GO:0016266
381	20	7	2e-05	5e-05	1.947e+02	0.567	0.373	GO:0001892
382	32	9	2e-05	7e-05	5.385e+02	0.491	0.526	GO:0002637
383	34	10	2e-05	7e-05	5.953e+02	0.535	0.369	GO:0002763
384	40	10	2e-05	7e-05	8.729e+02	0.459	0.492	GO:0009880
385	20	7	2e-05	5e-05	1.947e+02	0.523	0.467	GO:0009948
386	54	20	2e-05	6e-05	1.327e+03	0.571	0.438	GO:0014013
387	29	9	2e-05	5e-05	4.260e+02	0.533	0.618	GO:0015698
388	65	23	2e-05	7e-05	1.961e+03	0.506	0.462	GO:0018393
389	37	12	2e-05	7e-05	6.730e+02	0.474	0.548	GO:0032231
390	24	8	2e-05	5e-05	2.845e+02	0.555	0.579	GO:0034109
391	37	13	2e-05	7e-05	6.472e+02	0.527	0.387	GO:0046364
392	30	9	2e-05	7e-05	4.618e+02	0.493	0.444	GO:0046850
393	23	8	2e-05	6e-05	2.565e+02	0.507	0.493	GO:0050766
394	34	11	2e-05	7e-05	5.705e+02	0.525	0.513	GO:0060420
395	29	9	2e-05	5e-05	4.260e+02	0.486	0.62	GO:0071277
396	32	8	2e-05	7e-05	5.634e+02	0.456	0.498	GO:1901028
397	71	27	2e-05	7e-05	2.249e+03	0.537	0.438	GO:1903308
398	49	15	2e-05	6e-05	1.201e+03	0.514	0.439	GO:0006090
399	29	9	2e-05	6e-05	4.260e+02	0.504	0.374	GO:0006094
400	22	5	2e-05	6e-05	2.804e+02	0.492	0.409	GO:0006309
401	24	8	2e-05	6e-05	2.845e+02	0.555	0.442	GO:0006891
402	50	15	2e-05	6e-05	1.261e+03	0.465	0.529	GO:0010811
403	27	7	2e-05	6e-05	3.990e+02	0.514	0.365	GO:0010923
404	32	10	2e-05	6e-05	5.147e+02	0.543	0.513	GO:0014075
405	48	16	2e-05	6e-05	1.109e+03	0.478	0.551	GO:0030500
406	55	17	2e-05	6e-05	1.502e+03	0.508	0.43	GO:0030512
407	37	13	2e-05	6e-05	6.472e+02	0.558	0.429	GO:0032677
408	25	10	2e-05	6e-05	2.795e+02	0.591	0.512	GO:0033619
409	20	7	2e-05	6e-05	1.947e+02	0.536	0.45	GO:0042107
410	21	6	2e-05	6e-05	2.356e+02	0.491	0.535	GO:0042481
411	30	9	2e-05	6e-05	4.618e+02	0.466	0.457	GO:0043967
412	24	6	2e-05	6e-05	3.213e+02	0.4	0.618	GO:0044246
413	20	6	2e-05	6e-05	2.096e+02	0.544	0.405	GO:0045622
414	39	15	2e-05	6e-05	6.841e+02	0.582	0.492	GO:0045685
415	20	7	2e-05	6e-05	1.947e+02	0.554	0.438	GO:0045739
416	36	10	2e-05	6e-05	6.819e+02	0.456	0.591	GO:0051297
417	36	12	2e-05	6e-05	6.292e+02	0.544	0.401	GO:0055117
418	44	15	2e-05	4e-05	9.239e+02	0.493	0.433	GO:0060688
419	20	6	2e-05	6e-05	2.096e+02	0.558	0.299	GO:0060998
420	24	9	2e-05	6e-05	2.675e+02	0.492	0.597	GO:0061418
421	24	9	2e-05	6e-05	2.675e+02	0.5	0.58	GO:2000243
422	35	12	2e-05	5e-05	5.874e+02	0.557	0.477	GO:0001678
423	23	8	2e-05	5e-05	2.565e+02	0.543	0.287	GO:0001836
424	21	7	2e-05	4e-05	2.196e+02	0.508	0.664	GO:0002702
425	36	14	2e-05	5e-05	5.805e+02	0.512	0.511	GO:0002718
426	43	15	2e-05	5e-05	8.732e+02	0.452	0.587	GO:0002793
427	23	5	2e-05	5e-05	3.103e+02	0.377	0.547	GO:0006360
428	32	10	2e-05	5e-05	5.147e+02	0.557	0.523	GO:0006383
429	70	25	2e-05	5e-05	2.259e+03	0.517	0.446	GO:0006475
430	44	15	2e-05	5e-05	9.239e+02	0.527	0.537	GO:0006641
431	20	3	2e-05	5e-05	2.604e+02	0.4	0.512	GO:0007338
432	25	7	2e-05	5e-05	3.333e+02	0.492	0.36	GO:0009988
433	30	11	2e-05	5e-05	4.191e+02	0.557	0.501	GO:0010812
434	20	6	2e-05	5e-05	2.096e+02	0.527	0.352	GO:0010880
435	24	5	2e-05	5e-05	3.412e+02	0.42	0.625	GO:0022008
436	23	7	2e-05	5e-05	2.735e+02	0.475	0.592	GO:0030818
437	24	6	2e-05	5e-05	3.213e+02	0.419	0.5	GO:0032732
438	24	8	2e-05	4e-05	2.845e+02	0.46	0.405	GO:0034333
439	24	7	2e-05	5e-05	3.024e+02	0.459	0.469	GO:0042310
440	27	9	2e-05	5e-05	3.582e+02	0.522	0.418	GO:0042517
441	52	17	2e-05	5e-05	1.311e+03	0.526	0.437	GO:0043112
442	56	18	2e-05	5e-05	1.529e+03	0.517	0.489	GO:0045639
443	30	10	2e-05	5e-05	4.400e+02	0.492	0.476	GO:0045646
444	20	4	2e-05	5e-05	2.425e+02	0.404	0.697	GO:0045661
445	32	9	2e-05	5e-05	5.385e+02	0.438	0.618	GO:0048538
446	42	15	2e-05	5e-05	8.234e+02	0.501	0.546	GO:0051146
447	25	6	2e-05	5e-05	3.532e+02	0.465	0.323	GO:0051225
448	26	7	2e-05	5e-05	3.652e+02	0.503	0.435	GO:0060325
449	20	2	2e-05	5e-05	2.794e+02	0.366	0.344	GO:0060479
450	74	25	2e-05	5e-05	2.592e+03	0.505	0.562	GO:0060537
451	20	5	2e-05	5e-05	2.256e+02	0.416	0.176	GO:0070373
452	20	6	1e-05	3e-05	2.096e+02	0.442	0.431	GO:0010799
453	20	4	1e-05	4e-05	2.425e+02	0.45	0.648	GO:0000718
454	60	21	1e-05	4e-05	1.682e+03	0.521	0.455	GO:0001936
455	29	7	1e-05	4e-05	4.707e+02	0.453	0.651	GO:0002762
456	41	14	1e-05	4e-05	8.035e+02	0.53	0.424	GO:0006690
457	40	14	1e-05	4e-05	7.557e+02	0.547	0.429	GO:0006914
458	37	15	1e-05	4e-05	5.985e+02	0.557	0.53	GO:0007632
459	29	7	1e-05	4e-05	4.707e+02	0.463	0.655	GO:0008593
460	53	19	1e-05	4e-05	1.301e+03	0.5	0.466	GO:0010522
461	21	4	1e-05	4e-05	2.704e+02	0.431	0.62	GO:0010862
462	26	8	1e-05	4e-05	3.453e+02	0.465	0.615	GO:0030815
463	27	8	1e-05	4e-05	3.781e+02	0.509	0.421	GO:0030858
464	30	8	1e-05	4e-05	4.847e+02	0.48	0.568	GO:0031110
465	59	20	1e-05	4e-05	1.654e+03	0.478	0.454	GO:0033135
466	30	7	1e-05	4e-05	5.086e+02	0.479	0.403	GO:0042220
467	59	21	1e-05	4e-05	1.614e+03	0.501	0.464	GO:0043407
468	22	7	1e-05	4e-05	2.456e+02	0.506	0.437	GO:0045604
469	40	12	1e-05	4e-05	8.123e+02	0.493	0.473	GO:0045740
470	53	19	1e-05	4e-05	1.301e+03	0.55	0.557	GO:0046634
471	39	14	1e-05	4e-05	7.099e+02	0.557	0.562	GO:0046635
472	42	11	1e-05	4e-05	9.445e+02	0.483	0.45	GO:0048489
473	36	8	1e-05	4e-05	7.385e+02	0.467	0.386	GO:0050819
474	26	9	1e-05	4e-05	3.263e+02	0.503	0.626	GO:0050854
475	20	6	1e-05	4e-05	2.096e+02	0.47	0.316	GO:0050926
476	22	4	1e-05	4e-05	2.993e+02	0.396	0.677	GO:0060334
477	47	15	1e-05	4e-05	1.086e+03	0.515	0.496	GO:0097191
478	25	8	1e-05	4e-05	3.144e+02	0.478	0.43	GO:0097194
479	24	6	1e-05	4e-05	3.213e+02	0.456	0.507	GO:1900739
480	41	14	1e-05	4e-05	8.035e+02	0.534	0.33	GO:1903311
481	22	5	1e-05	2e-05	2.804e+02	0.492	0.409	GO:0000737
482	24	9	1e-05	2e-05	2.675e+02	0.52	0.53	GO:0001838
483	44	16	1e-05	2e-05	8.941e+02	0.517	0.497	GO:0002690
484	58	19	1e-05	2e-05	1.625e+03	0.489	0.537	GO:0002700
485	27	8	1e-05	2e-05	3.781e+02	0.484	0.622	GO:0007034
486	22	6	1e-05	2e-05	2.625e+02	0.535	0.388	GO:0007157
487	23	6	1e-05	2e-05	2.914e+02	0.509	0.444	GO:0007212
488	20	7	1e-05	2e-05	1.947e+02	0.505	0.569	GO:0010907
489	67	23	1e-05	2e-05	2.113e+03	0.51	0.462	GO:0018394
490	20	4	1e-05	2e-05	2.425e+02	0.331	0.658	GO:0019935
491	24	8	1e-05	2e-05	2.845e+02	0.471	0.539	GO:0022400
492	20	3	1e-05	2e-05	2.604e+02	0.376	0.201	GO:0031069
493	25	8	1e-05	2e-05	3.144e+02	0.515	0.637	GO:0032570
494	21	6	1e-05	2e-05	2.356e+02	0.451	0.5	GO:0032731
495	24	8	1e-05	2e-05	2.845e+02	0.528	0.394	GO:0032735
496	21	6	1e-05	2e-05	2.356e+02	0.527	0.561	GO:0043044
497	34	9	1e-05	2e-05	6.211e+02	0.426	0.499	GO:0043535
498	28	7	1e-05	2e-05	4.339e+02	0.468	0.465	GO:0045429
499	87	31	1e-05	2e-05	3.480e+03	0.519	0.392	GO:0045667
500	37	15	1e-05	2e-05	5.985e+02	0.533	0.557	GO:0045670
501	54	19	1e-05	2e-05	1.363e+03	0.535	0.355	GO:0045807
502	29	7	1e-05	2e-05	4.707e+02	0.416	0.58	GO:0045931
503	57	18	1e-05	2e-05	1.597e+03	0.533	0.423	GO:0046620
504	23	5	1e-05	2e-05	3.103e+02	0.49	0.354	GO:0048265
505	57	20	1e-05	2e-05	1.519e+03	0.54	0.512	GO:0048704
506	57	21	1e-05	2e-05	1.481e+03	0.516	0.393	GO:0050821
507	26	10	1e-05	2e-05	3.084e+02	0.577	0.355	GO:0051209
508	42	16	1e-05	2e-05	7.956e+02	0.506	0.474	GO:0051279
509	35	8	1e-05	2e-05	6.927e+02	0.421	0.543	GO:0090002
510	49	16	1e-05	2e-05	1.167e+03	0.508	0.589	GO:1902106
511	27	6	1e-05	2e-05	4.209e+02	0.511	0.473	GO:2001238
512	21	4	0.0	1e-05	2.704e+02	0.528	0.29	GO:0000096
513	33	9	0.0	1e-05	5.793e+02	0.487	0.423	GO:0001709
514	33	10	0.0	1e-05	5.545e+02	0.448	0.598	GO:0003151
515	26	8	0.0	1e-05	3.453e+02	0.531	0.395	GO:0006312
516	38	12	0.0	1e-05	7.178e+02	0.546	0.472	GO:0006458
517	21	5	0.0	1e-05	2.525e+02	0.515	0.546	GO:0006821
518	38	11	0.0	1e-05	7.456e+02	0.507	0.604	GO:0006888
519	30	6	0.0	1e-05	5.334e+02	0.468	0.472	GO:0007416
520	29	8	0.0	1e-05	4.479e+02	0.47	0.43	GO:0009566
521	24	7	0.0	1e-05	3.024e+02	0.466	0.385	GO:0009593
522	68	22	0.0	1e-05	2.238e+03	0.482	0.439	GO:0010594
523	26	5	0.0	1e-05	4.079e+02	0.529	0.645	GO:0016486
524	42	13	0.0	1e-05	8.820e+02	0.508	0.514	GO:0016525
525	20	3	0.0	1e-05	2.604e+02	0.442	0.473	GO:0016575
526	54	13	0.0	1e-05	1.597e+03	0.457	0.543	GO:0019217
527	22	7	0.0	1e-05	2.456e+02	0.518	0.676	GO:0021515
528	75	26	0.0	1e-05	2.629e+03	0.533	0.41	GO:0030097
529	48	16	0.0	1e-05	1.109e+03	0.541	0.492	GO:0030900
530	85	28	0.0	1e-05	3.453e+03	0.517	0.463	GO:0031638
531	26	7	0.0	1e-05	3.652e+02	0.462	0.538	GO:0032350
532	24	6	0.0	1e-05	3.213e+02	0.481	0.464	GO:0032653
533	52	18	0.0	1e-05	1.275e+03	0.497	0.479	GO:0032846
534	20	5	0.0	1e-05	2.256e+02	0.465	0.469	GO:0035036
535	43	13	0.0	1e-05	9.337e+02	0.485	0.632	GO:0042472
536	35	9	0.0	1e-05	6.649e+02	0.495	0.38	GO:0043648
537	71	26	0.0	1e-05	2.294e+03	0.553	0.517	GO:0045580
538	28	7	0.0	1e-05	4.339e+02	0.462	0.522	GO:0045776
539	49	15	0.0	1e-05	1.201e+03	0.487	0.42	GO:0046427
540	36	13	0.0	1e-05	6.044e+02	0.515	0.57	GO:0048168
541	32	8	0.0	1e-05	5.634e+02	0.455	0.443	GO:0048525
542	33	10	0.0	1e-05	5.545e+02	0.427	0.521	GO:0048639
543	20	2	0.0	1e-05	2.794e+02	0.462	0.324	GO:0048706
544	25	7	0.0	1e-05	3.333e+02	0.451	0.567	GO:0048742
545	31	10	0.0	1e-05	4.768e+02	0.535	0.524	GO:0051588
546	20	5	0.0	1e-05	2.256e+02	0.416	0.591	GO:0051926
547	42	13	0.0	1e-05	8.820e+02	0.49	0.56	GO:0055024
548	24	6	0.0	1e-05	3.213e+02	0.48	0.67	GO:0060338
549	21	5	0.0	1e-05	2.525e+02	0.409	0.404	GO:0070206
550	37	11	0.0	1e-05	6.998e+02	0.542	0.357	GO:0090263
551	21	7	0.0	1e-05	2.196e+02	0.464	0.487	GO:0090311
552	24	6	0.0	1e-05	3.213e+02	0.476	0.51	GO:0090382
553	27	6	0.0	1e-05	4.209e+02	0.437	0.738	GO:0097581
554	40	14	0.0	1e-05	7.557e+02	0.491	0.567	GO:2000177