Creation Time:	2023-01-03 00:42:35

INPUT:
File name:	/Users/JasonJia/Desktop/CRFE/Xinglin_insilico/result/real/crfe_v019_b1.py
Annotations file:	/Users/JasonJia/Desktop/CRFE/Xinglin_insilico/data/human4/human_anno.txt
Gene file:	/Users/JasonJia/Desktop/CRFE/Xinglin_insilico/data/real/adeno_symbol.txt
lower limit annotations/process:	20
upper limit annotations/process:	200
k (number of perturbed categories):	0 (i.e., each perturbed gene in its own category)
threshold:	2
threshold type:	levels
belief:	1.0
Method:	MCMC with parameter learning with an empty set as initial set
repeats:	10
burnin steps:	25000
MCMC steps:	25000
Maximal value for alpha and beta:	0.5
Maximal possible value for alpha and beta:	0.5
Probability parameter change:	0.2
seed for RNG:	4291494016

Initial set of processes:
Empty set

INPUT ANALYSIS:
Total number of processes:	1390
Total number of genes:	5752
Number of perturbed genes:	1397
Proportion perturbed genes:	0.24287204450625868

OUTPUT:
Learnt parameters:
alpha (FPR):	0.225
beta (FNR):	0.5
q (penalization parameter):	0.001 (fixed)


Best log-likelihood value (mean +- standard deviation across replicates):	-3184.9757777238474 +- 1.0204843514918027

Order	#(Annotations)	#(Annotations of perturbed genes)	Mean Posterior Probability	Standard Deviation Posterior Probability	p-value	Average Expression Level	Average position perturbed genes	Term Name
1	37	21	0.87978	0.10229	4.722e+02	2.84	0.427	GO:0046364
2	62	29	0.69518	0.14561	1.520e+03	1.922	0.626	GO:0019058
3	53	27	0.6936	0.20803	1.051e+03	2.447	0.496	GO:0007051
4	73	33	0.63702	0.23164	2.148e+03	2.793	0.38	GO:0002576
5	70	34	0.6273	0.24709	1.886e+03	1.983	0.599	GO:0031145
6	50	23	0.22296	0.13732	1.003e+03	2.769	0.462	GO:0010811
7	30	15	0.17714	0.09303	3.454e+02	2.617	0.434	GO:0045646
8	55	26	0.17514	0.14272	1.190e+03	1.993	0.595	GO:0006415
9	22	12	0.17247	0.10006	1.758e+02	2.461	0.569	GO:0060334
10	31	16	0.11514	0.08146	3.604e+02	2.314	0.554	GO:0030397
11	38	17	0.09968	0.0688	5.937e+02	2.132	0.584	GO:0006458
12	21	11	0.09812	0.0587	1.658e+02	2.784	0.476	GO:0030511
13	68	31	0.09045	0.13464	1.856e+03	1.86	0.616	GO:0051439
14	21	11	0.08698	0.07705	1.658e+02	1.969	0.703	GO:0006270
15	23	12	0.08336	0.06133	1.988e+02	2.391	0.569	GO:0060330
16	37	18	0.08266	0.08029	5.329e+02	2.153	0.556	GO:0006998
17	21	11	0.0739	0.05354	1.658e+02	3.566	0.364	GO:0051693
18	25	12	0.06872	0.06339	2.486e+02	3.291	0.359	GO:0030834
19	55	25	0.06404	0.08945	1.221e+03	1.903	0.61	GO:0019083
20	26	13	0.06057	0.05426	2.606e+02	3.471	0.367	GO:0001954
21	24	12	0.05874	0.04368	2.227e+02	2.713	0.439	GO:0022409
22	27	12	0.05555	0.09322	3.045e+02	3.269	0.301	GO:0010633
23	20	11	0.05309	0.02996	1.448e+02	2.213	0.58	GO:0043666
24	32	17	0.05204	0.05722	3.754e+02	2.855	0.395	GO:0019319
25	35	15	0.04795	0.03755	5.189e+02	2.288	0.471	GO:0010717
26	31	14	0.04616	0.03228	3.953e+02	3.396	0.294	GO:1901888
27	63	28	0.04402	0.0672	1.621e+03	1.866	0.602	GO:0051437
28	21	11	0.04193	0.02753	1.658e+02	3.566	0.364	GO:0030835
29	69	29	0.04082	0.04489	2.009e+03	1.915	0.61	GO:0042590
30	24	12	0.0375	0.04136	2.227e+02	2.65	0.408	GO:0014910
31	56	23	0.03725	0.04872	1.346e+03	2.706	0.423	GO:0001952
32	81	34	0.03524	0.04271	2.762e+03	1.78	0.611	GO:0051438
33	21	12	0.03474	0.03149	1.538e+02	3.012	0.447	GO:0007052
34	28	13	0.03446	0.03643	3.175e+02	2.427	0.418	GO:0042451
35	23	11	0.03316	0.03248	2.117e+02	2.913	0.431	GO:0034446
36	35	15	0.03147	0.01575	5.189e+02	2.606	0.483	GO:0007044
37	33	15	0.03115	0.03347	4.451e+02	3.22	0.324	GO:0006909
38	27	12	0.02912	0.02869	3.045e+02	1.96	0.572	GO:0006284
39	48	21	0.02636	0.02344	9.553e+02	2.231	0.517	GO:0032075
40	70	30	0.02636	0.03756	2.042e+03	1.783	0.611	GO:0051443
41	37	16	0.02521	0.02811	5.757e+02	2.02	0.597	GO:0001508
42	64	26	0.02512	0.02557	1.765e+03	2.52	0.414	GO:0018108
43	24	11	0.02436	0.01952	2.367e+02	2.472	0.387	GO:0046456
44	29	12	0.02204	0.03672	3.663e+02	1.99	0.547	GO:0010770
45	38	16	0.02108	0.01961	6.165e+02	2.151	0.492	GO:0048592
46	60	25	0.01921	0.01784	1.530e+03	2.952	0.328	GO:0001936
47	51	22	0.0186	0.01942	1.087e+03	2.204	0.504	GO:0032069
48	40	17	0.01703	0.01035	6.783e+02	2.601	0.387	GO:0048661
49	66	28	0.01668	0.0216	1.829e+03	1.95	0.604	GO:0002479
50	60	27	0.01654	0.03558	1.460e+03	1.829	0.642	GO:0051436
51	20	9	0.01598	0.01404	1.678e+02	1.83	0.67	GO:0000722
52	28	12	0.01593	0.01455	3.344e+02	1.736	0.666	GO:0022616
53	34	15	0.01572	0.02579	4.810e+02	1.731	0.612	GO:0006767
54	64	26	0.01559	0.01778	1.765e+03	2.214	0.49	GO:0007229
55	29	14	0.01538	0.01799	3.315e+02	1.984	0.61	GO:0007077
56	35	15	0.01532	0.01298	5.189e+02	1.847	0.548	GO:0006901
57	24	10	0.01494	0.02381	2.516e+02	3.091	0.297	GO:0010596
58	44	18	0.01481	0.01475	8.377e+02	1.934	0.517	GO:0060688
59	21	10	0.01301	0.01666	1.778e+02	1.618	0.713	GO:0086001
60	29	13	0.01288	0.0089	3.484e+02	3.282	0.346	GO:0030837
61	23	10	0.01141	0.01986	2.257e+02	2.477	0.342	GO:0006636
62	38	16	0.01126	0.01182	6.165e+02	2.276	0.489	GO:0033143
63	27	12	0.01106	0.01048	3.045e+02	2.087	0.62	GO:0035637
64	65	26	0.01068	0.01025	1.836e+03	2.5	0.414	GO:0018212
65	64	28	0.01021	0.01424	1.689e+03	1.849	0.626	GO:0051352
66	73	30	0.01004	0.01869	2.276e+03	1.718	0.611	GO:0051351
67	22	10	0.00989	0.01258	2.007e+02	2.593	0.383	GO:0034405
68	27	12	0.00946	0.00989	3.045e+02	1.791	0.666	GO:0006271
69	21	9	0.00942	0.0172	1.907e+02	2.427	0.516	GO:0010862
70	25	11	0.00876	0.01302	2.636e+02	3.111	0.317	GO:0001569
71	32	14	0.00873	0.01081	4.292e+02	2.95	0.378	GO:1901880
72	30	15	0.00848	0.01604	3.454e+02	2.936	0.318	GO:0006096
73	23	10	0.0083	0.01371	2.257e+02	1.863	0.664	GO:0060397
74	22	12	0.00822	0.01304	1.758e+02	2.585	0.466	GO:0048008
75	20	9	0.00811	0.00785	1.678e+02	1.545	0.725	GO:0086002
76	43	17	0.00789	0.00601	8.167e+02	2.03	0.484	GO:0022403
77	72	28	0.00766	0.00727	2.284e+03	2.2	0.48	GO:0060759
78	28	13	0.00717	0.00974	3.175e+02	3.022	0.375	GO:0007566
79	46	18	0.0068	0.01386	9.382e+02	2.073	0.572	GO:2000106
80	46	19	0.0066	0.00867	9.094e+02	2.191	0.508	GO:0006987
81	29	14	0.00643	0.00692	3.315e+02	2.763	0.38	GO:0006094
82	42	18	0.00634	0.0096	7.431e+02	2.573	0.427	GO:0043542
83	29	12	0.00626	0.00425	3.663e+02	2.198	0.495	GO:0071277
84	31	12	0.00624	0.00783	4.341e+02	2.401	0.375	GO:0031214
85	67	26	0.00622	0.00605	1.983e+03	2.192	0.477	GO:0001959
86	21	9	0.00606	0.00829	1.907e+02	1.746	0.697	GO:0061337
87	75	29	0.00557	0.00756	2.485e+03	2.351	0.448	GO:0042542
88	58	23	0.00542	0.01164	1.473e+03	1.866	0.596	GO:0072401
89	26	11	0.00534	0.00579	2.915e+02	2.613	0.364	GO:0048286
90	24	10	0.00512	0.00488	2.516e+02	1.811	0.661	GO:0006890
91	84	34	0.00502	0.01505	3.032e+03	1.723	0.611	GO:0051340
92	28	10	0.00475	0.00682	3.713e+02	1.965	0.412	GO:0030199
93	57	23	0.00464	0.01075	1.409e+03	1.867	0.596	GO:0006977
94	49	20	0.00451	0.00506	1.038e+03	2.779	0.348	GO:0007569
95	22	9	0.00438	0.00533	2.147e+02	1.901	0.578	GO:0006213
96	44	17	0.00437	0.00375	8.655e+02	2.283	0.496	GO:0070301
97	44	18	0.00431	0.00642	8.377e+02	2.681	0.391	GO:0014068
98	52	19	0.00417	0.00486	1.241e+03	2.257	0.356	GO:0032943
99	30	12	0.00403	0.00338	3.992e+02	1.717	0.562	GO:1901607
100	24	10	0.004	0.00345	2.516e+02	2.828	0.256	GO:0021954
101	36	15	0.00373	0.0022	5.577e+02	2.723	0.335	GO:0048844
102	68	26	0.00361	0.0063	2.059e+03	2.443	0.444	GO:0001894
103	67	25	0.00356	0.00465	2.026e+03	2.644	0.337	GO:0007160
104	37	15	0.00352	0.00343	5.986e+02	1.86	0.578	GO:0051258
105	50	20	0.00352	0.00701	1.093e+03	1.831	0.622	GO:0006521
106	25	10	0.00334	0.00585	2.795e+02	1.63	0.619	GO:0090199
107	23	10	0.00334	0.00423	2.257e+02	2.306	0.498	GO:0070670
108	40	15	0.00332	0.004	7.290e+02	1.677	0.614	GO:0010822
109	74	29	0.00328	0.00402	2.402e+03	2.199	0.467	GO:0071241
110	25	10	0.00323	0.00343	2.795e+02	2.863	0.343	GO:0060761
111	26	10	0.00319	0.00321	3.085e+02	2.472	0.341	GO:0045599
112	27	10	0.00318	0.00344	3.394e+02	1.934	0.556	GO:0002062
113	60	21	0.00312	0.00548	1.683e+03	1.995	0.493	GO:0022407
114	24	10	0.00311	0.00388	2.516e+02	2.166	0.554	GO:2001244
115	25	9	0.00309	0.00547	2.965e+02	2.528	0.427	GO:0032570
116	36	15	0.00305	0.0034	5.577e+02	2.923	0.376	GO:0032272
117	23	8	0.003	0.00357	2.566e+02	2.082	0.401	GO:0051851
118	63	24	0.00292	0.00419	1.774e+03	2.293	0.47	GO:0034614
119	54	21	0.00292	0.00611	1.292e+03	2.571	0.352	GO:0048514
120	31	12	0.0029	0.00282	4.341e+02	2.609	0.464	GO:0046677
121	37	14	0.00284	0.00437	6.225e+02	2.205	0.39	GO:0002244
122	55	22	0.00281	0.00515	1.319e+03	2.825	0.362	GO:0051494
123	76	29	0.0028	0.0084	2.569e+03	1.867	0.568	GO:0030330
124	28	11	0.00273	0.00266	3.523e+02	2.142	0.585	GO:2000379
125	40	15	0.00268	0.00471	7.290e+02	1.65	0.57	GO:0008637
126	33	13	0.00264	0.00351	4.859e+02	2.221	0.515	GO:0031100
127	21	8	0.00263	0.00354	2.047e+02	2.709	0.375	GO:0006821
128	59	22	0.00261	0.00383	1.576e+03	2.07	0.473	GO:0030968
129	20	8	0.00256	0.00352	1.808e+02	2.237	0.487	GO:0009156
130	23	10	0.00253	0.00377	2.257e+02	1.578	0.79	GO:0032784
131	20	8	0.00245	0.00381	1.808e+02	1.741	0.637	GO:0033003
132	43	16	0.00237	0.00393	8.446e+02	1.553	0.664	GO:0006283
133	20	8	0.00236	0.00309	1.808e+02	2.135	0.49	GO:0000083
134	33	13	0.00234	0.00393	4.859e+02	3.105	0.304	GO:0051492
135	33	13	0.00232	0.00346	4.859e+02	1.912	0.646	GO:0051084
136	29	11	0.0023	0.00417	3.852e+02	1.516	0.67	GO:0006333
137	24	10	0.00229	0.00434	2.516e+02	3.114	0.398	GO:0034333
138	57	20	0.00226	0.0027	1.519e+03	2.183	0.376	GO:0070661
139	20	8	0.00217	0.00369	1.808e+02	2.238	0.478	GO:0071353
140	20	8	0.00212	0.00301	1.808e+02	2.752	0.237	GO:0001892
141	30	12	0.00212	0.00314	3.992e+02	2.381	0.455	GO:0034644
142	37	13	0.0021	0.00309	6.473e+02	2.815	0.304	GO:0032231
143	38	14	0.00208	0.0027	6.653e+02	2.273	0.456	GO:0061025
144	28	12	0.00207	0.00442	3.344e+02	2.203	0.549	GO:2000107
145	66	24	0.00202	0.00339	1.993e+03	1.756	0.54	GO:0032963
146	35	14	0.00198	0.00363	5.408e+02	2.716	0.378	GO:0043242
147	25	9	0.00194	0.00384	2.965e+02	2.003	0.45	GO:0010743
148	45	17	0.00194	0.00378	9.163e+02	1.712	0.514	GO:0018279
149	51	19	0.0019	0.00273	1.182e+03	2.049	0.427	GO:0045638
150	20	7	0.00184	0.0032	1.947e+02	1.993	0.511	GO:0001958
151	22	9	0.0018	0.0027	2.147e+02	2.104	0.559	GO:0010771
152	26	11	0.00177	0.00365	2.915e+02	1.68	0.627	GO:0045841
153	35	12	0.0017	0.00359	5.875e+02	2.011	0.554	GO:2001243
154	64	24	0.00166	0.00242	1.845e+03	1.909	0.527	GO:0050729
155	25	10	0.00166	0.0018	2.795e+02	2.56	0.461	GO:0050732
156	22	8	0.00165	0.00274	2.296e+02	2.022	0.429	GO:0050918
157	24	9	0.00164	0.00341	2.676e+02	1.554	0.653	GO:0060338
158	29	11	0.00156	0.00387	3.852e+02	2.033	0.526	GO:0009064
159	62	22	0.00156	0.00274	1.783e+03	1.932	0.495	GO:0044848
160	34	13	0.00153	0.00287	5.238e+02	1.879	0.642	GO:0050999
161	53	20	0.00144	0.00177	1.267e+03	2.506	0.401	GO:0014066
162	23	7	0.00144	0.00291	2.735e+02	2.057	0.432	GO:0048278
163	38	14	0.00141	0.00169	6.653e+02	1.722	0.626	GO:0007259
164	32	11	0.00138	0.0021	4.919e+02	2.43	0.397	GO:0006026
165	75	27	0.00136	0.00408	2.581e+03	2.689	0.279	GO:0030097
166	46	17	0.00136	0.00281	9.680e+02	1.677	0.514	GO:0018196
167	22	8	0.00135	0.00265	2.296e+02	1.583	0.632	GO:0048864
168	50	17	0.00132	0.00321	1.191e+03	1.785	0.614	GO:0070555
169	26	10	0.00128	0.00143	3.085e+02	3.205	0.266	GO:0051893
170	24	8	0.00127	0.00206	2.845e+02	2.133	0.349	GO:0010524
171	20	8	0.00127	0.0037	1.808e+02	1.845	0.484	GO:0060314
172	21	8	0.00126	0.0025	2.047e+02	1.638	0.552	GO:0070206
173	23	9	0.00124	0.00196	2.406e+02	3.142	0.169	GO:0035162
174	68	26	0.00124	0.00195	2.059e+03	2.072	0.469	GO:0006984
175	22	8	0.00124	0.00277	2.296e+02	2.719	0.327	GO:0050873
176	29	11	0.00124	0.00288	3.852e+02	2.427	0.449	GO:0035019
177	34	12	0.00123	0.00206	5.467e+02	1.604	0.533	GO:0043488
178	27	9	0.0012	0.00144	3.583e+02	1.683	0.499	GO:0051402
179	22	8	0.0012	0.00327	2.296e+02	1.727	0.48	GO:0015748
180	22	8	0.0012	0.00214	2.296e+02	1.39	0.604	GO:0006309
181	22	8	0.00118	0.00347	2.296e+02	2.017	0.512	GO:0010226
182	26	11	0.00117	0.00182	2.915e+02	1.819	0.609	GO:0006312
183	35	13	0.00116	0.00196	5.637e+02	1.834	0.598	GO:0002920
184	22	8	0.00115	0.00177	2.296e+02	2.341	0.39	GO:0032873
185	33	11	0.00112	0.00167	5.307e+02	1.753	0.52	GO:0043966
186	35	13	0.0011	0.00176	5.637e+02	2.018	0.427	GO:0060485
187	24	10	0.00106	0.00185	2.516e+02	1.915	0.55	GO:0006611
188	30	12	0.00105	0.00266	3.992e+02	1.898	0.5	GO:0006733
189	46	17	0.00104	0.00194	9.680e+02	1.679	0.514	GO:0006487
190	41	15	0.00103	0.00155	7.758e+02	2.519	0.374	GO:1901879
191	59	22	0.00102	0.00111	1.576e+03	2.07	0.473	GO:0034620
192	20	7	0.00101	0.0014	1.947e+02	2.21	0.419	GO:0048701
193	42	14	0.001	0.00176	8.524e+02	1.869	0.451	GO:0043525
194	83	30	0.00098	0.00148	3.148e+03	2.167	0.476	GO:0006898
195	32	10	0.00095	0.00218	5.148e+02	1.746	0.46	GO:0002260
196	25	9	0.00094	0.00215	2.965e+02	2.144	0.454	GO:0010543
197	52	19	0.00093	0.00129	1.241e+03	1.827	0.496	GO:0097285
198	35	13	0.00091	0.00262	5.637e+02	2.044	0.541	GO:0043648
199	29	12	0.0009	0.0019	3.663e+02	2.373	0.448	GO:0045931
200	21	8	0.00089	0.00144	2.047e+02	1.516	0.662	GO:0043044
201	20	7	0.00088	0.00176	1.947e+02	1.676	0.578	GO:0015909
202	28	10	0.00086	0.00213	3.713e+02	2.366	0.442	GO:0009112
203	26	9	0.00084	0.00144	3.264e+02	1.869	0.431	GO:0010883
204	36	11	0.00084	0.00252	6.552e+02	2.349	0.285	GO:0006024
205	25	10	0.00084	0.0015	2.795e+02	2.108	0.566	GO:0030449
206	34	11	0.00084	0.00225	5.706e+02	1.851	0.419	GO:0071230
207	55	21	0.00082	0.00186	1.354e+03	1.785	0.633	GO:0002673
208	78	27	0.00082	0.00182	2.845e+03	1.788	0.52	GO:0044236
209	29	11	0.0008	0.00162	3.852e+02	2.38	0.386	GO:0051017
210	23	9	0.0008	0.0016	2.406e+02	1.532	0.662	GO:0033209
211	48	17	0.00077	0.00232	1.076e+03	2.346	0.39	GO:0043244
212	22	8	0.00075	0.00226	2.296e+02	2.829	0.3	GO:0001960
213	48	17	0.00074	0.00127	1.076e+03	2.458	0.396	GO:0060021
214	21	8	0.00074	0.00148	2.047e+02	2.134	0.487	GO:0009124
215	28	12	0.00074	0.00115	3.344e+02	1.772	0.614	GO:0071174
216	20	6	0.00073	0.00114	2.097e+02	1.94	0.453	GO:1903018
217	56	18	0.00072	0.00216	1.530e+03	1.77	0.593	GO:0060333
218	54	19	0.0007	0.00163	1.363e+03	2.44	0.413	GO:0001570
219	20	5	0.0007	0.00179	2.256e+02	2.227	0.314	GO:0009190
220	55	19	0.0007	0.0014	1.427e+03	2.149	0.475	GO:0090100
221	46	17	0.0007	0.00103	9.680e+02	2.221	0.518	GO:2000377
222	20	8	0.00066	0.00125	1.808e+02	3.279	0.214	GO:0050926
223	26	8	0.00066	0.00134	3.453e+02	1.675	0.478	GO:0007528
224	50	18	0.00065	0.00101	1.157e+03	2.221	0.363	GO:0046651
225	25	9	0.00065	0.00146	2.965e+02	1.606	0.558	GO:0032410
226	25	10	0.00065	0.00115	2.795e+02	2.058	0.587	GO:0045103
227	24	10	0.00065	0.00119	2.516e+02	2.135	0.587	GO:0045104
228	20	8	0.00064	0.00193	1.808e+02	1.906	0.493	GO:0051004
229	31	9	0.00063	0.00139	4.998e+02	1.396	0.555	GO:0046631
230	32	11	0.00063	0.00108	4.919e+02	1.982	0.533	GO:0071347
231	20	6	0.00062	0.00103	2.097e+02	1.138	0.768	GO:0035036
232	24	8	0.00058	0.00104	2.845e+02	1.521	0.624	GO:0006891
233	23	9	0.00058	0.00079	2.406e+02	1.732	0.542	GO:0001836
234	25	11	0.00058	0.00091	2.636e+02	1.719	0.627	GO:0071173
235	43	14	0.00058	0.00155	9.032e+02	1.828	0.451	GO:1901216
236	57	21	0.00058	0.00087	1.481e+03	2.068	0.542	GO:2001242
237	27	10	0.00057	0.00118	3.394e+02	2.529	0.341	GO:2001238
238	31	12	0.00055	0.0009	4.341e+02	1.622	0.603	GO:0030071
239	74	27	0.00055	0.00126	2.496e+03	1.857	0.536	GO:1902807
240	46	18	0.00055	0.00111	9.382e+02	2.602	0.344	GO:0001938
241	35	12	0.00054	0.00161	5.875e+02	1.814	0.528	GO:0044801
242	22	9	0.00053	0.00146	2.147e+02	2.618	0.392	GO:0043534
243	25	9	0.00051	0.00086	2.965e+02	1.548	0.689	GO:0032392
244	71	27	0.00051	0.00114	2.250e+03	2.026	0.496	GO:0051651
245	27	9	0.0005	0.00114	3.583e+02	1.944	0.436	GO:0007585
246	28	8	0.00049	0.00148	4.121e+02	1.488	0.563	GO:0001755
247	25	9	0.00049	0.00148	2.965e+02	2.233	0.366	GO:0051225
248	33	10	0.00049	0.00101	5.546e+02	2.084	0.326	GO:0021987
249	34	10	0.00049	0.00146	5.954e+02	1.779	0.42	GO:0055010
250	34	8	0.00048	0.00123	6.481e+02	1.472	0.51	GO:0043266
251	28	11	0.00048	0.00068	3.523e+02	2.428	0.454	GO:0060393
252	22	8	0.00048	0.00077	2.296e+02	2.879	0.352	GO:0042743
253	20	6	0.00047	0.00082	2.097e+02	1.551	0.455	GO:0031069
254	25	9	0.00047	0.001	2.965e+02	1.548	0.689	GO:0032508
255	25	7	0.00047	0.00142	3.333e+02	1.355	0.577	GO:0033077
256	22	8	0.00044	0.00085	2.296e+02	1.39	0.604	GO:0000737
257	21	7	0.00044	0.00108	2.197e+02	1.728	0.542	GO:0043516
258	42	14	0.00043	0.00088	8.524e+02	2.504	0.253	GO:0072164
259	20	5	0.00042	0.00096	2.256e+02	1.356	0.546	GO:0010907
260	47	16	0.00042	0.001	1.054e+03	2.13	0.352	GO:0045598
261	47	12	0.00041	0.00122	1.190e+03	1.724	0.507	GO:0010955
262	24	8	0.0004	0.00084	2.845e+02	1.633	0.525	GO:0046148
263	26	9	0.0004	0.0008	3.264e+02	2.213	0.396	GO:0046638
264	67	24	0.0004	0.0007	2.070e+03	2.528	0.375	GO:0050921
265	33	11	0.0004	0.00119	5.307e+02	2.19	0.365	GO:0032092
266	23	8	0.0004	0.00066	2.566e+02	3.144	0.224	GO:0043114
267	22	6	0.00039	0.00116	2.625e+02	1.247	0.703	GO:0051602
268	22	7	0.00038	0.00082	2.456e+02	2.121	0.417	GO:0000188
269	28	7	0.00038	0.00113	4.340e+02	1.687	0.512	GO:0045429
270	35	12	0.00037	0.00078	5.875e+02	2.157	0.44	GO:0008015
271	23	7	0.00037	0.00087	2.735e+02	1.535	0.496	GO:0055007
272	26	7	0.00037	0.00091	3.652e+02	1.462	0.556	GO:0050854
273	20	5	0.00037	0.0011	2.256e+02	1.26	0.593	GO:0050856
274	36	11	0.00036	0.00092	6.552e+02	2.118	0.386	GO:0072089
275	58	20	0.00036	0.00061	1.586e+03	2.322	0.428	GO:0010634
276	23	9	0.00036	0.00089	2.406e+02	1.77	0.548	GO:0043489
277	20	7	0.00036	0.00055	1.947e+02	1.858	0.528	GO:0003179
278	43	16	0.00035	0.00104	8.446e+02	1.799	0.575	GO:0045727
279	25	9	0.00034	0.00094	2.965e+02	2.398	0.413	GO:0046825
280	24	6	0.00034	0.00103	3.213e+02	1.518	0.512	GO:0050805
281	58	19	0.00034	0.00101	1.625e+03	2.259	0.401	GO:0030193
282	44	14	0.00034	0.00068	9.549e+02	1.949	0.521	GO:0002690
283	66	25	0.00033	0.00098	1.951e+03	2.354	0.383	GO:0048660
284	62	25	0.00032	0.00064	1.665e+03	2.133	0.484	GO:0032507
285	57	17	0.00032	0.00096	1.638e+03	1.524	0.607	GO:0032874
286	26	9	0.00032	0.00087	3.264e+02	1.769	0.433	GO:0045454
287	25	8	0.00032	0.00082	3.144e+02	1.738	0.578	GO:0046209
288	21	5	0.00031	0.00086	2.525e+02	1.465	0.373	GO:0002702
289	47	15	0.00029	0.00058	1.086e+03	1.443	0.674	GO:0097191
290	32	9	0.00028	0.00084	5.386e+02	1.661	0.472	GO:0043618
291	56	19	0.00028	0.00064	1.491e+03	1.908	0.436	GO:0045639
292	29	8	0.00028	0.00069	4.480e+02	1.245	0.655	GO:0072655
293	20	5	0.00027	0.00054	2.256e+02	2.28	0.246	GO:0006893
294	55	18	0.00027	0.00078	1.464e+03	1.786	0.539	GO:0007589
295	86	31	0.00027	0.0008	3.382e+03	1.776	0.569	GO:0042770
296	71	28	0.00027	0.00059	2.205e+03	2.172	0.48	GO:0071248
297	23	8	0.00026	0.00058	2.566e+02	2.196	0.568	GO:0050766
298	20	7	0.00026	0.00061	1.947e+02	1.737	0.533	GO:0002828
299	68	23	0.00025	0.00076	2.193e+03	2.463	0.373	GO:0010594
300	28	7	0.00025	0.00076	4.340e+02	1.576	0.505	GO:0018107
301	28	9	0.00025	0.00076	3.912e+02	1.926	0.453	GO:0050690
302	20	7	0.00025	0.00074	1.947e+02	2.049	0.396	GO:0018208
303	21	6	0.00025	0.0006	2.356e+02	1.644	0.442	GO:0050982
304	63	21	0.00024	0.00067	1.899e+03	2.183	0.436	GO:0050818
305	20	6	0.00024	0.00072	2.097e+02	1.939	0.416	GO:0045687
306	28	10	0.00024	0.00047	3.713e+02	2.032	0.487	GO:0007595
307	41	13	0.00023	0.00046	8.325e+02	1.939	0.389	GO:0006690
308	21	6	0.00023	0.00036	2.356e+02	1.24	0.642	GO:0008334
309	23	9	0.00022	0.00066	2.406e+02	2.138	0.431	GO:0006323
310	35	11	0.00022	0.00066	6.124e+02	1.773	0.544	GO:0030010
311	58	22	0.00022	0.00052	1.509e+03	2.717	0.37	GO:0031333
312	26	6	0.00021	0.00047	3.861e+02	1.684	0.492	GO:0033628
313	21	6	0.00021	0.00042	2.356e+02	1.469	0.607	GO:0002286
314	25	8	0.00021	0.00059	3.144e+02	1.417	0.728	GO:0007006
315	25	11	0.00021	0.00039	2.636e+02	1.719	0.627	GO:0007094
316	55	18	0.00021	0.00062	1.464e+03	1.537	0.605	GO:0010821
317	42	14	0.00021	0.00034	8.524e+02	2.506	0.296	GO:0016525
318	39	11	0.0002	0.00061	7.936e+02	1.808	0.491	GO:0042308
319	24	7	0.0002	0.00043	3.024e+02	2.292	0.277	GO:2000278
320	37	12	0.0002	0.0006	6.732e+02	2.476	0.259	GO:0001657
321	29	9	0.0002	0.0006	4.261e+02	2.152	0.405	GO:0015698
322	39	14	0.0002	0.0006	7.101e+02	1.707	0.591	GO:0090183
323	22	7	0.0002	0.0005	2.456e+02	2.313	0.316	GO:0030204
324	24	7	0.00019	0.00058	3.024e+02	2.311	0.361	GO:0051496
325	21	6	0.00019	0.00039	2.356e+02	1.694	0.502	GO:0006904
326	45	15	0.00019	0.0004	9.769e+02	1.758	0.561	GO:0032941
327	22	5	0.00019	0.00056	2.805e+02	1.514	0.543	GO:0060444
328	25	7	0.00018	0.00055	3.333e+02	1.231	0.706	GO:0009988
329	52	18	0.00018	0.00044	1.275e+03	2.315	0.396	GO:0072593
330	25	7	0.00018	0.00053	3.333e+02	1.607	0.476	GO:2000514
331	30	9	0.00018	0.00054	4.619e+02	2.11	0.32	GO:0001947
332	29	10	0.00018	0.00054	4.052e+02	2.237	0.467	GO:0035690
333	20	6	0.00018	0.00054	2.097e+02	1.746	0.373	GO:0045814
334	67	23	0.00017	0.00035	2.114e+03	2.277	0.409	GO:0032387
335	35	9	0.00016	0.00049	6.651e+02	1.36	0.531	GO:0043392
336	42	13	0.00016	0.00041	8.822e+02	1.416	0.603	GO:0051146
337	38	13	0.00016	0.00031	6.911e+02	1.651	0.536	GO:0035914
338	31	9	0.00016	0.00048	4.998e+02	1.586	0.599	GO:0038032
339	30	9	0.00016	0.00048	4.619e+02	2.069	0.416	GO:0042044
340	24	7	0.00016	0.00032	3.024e+02	1.955	0.311	GO:0048662
341	20	7	0.00016	0.00047	1.947e+02	2.031	0.495	GO:0032459
342	32	12	0.00015	0.00042	4.700e+02	1.887	0.526	GO:0031532
343	23	8	0.00015	0.00046	2.566e+02	2.259	0.435	GO:0097028
344	85	26	0.00015	0.00043	3.572e+03	1.644	0.469	GO:0031638
345	42	16	0.00015	0.00044	7.958e+02	1.924	0.576	GO:0009128
346	20	5	0.00015	0.00044	2.256e+02	1.393	0.682	GO:0030316
347	21	5	0.00015	0.00044	2.525e+02	1.23	0.55	GO:0030947
348	20	6	0.00014	0.00043	2.097e+02	2.538	0.291	GO:0008045
349	42	16	0.00014	0.00043	7.958e+02	1.924	0.576	GO:0009158
350	21	7	0.00014	0.00043	2.197e+02	2.141	0.473	GO:0031952
351	36	14	0.00014	0.00028	5.806e+02	1.734	0.563	GO:0051297
352	42	16	0.00014	0.00042	7.958e+02	1.924	0.576	GO:0009125
353	77	25	0.00014	0.00041	2.859e+03	1.959	0.47	GO:0051592
354	37	14	0.00013	0.0004	6.225e+02	2.42	0.37	GO:0030218
355	21	6	0.00013	0.00027	2.356e+02	1.993	0.425	GO:0042481
356	78	28	0.00013	0.0004	2.793e+03	1.899	0.499	GO:1903036
357	20	5	0.00013	0.00038	2.256e+02	1.725	0.453	GO:0007616
358	39	16	0.00013	0.00035	6.594e+02	2.025	0.506	GO:0031023
359	36	13	0.00013	0.00038	6.045e+02	2.266	0.473	GO:0050819
360	20	4	0.00013	0.00038	2.425e+02	1.323	0.551	GO:0071825
361	52	19	0.00013	0.00026	1.241e+03	2.456	0.466	GO:0034332
362	30	8	0.00012	0.00036	4.848e+02	1.416	0.602	GO:0007498
363	72	25	0.00012	0.00036	2.424e+03	1.719	0.528	GO:0044259
364	73	25	0.00012	0.00025	2.508e+03	1.977	0.541	GO:0007163
365	27	10	0.00011	0.00034	3.394e+02	1.856	0.481	GO:0019362
366	24	8	0.00011	0.00034	2.845e+02	1.538	0.641	GO:0034504
367	27	8	0.00011	0.00034	3.782e+02	2.248	0.377	GO:0043551
368	48	15	0.00011	0.00032	1.143e+03	1.649	0.527	GO:0002698
369	30	13	0.00011	0.00032	3.803e+02	1.775	0.608	GO:0031577
370	22	6	0.00011	0.00032	2.625e+02	1.256	0.681	GO:0043462
371	35	9	0.00011	0.00031	6.651e+02	2.253	0.285	GO:0090002
372	25	7	0.0001	0.00031	3.333e+02	1.34	0.584	GO:0046632
373	23	7	0.0001	0.00031	2.735e+02	1.665	0.474	GO:0060135
374	48	13	0.0001	0.00031	1.213e+03	1.484	0.639	GO:0060337
375	21	5	0.0001	0.0003	2.525e+02	1.227	0.582	GO:0000289
376	23	6	0.0001	0.0003	2.914e+02	1.185	0.759	GO:0006360
377	58	20	0.0001	0.0003	1.586e+03	1.649	0.556	GO:0030574
378	27	8	0.0001	0.0003	3.782e+02	2.538	0.317	GO:0032233
379	30	6	0.0001	0.0003	5.335e+02	1.163	0.672	GO:0042130
380	22	6	0.0001	0.0003	2.625e+02	1.248	0.594	GO:0045620
381	62	20	0.0001	0.00029	1.868e+03	1.392	0.665	GO:0006289
382	32	9	0.0001	0.00029	5.386e+02	1.565	0.449	GO:0030049
383	30	9	0.0001	0.00029	4.619e+02	1.71	0.409	GO:0030516
384	43	14	0.0001	0.00029	9.032e+02	2.11	0.393	GO:0048863
385	21	6	0.0001	0.00029	2.356e+02	1.342	0.578	GO:0061217
386	47	13	9e-05	0.00028	1.155e+03	1.383	0.574	GO:0000723
387	43	12	9e-05	0.00028	9.657e+02	2.151	0.4	GO:0010595
388	23	6	9e-05	0.00028	2.914e+02	1.274	0.612	GO:0051489
389	20	3	9e-05	0.00026	2.605e+02	1.121	0.559	GO:0045987
390	36	10	8e-05	0.00025	6.821e+02	1.412	0.52	GO:0000018
391	49	16	8e-05	0.00025	1.167e+03	2.83	0.271	GO:0003014
392	21	5	8e-05	0.00024	2.525e+02	1.88	0.417	GO:0048738
393	24	5	8e-05	0.00023	3.413e+02	1.484	0.475	GO:0022008
394	21	6	8e-05	0.00023	2.356e+02	1.653	0.606	GO:0032856
395	26	7	7e-05	0.00022	3.652e+02	1.682	0.463	GO:0003156
396	21	6	7e-05	0.00022	2.356e+02	1.372	0.595	GO:0048147
397	26	8	7e-05	0.0002	3.453e+02	1.805	0.475	GO:0019369
398	25	7	7e-05	0.00014	3.333e+02	1.875	0.482	GO:0022408
399	29	7	7e-05	0.0002	4.708e+02	1.583	0.455	GO:0042752
400	28	8	7e-05	0.0002	4.121e+02	1.516	0.576	GO:0042992
401	35	13	7e-05	0.0002	5.637e+02	1.763	0.502	GO:0043487
402	68	21	6e-05	0.00019	2.287e+03	1.827	0.48	GO:0002573
403	53	14	6e-05	0.00019	1.490e+03	1.509	0.491	GO:0007254
404	31	10	6e-05	0.00019	4.769e+02	1.419	0.627	GO:0010833
405	30	9	6e-05	0.00019	4.619e+02	1.951	0.315	GO:0021766
406	28	7	6e-05	0.00019	4.340e+02	1.718	0.384	GO:0032006
407	25	8	6e-05	0.00019	3.144e+02	1.808	0.55	GO:0045777
408	25	6	6e-05	0.00018	3.532e+02	1.863	0.46	GO:0001890
409	26	7	6e-05	0.00018	3.652e+02	1.692	0.521	GO:0010043
410	33	11	6e-05	0.00017	5.307e+02	2.313	0.42	GO:0030195
411	20	5	6e-05	0.00018	2.256e+02	1.619	0.541	GO:0035813
412	39	12	6e-05	0.00018	7.648e+02	1.798	0.473	GO:0046635
413	26	8	6e-05	0.00018	3.453e+02	2.403	0.344	GO:0090218
414	32	11	6e-05	0.00017	4.919e+02	2.081	0.471	GO:0002053
415	72	23	6e-05	0.00017	2.522e+03	2.351	0.38	GO:0045766
416	21	7	6e-05	0.00016	2.197e+02	2.386	0.245	GO:0051145
417	36	10	6e-05	0.00017	6.821e+02	1.45	0.58	GO:0055117
418	21	8	6e-05	0.00017	2.047e+02	2.463	0.336	GO:0060343
419	35	11	6e-05	0.00017	6.124e+02	1.782	0.553	GO:0072527
420	29	8	6e-05	0.00017	4.480e+02	1.49	0.484	GO:1901019
421	37	12	5e-05	0.00016	6.732e+02	1.846	0.457	GO:0001837
422	37	11	5e-05	0.00016	7.000e+02	2.091	0.488	GO:0045428
423	23	7	5e-05	0.00016	2.735e+02	1.923	0.399	GO:0046580
424	22	7	5e-05	0.00016	2.456e+02	1.981	0.349	GO:0055006
425	49	18	5e-05	0.00014	1.100e+03	2.239	0.362	GO:0006090
426	22	5	5e-05	0.00014	2.805e+02	1.202	0.525	GO:0046676
427	26	8	5e-05	0.00014	3.453e+02	1.639	0.546	GO:0051055
428	26	6	5e-05	0.00014	3.861e+02	1.458	0.455	GO:0051209
429	26	7	5e-05	0.00014	3.652e+02	1.848	0.49	GO:1901616
430	55	18	5e-05	0.00014	1.464e+03	1.966	0.474	GO:2001235
431	42	11	4e-05	0.00013	9.448e+02	1.336	0.617	GO:0006968
432	23	6	4e-05	0.00012	2.914e+02	1.579	0.527	GO:0003073
433	73	22	4e-05	0.00012	2.660e+03	1.248	0.742	GO:0006353
434	27	8	4e-05	0.00011	3.782e+02	2.105	0.292	GO:0003007
435	39	14	4e-05	0.00011	7.101e+02	1.877	0.578	GO:0006200
436	30	9	4e-05	0.00011	4.619e+02	2.072	0.433	GO:0022406
437	24	5	4e-05	0.00011	3.413e+02	1.325	0.442	GO:0032845
438	78	27	4e-05	0.00011	2.845e+03	2.122	0.472	GO:1901654
439	26	7	3e-05	0.0001	3.652e+02	1.382	0.713	GO:0006370
440	30	8	3e-05	0.0001	4.848e+02	1.389	0.538	GO:0009755
441	31	10	3e-05	0.0001	4.769e+02	1.807	0.434	GO:0021782
442	34	11	3e-05	0.0001	5.706e+02	1.724	0.514	GO:0022613
443	32	12	3e-05	0.0001	4.700e+02	1.7	0.587	GO:0045839
444	22	5	3e-05	0.0001	2.805e+02	1.148	0.719	GO:0048169
445	26	6	3e-05	0.0001	3.861e+02	1.308	0.585	GO:0070228
446	46	17	3e-05	0.0001	9.680e+02	1.472	0.672	GO:0090305
447	27	9	3e-05	7e-05	3.583e+02	1.54	0.619	GO:0031663
448	31	9	3e-05	6e-05	4.998e+02	1.347	0.588	GO:0032722
449	33	10	3e-05	8e-05	5.546e+02	1.955	0.408	GO:0003151
450	20	5	3e-05	8e-05	2.256e+02	1.426	0.466	GO:0007338
451	51	18	3e-05	8e-05	1.216e+03	2.186	0.427	GO:0010631
452	23	6	3e-05	8e-05	2.914e+02	1.936	0.431	GO:0046164
453	40	11	2e-05	7e-05	8.423e+02	1.688	0.467	GO:0030216
454	71	24	2e-05	7e-05	2.389e+03	2.107	0.487	GO:0030833
455	24	9	2e-05	7e-05	2.676e+02	1.75	0.507	GO:0043331
456	20	6	2e-05	7e-05	2.097e+02	1.787	0.416	GO:0045622
457	30	10	2e-05	7e-05	4.400e+02	1.735	0.559	GO:0048284
458	46	12	2e-05	7e-05	1.132e+03	1.998	0.348	GO:0050715
459	21	5	2e-05	6e-05	2.525e+02	1.624	0.361	GO:0044273
460	24	6	2e-05	6e-05	3.213e+02	1.724	0.382	GO:0061418
461	38	11	2e-05	5e-05	7.458e+02	1.592	0.507	GO:0001776
462	42	13	2e-05	5e-05	8.822e+02	1.874	0.462	GO:0006970
463	80	25	2e-05	5e-05	3.138e+03	2.199	0.399	GO:0017015
464	21	5	2e-05	5e-05	2.525e+02	1.659	0.444	GO:0030433
465	23	6	2e-05	5e-05	2.914e+02	1.634	0.416	GO:0043370
466	32	11	2e-05	5e-05	4.919e+02	2.342	0.388	GO:0043550
467	42	10	2e-05	5e-05	9.775e+02	1.908	0.339	GO:0048489
468	33	12	2e-05	5e-05	5.078e+02	2.097	0.432	GO:0051289
469	20	5	1e-05	4e-05	2.256e+02	1.755	0.373	GO:0010799
470	34	11	1e-05	4e-05	5.706e+02	2.116	0.389	GO:0043535
471	73	21	1e-05	4e-05	2.712e+03	1.896	0.43	GO:0050714
472	34	11	1e-05	4e-05	5.706e+02	1.956	0.45	GO:0050772
473	20	5	1e-05	4e-05	2.256e+02	1.79	0.455	GO:0051926
474	21	4	1e-05	4e-05	2.705e+02	1.26	0.621	GO:1902692
475	31	10	1e-05	2e-05	4.769e+02	2.444	0.338	GO:0006027
476	32	7	1e-05	2e-05	5.893e+02	1.037	0.666	GO:0006383
477	45	14	1e-05	2e-05	1.009e+03	1.621	0.516	GO:0008645
478	87	26	1e-05	2e-05	3.777e+03	1.896	0.436	GO:0031098
479	33	10	1e-05	2e-05	5.546e+02	2.193	0.335	GO:0032091
480	25	6	1e-05	2e-05	3.532e+02	1.661	0.458	GO:0060041
481	21	7	0.0	1e-05	2.197e+02	1.668	0.577	GO:0006220
482	36	12	0.0	1e-05	6.294e+02	2.112	0.441	GO:0010464
483	24	3	0.0	1e-05	3.841e+02	1.417	0.25	GO:0021983
484	24	6	0.0	1e-05	3.213e+02	1.75	0.413	GO:0032653
485	64	23	0.0	1e-05	1.887e+03	1.746	0.595	GO:0033238
486	35	8	0.0	1e-05	6.929e+02	1.342	0.543	GO:0042384
487	22	6	0.0	1e-05	2.625e+02	1.735	0.369	GO:0045604
488	20	6	0.0	1e-05	2.097e+02	2.151	0.512	GO:0046627
489	23	5	0.0	1e-05	3.104e+02	1.469	0.345	GO:0048640
490	24	7	0.0	1e-05	3.024e+02	1.29	0.689	GO:0060740
491	37	10	0.0	1e-05	7.278e+02	1.623	0.499	GO:0090263
492	27	6	0.0	1e-05	4.210e+02	1.772	0.367	GO:0097581