Creation Time:	2022-12-29 19:17:26

INPUT:
File name:	crfe_v018.py
Annotations file:	/Users/JasonJia/Desktop/CRFE/Xinglin_insilico/data/human4/human_anno.txt
Gene file:	/Users/JasonJia/Desktop/CRFE/Xinglin_insilico/data/human4/human0.4_0.25_2_10_seed_13.txt
lower limit annotations/process:	20
upper limit annotations/process:	200
k (number of perturbed categories):	0 (i.e., each perturbed gene in its own category)
threshold:	0
threshold type:	levels
belief:	10.0
Method:	MCMC with parameter learning with an empty set as initial set
repeats:	10
burnin steps:	25000
MCMC steps:	25000
Maximal value for alpha and beta:	0.3548387096774194
Maximal possible value for alpha and beta:	0.3548387096774194
Probability parameter change:	0.2
seed for RNG:	1796472962

Initial set of processes:
Empty set

INPUT ANALYSIS:
Total number of processes:	2291
Total number of genes:	11704
Number of perturbed genes:	4772
Proportion perturbed genes:	0.40772385509227616

OUTPUT:
Learnt parameters:
alpha (FPR):	0.3548387096774194
beta (FNR):	0.3548387096774194
q (penalization parameter):	0.001


Best log-likelihood value (mean +- standard deviation across replicates):	-8496.569803776667 +- 2.971358226982829

Order	#(Annotations)	#(Annotations of perturbed genes)	Mean Posterior Probability	Standard Deviation Posterior Probability	p-value	Average Expression Level	Average position perturbed genes	Term Name
1	44	35	1.0	0.0	3.607e+02	0.321	0.385	GO:0031424
2	100	59	1.0	0.0	3.272e+03	0.07	0.465	GO:2001020
3	32	23	0.95769	0.12694	2.528e+02	0.281	0.407	GO:0016486
4	65	34	0.93183	0.11099	1.548e+03	-0.003	0.453	GO:0016458
5	30	18	0.86161	0.19817	2.947e+02	0.169	0.41	GO:0045604
6	25	19	0.8264	0.32115	1.359e+02	0.15	0.52	GO:0051693
7	87	48	0.7714	0.26321	2.646e+03	-0.012	0.498	GO:1903046
8	56	42	0.6083	0.42189	6.933e+02	0.319	0.377	GO:0046651
9	155	78	0.55508	0.46058	8.965e+03	0.027	0.424	GO:0007626
10	103	54	0.53474	0.38408	3.859e+03	0.04	0.446	GO:1901861
11	85	40	0.50747	0.23315	2.837e+03	-0.017	0.458	GO:0015718
12	60	27	0.48448	0.37403	1.462e+03	-0.026	0.409	GO:0030183
13	134	70	0.47304	0.45257	6.533e+03	0.039	0.422	GO:0006006
14	40	20	0.39021	0.25779	6.102e+02	0.097	0.332	GO:0010676
15	108	53	0.38836	0.3697	4.442e+03	0.036	0.39	GO:0042113
16	123	56	0.37638	0.26356	6.041e+03	-0.012	0.454	GO:0051028
17	58	43	0.37428	0.43393	7.652e+02	0.3	0.384	GO:0032943
18	28	19	0.36898	0.33257	2.169e+02	0.231	0.438	GO:2001238
19	65	51	0.3681	0.429	8.191e+02	0.3	0.408	GO:0030816
20	60	36	0.34899	0.34284	1.163e+03	0.066	0.497	GO:2001235
21	29	24	0.34542	0.36484	1.359e+02	0.303	0.502	GO:0014014
22	32	26	0.34373	0.35917	1.779e+02	0.291	0.49	GO:0045620
23	49	33	0.33353	0.44721	6.642e+02	0.193	0.371	GO:0019319
24	114	58	0.33306	0.35621	4.827e+03	-0.005	0.473	GO:0007281
25	34	18	0.33139	0.30165	4.245e+02	0.094	0.39	GO:0010633
26	95	50	0.31682	0.38277	3.276e+03	0.044	0.433	GO:0051250
27	53	27	0.2833	0.25332	1.052e+03	-0.02	0.446	GO:0042552
28	45	24	0.25574	0.35486	7.349e+02	0.119	0.35	GO:0002709
29	63	50	0.24493	0.35709	7.413e+02	0.32	0.399	GO:0030819
30	73	36	0.24385	0.33489	2.032e+03	-0.011	0.425	GO:0090305
31	78	41	0.24049	0.33811	2.216e+03	0.084	0.402	GO:0008344
32	20	12	0.23532	0.20376	1.329e+02	0.069	0.45	GO:0007029
33	103	54	0.23409	0.34001	3.859e+03	0.038	0.452	GO:0048634
34	101	53	0.22368	0.24242	3.709e+03	0.04	0.449	GO:0016202
35	26	15	0.21038	0.38525	2.318e+02	0.187	0.301	GO:0050869
36	119	58	0.20625	0.31235	5.412e+03	0.029	0.404	GO:0030534
37	36	20	0.19654	0.19749	4.565e+02	0.047	0.486	GO:0030195
38	45	31	0.19425	0.34673	5.394e+02	0.214	0.365	GO:0006094
39	25	16	0.19042	0.22551	1.899e+02	0.141	0.401	GO:0061217
40	21	12	0.18662	0.21031	1.539e+02	0.173	0.335	GO:0072009
41	26	15	0.18554	0.16288	2.318e+02	0.117	0.443	GO:0048701
42	47	26	0.18126	0.19854	7.769e+02	0.105	0.43	GO:0006096
43	36	18	0.17294	0.16969	4.954e+02	0.059	0.38	GO:0048024
44	73	39	0.16735	0.24201	1.918e+03	0.062	0.431	GO:0006090
45	148	63	0.15218	0.19023	9.093e+03	-0.047	0.428	GO:0048015
46	70	52	0.15074	0.30155	1.107e+03	0.261	0.412	GO:0030804
47	20	10	0.14858	0.13702	1.559e+02	0.068	0.33	GO:0000381
48	47	23	0.14739	0.23965	8.526e+02	0.043	0.391	GO:0045913
49	64	31	0.13895	0.30012	1.584e+03	0.012	0.463	GO:0006406
50	29	19	0.12903	0.28922	2.458e+02	0.076	0.52	GO:0030835
51	23	12	0.12868	0.11424	1.988e+02	0.036	0.398	GO:1900449
52	42	22	0.12034	0.18535	6.501e+02	-0.008	0.451	GO:0048284
53	103	64	0.11757	0.18357	3.268e+03	0.121	0.435	GO:0030814
54	92	44	0.11204	0.17042	3.285e+03	-0.045	0.469	GO:0071453
55	26	12	0.1083	0.16238	2.757e+02	0.018	0.352	GO:0018022
56	56	28	0.10548	0.13418	1.189e+03	-0.029	0.459	GO:0007272
57	20	13	0.09726	0.13092	1.199e+02	0.135	0.476	GO:0015721
58	40	18	0.08054	0.07378	6.550e+02	-0.03	0.4	GO:0006383
59	23	19	0.07953	0.23416	8.697e+01	0.301	0.475	GO:0045581
60	77	54	0.07734	0.17307	1.517e+03	0.198	0.42	GO:1900544
61	28	15	0.06379	0.07487	2.867e+02	0.052	0.344	GO:0042036
62	86	41	0.0624	0.11342	2.879e+03	0.03	0.374	GO:0002706
63	63	33	0.05889	0.11463	1.453e+03	0.052	0.411	GO:0072073
64	37	21	0.05777	0.0713	4.725e+02	0.094	0.46	GO:0050830
65	40	21	0.05611	0.10006	5.892e+02	-0.009	0.488	GO:0050819
66	26	12	0.05578	0.04857	2.757e+02	-0.011	0.344	GO:0015807
67	98	54	0.05363	0.06027	3.357e+03	-0.001	0.539	GO:0006487
68	40	19	0.05304	0.08288	6.321e+02	0.027	0.445	GO:0008206
69	36	19	0.04952	0.04991	4.764e+02	0.008	0.454	GO:0030433
70	53	25	0.04549	0.04049	1.109e+03	-0.059	0.458	GO:0044801
71	49	30	0.04514	0.06282	7.600e+02	0.076	0.543	GO:0051084
72	28	17	0.04341	0.07749	2.538e+02	0.169	0.382	GO:0032845
73	22	13	0.0429	0.08392	1.629e+02	0.08	0.422	GO:0051926
74	103	52	0.04247	0.10336	3.966e+03	0.022	0.412	GO:0002819
75	197	89	0.04231	0.12694	1.549e+04	-0.048	0.434	GO:0016485
76	43	20	0.04059	0.07531	7.399e+02	-0.101	0.464	GO:0030521
77	48	26	0.03908	0.11214	8.248e+02	0.042	0.447	GO:0033143
78	20	8	0.03724	0.05826	1.808e+02	-0.038	0.403	GO:0045736
79	24	18	0.03702	0.07402	1.299e+02	0.292	0.449	GO:0016447
80	58	27	0.03336	0.06436	1.337e+03	-0.001	0.393	GO:0002821
81	71	33	0.03307	0.05666	2.000e+03	-0.026	0.467	GO:0006405
82	89	47	0.03291	0.09872	2.870e+03	0.048	0.452	GO:2001236
83	47	24	0.03242	0.09323	8.277e+02	0.039	0.424	GO:0002449
84	62	30	0.03055	0.07213	1.488e+03	-0.029	0.431	GO:0035264
85	54	33	0.03026	0.04694	9.236e+02	0.081	0.523	GO:0006458
86	22	13	0.03002	0.05906	1.629e+02	0.087	0.4	GO:0090189
87	31	16	0.02923	0.03246	3.606e+02	0.005	0.501	GO:0071825
88	23	13	0.02754	0.05041	1.859e+02	-0.006	0.451	GO:0003254
89	66	35	0.02708	0.02679	1.579e+03	-0.035	0.487	GO:0042475
90	31	14	0.02671	0.04032	3.955e+02	0.003	0.341	GO:0031060
91	58	32	0.02437	0.03975	1.182e+03	0.109	0.415	GO:0001816
92	57	27	0.02424	0.0459	1.277e+03	-0.054	0.474	GO:0061025
93	78	54	0.02413	0.07238	1.594e+03	0.188	0.42	GO:0045981
94	23	12	0.02296	0.03487	1.988e+02	0.004	0.356	GO:0006692
95	116	54	0.02236	0.0468	5.301e+03	-0.019	0.43	GO:0016052
96	161	72	0.02205	0.03594	1.043e+04	-0.047	0.461	GO:0015931
97	35	19	0.02121	0.06303	4.405e+02	0.086	0.432	GO:2001239
98	22	10	0.02117	0.03144	2.008e+02	0.118	0.286	GO:0014065
99	28	14	0.02044	0.03226	3.017e+02	-0.013	0.393	GO:0061418
100	39	17	0.02032	0.05548	6.361e+02	-0.045	0.439	GO:0032104
101	37	21	0.0198	0.04223	4.725e+02	0.045	0.471	GO:0031047
102	43	20	0.01975	0.05924	7.399e+02	-0.016	0.424	GO:0045682
103	68	32	0.0194	0.03007	1.821e+03	-0.084	0.491	GO:0030518
104	26	15	0.01927	0.02846	2.318e+02	0.166	0.408	GO:0044060
105	39	19	0.01927	0.03644	5.912e+02	-0.031	0.466	GO:0001906
106	61	42	0.01909	0.03774	9.877e+02	0.152	0.517	GO:0014013
107	63	31	0.01896	0.02586	1.519e+03	0.006	0.47	GO:0043255
108	37	17	0.01813	0.0227	5.543e+02	-0.049	0.386	GO:1901264
109	43	20	0.01812	0.02578	7.399e+02	-0.01	0.401	GO:0008015
110	63	44	0.01742	0.05225	1.026e+03	0.258	0.379	GO:0070661
111	94	60	0.01719	0.05156	2.630e+03	0.148	0.424	GO:0030817
112	21	14	0.01707	0.02268	1.269e+02	0.123	0.527	GO:0008045
113	33	16	0.0165	0.02023	4.265e+02	-0.04	0.396	GO:0042220
114	190	84	0.016	0.04755	1.461e+04	-0.04	0.44	GO:0015849
115	85	41	0.01583	0.01666	2.791e+03	-0.035	0.533	GO:0007160
116	45	22	0.01566	0.03311	7.828e+02	-0.007	0.415	GO:0022600
117	63	30	0.01513	0.03382	1.553e+03	-0.003	0.459	GO:0043484
118	27	17	0.01511	0.02617	2.258e+02	0.068	0.555	GO:0007052
119	26	15	0.0151	0.02137	2.318e+02	0.117	0.423	GO:0051602
120	69	28	0.01505	0.02529	2.053e+03	-0.086	0.375	GO:0019722
121	30	17	0.01427	0.03469	3.127e+02	0.123	0.39	GO:0071333
122	83	34	0.01414	0.02875	2.947e+03	-0.086	0.419	GO:0006353
123	20	7	0.01396	0.02334	1.948e+02	-0.005	0.321	GO:0072337
124	110	51	0.01394	0.02808	4.782e+03	-0.017	0.421	GO:0044724
125	32	23	0.01372	0.02763	2.528e+02	0.217	0.474	GO:0016445
126	23	13	0.01364	0.02383	1.859e+02	0.042	0.463	GO:0009148
127	79	34	0.0134	0.02265	2.594e+03	-0.074	0.47	GO:0009791
128	28	15	0.01333	0.01955	2.867e+02	-0.008	0.466	GO:0016925
129	95	49	0.01301	0.0219	3.326e+03	0.034	0.412	GO:0002822
130	85	39	0.01276	0.02694	2.883e+03	-0.062	0.466	GO:0036294
131	22	11	0.01226	0.0139	1.879e+02	0.018	0.465	GO:0001909
132	20	10	0.01182	0.02788	1.559e+02	0.029	0.374	GO:0002861
133	29	13	0.0116	0.02076	3.486e+02	-0.014	0.313	GO:0007157
134	29	16	0.01114	0.02463	2.997e+02	0.0	0.535	GO:0051402
135	28	17	0.01091	0.02924	2.538e+02	0.124	0.341	GO:0002312
136	52	24	0.00994	0.0284	1.083e+03	-0.044	0.452	GO:0043010
137	37	21	0.00982	0.02947	4.725e+02	-0.027	0.504	GO:0030837
138	51	23	0.00969	0.01625	1.058e+03	-0.047	0.388	GO:0006942
139	34	17	0.00925	0.02715	4.425e+02	0.03	0.385	GO:0002889
140	95	45	0.00918	0.0231	3.523e+03	-0.058	0.477	GO:0030833
141	22	10	0.00904	0.0155	2.008e+02	0.013	0.375	GO:0010880
142	99	47	0.00878	0.01884	3.819e+03	-0.021	0.485	GO:0051168
143	103	48	0.00869	0.02449	4.182e+03	-0.065	0.484	GO:0010632
144	35	20	0.00866	0.02112	4.206e+02	0.11	0.438	GO:0002637
145	45	24	0.00859	0.01752	7.349e+02	0.027	0.458	GO:0046717
146	93	51	0.00844	0.01793	3.037e+03	-0.005	0.543	GO:0018196
147	24	15	0.00843	0.02192	1.809e+02	0.218	0.396	GO:0043500
148	35	17	0.0081	0.02429	4.784e+02	0.011	0.385	GO:0002712
149	46	21	0.00809	0.01133	8.556e+02	-0.059	0.423	GO:0006369
150	23	11	0.0076	0.0187	2.118e+02	0.009	0.359	GO:0007530
151	52	21	0.00756	0.01462	1.176e+03	-0.038	0.393	GO:0007519
152	21	9	0.00756	0.01398	1.908e+02	-0.033	0.299	GO:0048665
153	69	35	0.00746	0.0154	1.782e+03	0.015	0.442	GO:0002250
154	69	35	0.00718	0.02085	1.782e+03	0.041	0.426	GO:0050868
155	49	24	0.00702	0.01404	9.254e+02	-0.008	0.406	GO:0006835
156	60	30	0.00693	0.0174	1.363e+03	0.018	0.418	GO:0002443
157	94	38	0.0065	0.013	3.801e+03	-0.085	0.421	GO:0002495
158	36	16	0.00612	0.01241	5.363e+02	0.03	0.364	GO:0002711
159	21	10	0.00604	0.01335	1.779e+02	-0.029	0.384	GO:0001502
160	27	13	0.006	0.01291	2.887e+02	0.038	0.493	GO:0010743
161	20	7	0.00581	0.01056	1.948e+02	-0.067	0.327	GO:0032413
162	30	14	0.00574	0.00744	3.626e+02	0.048	0.381	GO:0000291
163	35	18	0.00574	0.00883	4.595e+02	0.021	0.415	GO:0042993
164	57	29	0.00568	0.01426	1.217e+03	0.008	0.461	GO:0030900
165	21	9	0.00567	0.01032	1.908e+02	0.062	0.351	GO:0046834
166	60	25	0.00542	0.01626	1.532e+03	-0.012	0.397	GO:0002673
167	33	12	0.00536	0.01076	5.083e+02	-0.175	0.442	GO:0019320
168	26	11	0.00516	0.01031	2.917e+02	-0.072	0.379	GO:0048013
169	42	23	0.00489	0.01265	6.272e+02	0.024	0.468	GO:0043535
170	131	70	0.00469	0.00996	6.137e+03	-0.013	0.506	GO:0045165
171	21	10	0.00469	0.01091	1.779e+02	0.063	0.324	GO:0015844
172	41	25	0.00466	0.01093	5.364e+02	0.1	0.493	GO:0002200
173	34	16	0.00449	0.00931	4.614e+02	-0.067	0.496	GO:0033865
174	24	10	0.00449	0.0093	2.518e+02	-0.018	0.369	GO:0001916
175	39	25	0.00446	0.00663	4.555e+02	0.075	0.548	GO:0030004
176	20	8	0.00438	0.00575	1.808e+02	0.027	0.373	GO:0046854
177	52	28	0.00432	0.00879	9.714e+02	-0.017	0.459	GO:0060688
178	54	25	0.00424	0.01271	1.165e+03	-0.046	0.466	GO:0009988
179	20	12	0.0042	0.01236	1.329e+02	-0.009	0.553	GO:0030902
180	53	27	0.00416	0.01247	1.052e+03	0.034	0.394	GO:0002460
181	22	12	0.00415	0.0068	1.759e+02	0.086	0.501	GO:0006699
182	22	18	0.00408	0.01181	8.297e+01	0.307	0.507	GO:0045686
183	134	59	0.00406	0.0097	7.312e+03	-0.051	0.454	GO:2000021
184	34	17	0.00403	0.00832	4.425e+02	0.045	0.354	GO:0045921
185	47	25	0.00403	0.00886	8.028e+02	0.049	0.442	GO:0072163
186	42	19	0.00389	0.00732	7.189e+02	-0.041	0.482	GO:0001658
187	25	13	0.00389	0.00708	2.348e+02	-0.004	0.56	GO:0042481
188	21	9	0.00375	0.00757	1.908e+02	-0.077	0.51	GO:0045907
189	23	10	0.00372	0.00663	2.258e+02	-0.037	0.471	GO:0007062
190	156	68	0.0037	0.00962	9.954e+03	-0.068	0.456	GO:0001501
191	23	13	0.00369	0.00672	1.859e+02	0.068	0.454	GO:0002026
192	20	10	0.00363	0.00771	1.559e+02	-0.108	0.419	GO:0033574
193	34	18	0.0036	0.0099	4.245e+02	-0.051	0.477	GO:0045840
194	20	11	0.0036	0.00732	1.449e+02	-0.024	0.452	GO:0009208
195	30	13	0.00354	0.01061	3.806e+02	-0.052	0.486	GO:0003156
196	23	12	0.00353	0.00759	1.988e+02	0.03	0.502	GO:0034367
197	53	22	0.0035	0.01051	1.202e+03	-0.125	0.412	GO:0060359
198	21	10	0.00346	0.01037	1.779e+02	0.017	0.447	GO:0031670
199	26	14	0.0034	0.00711	2.468e+02	0.017	0.481	GO:0046825
200	25	11	0.00338	0.01014	2.637e+02	0.001	0.347	GO:0010907
201	21	9	0.00338	0.01006	1.908e+02	0.031	0.351	GO:0002675
202	64	31	0.00336	0.00764	1.584e+03	0.002	0.497	GO:0007586
203	92	50	0.00333	0.00648	2.996e+03	-0.01	0.545	GO:0018279
204	117	57	0.00325	0.00727	5.234e+03	-0.042	0.496	GO:0033044
205	41	20	0.00311	0.00637	6.521e+02	-0.032	0.489	GO:0010464
206	21	11	0.00308	0.00925	1.659e+02	-0.057	0.567	GO:0050832
207	61	29	0.00304	0.00537	1.458e+03	-0.01	0.432	GO:0016525
208	23	14	0.00296	0.00792	1.719e+02	0.079	0.463	GO:0033146
209	29	14	0.00294	0.00793	3.317e+02	0.068	0.381	GO:0043928
210	22	12	0.00293	0.00668	1.759e+02	0.046	0.519	GO:0042490
211	38	15	0.0029	0.00682	6.410e+02	-0.083	0.415	GO:0050911
212	51	26	0.00286	0.00858	9.744e+02	-0.014	0.463	GO:0001508
213	40	20	0.00279	0.00838	6.102e+02	-0.015	0.475	GO:1902930
214	23	15	0.00279	0.00703	1.569e+02	0.148	0.459	GO:0002828
215	22	9	0.00277	0.00718	2.148e+02	-0.071	0.493	GO:0051898
216	74	39	0.00275	0.00565	1.991e+03	-0.024	0.548	GO:0007051
217	28	15	0.00274	0.00551	2.867e+02	-0.065	0.505	GO:0009225
218	23	13	0.00266	0.00798	1.859e+02	0.023	0.424	GO:2000191
219	30	11	0.0026	0.00409	4.195e+02	-0.051	0.407	GO:0048864
220	25	11	0.0026	0.00653	2.637e+02	-0.148	0.445	GO:0036151
221	21	13	0.00253	0.0075	1.409e+02	0.165	0.411	GO:0002040
222	59	28	0.00252	0.00593	1.366e+03	-0.044	0.478	GO:0043271
223	94	48	0.0025	0.00751	3.280e+03	-0.017	0.484	GO:0019827
224	23	7	0.00249	0.00746	2.737e+02	-0.174	0.326	GO:0051180
225	31	16	0.00242	0.00727	3.606e+02	-0.003	0.407	GO:0030279
226	25	12	0.0024	0.00721	2.488e+02	-0.023	0.419	GO:0042311
227	30	14	0.0024	0.00605	3.626e+02	-0.059	0.466	GO:0050873
228	89	44	0.00237	0.00559	3.008e+03	0.007	0.484	GO:0050680
229	40	18	0.00235	0.00485	6.550e+02	-0.076	0.489	GO:0007259
230	22	12	0.00234	0.00661	1.759e+02	0.096	0.369	GO:0003208
231	24	7	0.00234	0.00701	3.026e+02	-0.201	0.58	GO:0007194
232	20	11	0.00231	0.00694	1.449e+02	0.024	0.499	GO:0030879
233	23	10	0.00229	0.00688	2.258e+02	-0.016	0.45	GO:0007032
234	25	13	0.00228	0.0052	2.348e+02	0.085	0.432	GO:0001937
235	139	60	0.00221	0.00664	7.960e+03	-0.053	0.465	GO:0050657
236	29	14	0.00214	0.00409	3.317e+02	0.032	0.361	GO:0044275
237	45	20	0.00206	0.00564	8.336e+02	-0.027	0.399	GO:0006120
238	51	26	0.002	0.00418	9.744e+02	-0.013	0.457	GO:0051952
239	30	14	0.00199	0.00408	3.626e+02	0.026	0.373	GO:0032653
240	23	13	0.00196	0.00543	1.859e+02	0.023	0.555	GO:0044773
241	66	32	0.00192	0.00311	1.682e+03	-0.026	0.488	GO:2000117
242	60	30	0.00189	0.00568	1.363e+03	0.026	0.465	GO:0032088
243	27	10	0.00189	0.00464	3.396e+02	-0.088	0.385	GO:0032410
244	31	17	0.00189	0.00557	3.437e+02	-0.019	0.495	GO:0070192
245	20	10	0.00188	0.00293	1.559e+02	0.105	0.359	GO:0060349
246	38	15	0.00185	0.00556	6.410e+02	-0.052	0.401	GO:0006513
247	22	10	0.00185	0.00396	2.008e+02	-0.005	0.412	GO:0032728
248	54	33	0.00182	0.00524	9.236e+02	0.104	0.423	GO:0002285
249	39	19	0.00181	0.00544	5.912e+02	0.0	0.435	GO:0051017
250	26	11	0.0018	0.00541	2.917e+02	-0.046	0.369	GO:0007215
251	34	20	0.0018	0.00446	3.856e+02	0.095	0.476	GO:0002562
252	20	10	0.00178	0.00535	1.559e+02	0.09	0.368	GO:0043537
253	91	41	0.00178	0.00534	3.340e+03	-0.059	0.468	GO:0007423
254	26	11	0.00178	0.00368	2.917e+02	-0.105	0.494	GO:0032873
255	22	18	0.0017	0.0051	8.297e+01	0.243	0.559	GO:0048710
256	60	28	0.0017	0.00485	1.428e+03	-0.052	0.449	GO:0006968
257	63	29	0.00169	0.00351	1.587e+03	-0.042	0.472	GO:0043154
258	40	21	0.00169	0.00506	5.892e+02	0.037	0.477	GO:2001251
259	133	50	0.00166	0.00499	7.883e+03	-0.141	0.383	GO:0006986
260	35	18	0.00166	0.00499	4.595e+02	-0.029	0.522	GO:0046134
261	45	20	0.00165	0.00496	8.336e+02	-0.029	0.436	GO:0007030
262	34	17	0.00165	0.00496	4.425e+02	0.049	0.464	GO:0055021
263	42	17	0.00162	0.00485	7.697e+02	-0.061	0.423	GO:0015908
264	32	14	0.00162	0.00485	4.295e+02	-0.097	0.531	GO:0033628
265	20	12	0.0016	0.0035	1.329e+02	0.044	0.469	GO:0051953
266	57	27	0.00159	0.00318	1.277e+03	0.013	0.461	GO:0050684
267	21	13	0.00155	0.00466	1.409e+02	0.075	0.535	GO:0010165
268	21	11	0.00154	0.00343	1.659e+02	-0.049	0.475	GO:0014003
269	26	13	0.00152	0.00407	2.608e+02	0.049	0.387	GO:0033144
270	50	25	0.00152	0.00304	9.494e+02	-0.062	0.601	GO:0051784
271	35	19	0.00151	0.00303	4.405e+02	0.076	0.478	GO:0007566
272	20	10	0.00146	0.00439	1.559e+02	0.046	0.284	GO:0060081
273	66	31	0.00146	0.00438	1.718e+03	-0.047	0.511	GO:0009112
274	46	18	0.00144	0.00382	9.392e+02	-0.051	0.401	GO:0007266
275	51	25	0.00144	0.00431	1.001e+03	0.023	0.395	GO:0048641
276	52	26	0.00142	0.00427	1.026e+03	0.01	0.441	GO:2001237
277	27	11	0.0014	0.0042	3.216e+02	-0.046	0.397	GO:0034453
278	27	10	0.00135	0.00352	3.396e+02	-0.141	0.459	GO:0042310
279	30	9	0.00134	0.00283	4.623e+02	-0.205	0.22	GO:0018208
280	36	18	0.00133	0.00398	4.954e+02	-0.051	0.449	GO:0042312
281	37	16	0.00132	0.00397	5.762e+02	-0.063	0.409	GO:0014075
282	39	14	0.0013	0.00391	7.108e+02	-0.128	0.384	GO:0032006
283	26	9	0.00128	0.00384	3.266e+02	-0.042	0.281	GO:0016339
284	22	9	0.00128	0.003	2.148e+02	-0.073	0.387	GO:0006400
285	20	12	0.00126	0.00378	1.329e+02	0.043	0.536	GO:0002262
286	22	11	0.00118	0.00279	1.879e+02	0.01	0.38	GO:0006509
287	90	45	0.00117	0.00312	3.052e+03	0.004	0.442	GO:2001234
288	33	17	0.00115	0.00346	4.085e+02	0.072	0.39	GO:0071326
289	56	22	0.00114	0.00316	1.383e+03	-0.041	0.352	GO:0002708
290	24	12	0.00113	0.00233	2.228e+02	0.077	0.369	GO:0003206
291	50	23	0.00112	0.00337	1.004e+03	0.016	0.38	GO:0010830
292	29	17	0.00112	0.00337	2.828e+02	0.037	0.55	GO:0051453
293	31	17	0.00111	0.00235	3.437e+02	0.05	0.521	GO:0006206
294	34	19	0.0011	0.0033	4.056e+02	0.029	0.522	GO:0006221
295	58	29	0.0011	0.0033	1.275e+03	-0.027	0.496	GO:2000648
296	20	10	0.0011	0.00227	1.559e+02	0.018	0.398	GO:0046640
297	62	27	0.00108	0.00325	1.592e+03	-0.038	0.447	GO:0016579
298	36	17	0.00107	0.00322	5.153e+02	0.027	0.439	GO:0006584
299	36	16	0.00107	0.0032	5.363e+02	-0.051	0.577	GO:0048538
300	23	10	0.00106	0.00319	2.258e+02	-0.017	0.391	GO:0043030
301	22	9	0.00104	0.00313	2.148e+02	-0.073	0.334	GO:0010507
302	29	11	0.00104	0.00312	3.855e+02	-0.183	0.476	GO:2000278
303	40	22	0.00103	0.00308	5.673e+02	0.033	0.504	GO:0001541
304	20	7	0.00102	0.00307	1.948e+02	-0.135	0.249	GO:0000413
305	22	10	0.00102	0.00307	2.008e+02	-0.098	0.604	GO:0045622
306	30	13	0.00099	0.00298	3.806e+02	-0.098	0.459	GO:0045429
307	31	19	0.00099	0.002	3.067e+02	0.005	0.585	GO:0051445
308	27	16	0.00097	0.00214	2.428e+02	0.08	0.463	GO:0019935
309	39	17	0.00096	0.00288	6.361e+02	-0.085	0.439	GO:0042147
310	66	30	0.00096	0.00287	1.755e+03	-0.02	0.437	GO:0040014
311	22	14	0.00095	0.00231	1.489e+02	0.076	0.578	GO:0045879
312	69	32	0.00094	0.00283	1.892e+03	-0.045	0.469	GO:0001654
313	21	12	0.00094	0.00249	1.539e+02	0.092	0.511	GO:0033198
314	25	9	0.00094	0.00281	2.967e+02	-0.131	0.451	GO:0050691
315	126	62	0.00093	0.0028	6.026e+03	-0.036	0.486	GO:0046390
316	46	19	0.00092	0.00182	9.104e+02	-0.08	0.427	GO:0035036
317	41	20	0.00091	0.00186	6.521e+02	0.037	0.406	GO:0001678
318	23	12	0.00091	0.00274	1.988e+02	-0.016	0.509	GO:0044062
319	59	27	0.00091	0.00198	1.399e+03	-0.057	0.515	GO:0046634
320	27	16	0.00091	0.00156	2.428e+02	0.058	0.615	GO:0051983
321	51	20	0.0009	0.0027	1.151e+03	-0.033	0.318	GO:0032945
322	47	22	0.0009	0.00185	8.785e+02	-0.083	0.502	GO:0005977
323	25	14	0.00088	0.00265	2.208e+02	-0.013	0.478	GO:0060444
324	38	13	0.00088	0.00263	6.918e+02	-0.195	0.476	GO:0046365
325	22	9	0.00087	0.00262	2.148e+02	-0.094	0.478	GO:0032201
326	28	16	0.00087	0.0026	2.708e+02	0.011	0.537	GO:0005979
327	24	17	0.00086	0.00259	1.479e+02	0.128	0.574	GO:0045687
328	21	7	0.00086	0.00258	2.198e+02	-0.14	0.302	GO:0043029
329	26	12	0.00085	0.00256	2.757e+02	-0.088	0.467	GO:0042133
330	23	12	0.00084	0.00253	1.988e+02	0.074	0.417	GO:0032689
331	31	16	0.00084	0.00185	3.606e+02	-0.055	0.533	GO:0072529
332	37	18	0.00084	0.00252	5.333e+02	0.0	0.376	GO:0051148
333	53	30	0.00082	0.00247	9.655e+02	-0.025	0.491	GO:0050807
334	25	11	0.00082	0.00192	2.637e+02	-0.034	0.43	GO:0006893
335	22	9	0.0008	0.0024	2.148e+02	0.004	0.456	GO:0042417
336	27	12	0.0008	0.00163	3.047e+02	-0.001	0.378	GO:0001914
337	37	17	0.0008	0.00192	5.543e+02	-0.067	0.418	GO:0043618
338	23	12	0.00079	0.00238	1.988e+02	0.032	0.492	GO:0032369
339	29	11	0.00079	0.00158	3.855e+02	-0.099	0.391	GO:0050853
340	34	20	0.00078	0.00235	3.856e+02	0.054	0.467	GO:2001021
341	32	13	0.00078	0.00234	4.494e+02	-0.103	0.418	GO:0051353
342	32	17	0.00078	0.00234	3.756e+02	-0.058	0.607	GO:0071320
343	22	14	0.00077	0.0023	1.489e+02	0.113	0.467	GO:0019933
344	55	25	0.00076	0.00228	1.223e+03	-0.08	0.421	GO:0050806
345	34	18	0.00075	0.00226	4.245e+02	0.07	0.41	GO:0045668
346	44	24	0.00074	0.00221	6.901e+02	0.022	0.52	GO:0000018
347	45	34	0.00073	0.00137	4.406e+02	0.187	0.556	GO:0045685
348	44	19	0.00073	0.00149	8.116e+02	-0.039	0.447	GO:0051279
349	20	11	0.00073	0.0018	1.449e+02	0.121	0.454	GO:0060045
350	61	27	0.00072	0.00216	1.527e+03	-0.024	0.433	GO:0010522
351	28	14	0.00072	0.00216	3.017e+02	-0.08	0.585	GO:2001244
352	60	28	0.00072	0.00215	1.428e+03	-0.063	0.418	GO:0001708
353	69	31	0.0007	0.00211	1.931e+03	-0.043	0.487	GO:0017148
354	29	15	0.0007	0.0021	3.157e+02	0.029	0.379	GO:0001838
355	26	12	0.0007	0.00206	2.757e+02	-0.074	0.479	GO:0009954
356	26	14	0.0007	0.00162	2.468e+02	-0.001	0.489	GO:0046132
357	22	9	0.00069	0.00127	2.148e+02	-0.08	0.41	GO:0000819
358	25	10	0.00069	0.00156	2.797e+02	-0.049	0.434	GO:0031057
359	31	13	0.00069	0.00208	4.145e+02	-0.124	0.57	GO:0010977
360	97	47	0.00068	0.00203	3.618e+03	-0.025	0.454	GO:0090101
361	22	11	0.00067	0.00202	1.879e+02	-0.032	0.437	GO:0006906
362	30	26	0.00066	0.00198	1.150e+02	0.408	0.377	GO:0007190
363	30	15	0.00066	0.00198	3.456e+02	-0.019	0.521	GO:0071827
364	34	19	0.00065	0.00179	4.056e+02	0.012	0.515	GO:0035019
365	20	12	0.00065	0.00194	1.329e+02	-0.082	0.633	GO:0021795
366	21	9	0.00065	0.00194	1.908e+02	-0.072	0.491	GO:0090022
367	40	21	0.00063	0.00183	5.892e+02	0.043	0.403	GO:0007159
368	20	7	0.00063	0.0019	1.948e+02	-0.153	0.388	GO:0050892
369	32	19	0.00063	0.00175	3.387e+02	-0.013	0.574	GO:0006488
370	32	14	0.00063	0.00188	4.295e+02	-0.126	0.573	GO:0007094
371	32	18	0.00062	0.00187	3.576e+02	-0.092	0.605	GO:0008209
372	42	25	0.00061	0.00184	5.783e+02	0.036	0.516	GO:0032092
373	32	14	0.0006	0.0018	4.295e+02	-0.113	0.585	GO:0035601
374	24	9	0.0006	0.00133	2.677e+02	-0.109	0.341	GO:0003279
375	32	16	0.0006	0.00179	3.926e+02	0.024	0.467	GO:0032722
376	35	18	0.00059	0.00178	4.595e+02	0.042	0.455	GO:0007628
377	41	17	0.00059	0.00178	7.238e+02	-0.091	0.462	GO:0043967
378	33	16	0.00059	0.00127	4.265e+02	0.001	0.395	GO:1901796
379	109	51	0.00058	0.00121	4.668e+03	-0.004	0.393	GO:0002703
380	29	14	0.00058	0.0017	3.317e+02	-0.078	0.592	GO:0042304
381	25	12	0.00057	0.00115	2.488e+02	-0.033	0.471	GO:0000038
382	48	29	0.00057	0.00115	7.410e+02	0.102	0.467	GO:0007189
383	25	10	0.00056	0.00169	2.797e+02	-0.054	0.409	GO:0006760
384	133	63	0.00056	0.00149	6.881e+03	-0.024	0.463	GO:0003013
385	83	41	0.00056	0.00167	2.620e+03	-0.034	0.481	GO:0046824
386	88	37	0.00055	0.00164	3.259e+03	-0.135	0.522	GO:0000079
387	23	11	0.00055	0.00164	2.118e+02	0.011	0.399	GO:0042346
388	61	25	0.00054	0.00161	1.599e+03	-0.073	0.433	GO:0009451
389	41	14	0.00054	0.00161	8.045e+02	-0.036	0.227	GO:0034968
390	24	10	0.00053	0.0016	2.518e+02	-0.016	0.378	GO:0042596
391	37	15	0.00053	0.00158	5.991e+02	0.037	0.372	GO:0003151
392	23	10	0.00052	0.00157	2.258e+02	-0.105	0.516	GO:0032965
393	64	37	0.00052	0.00156	1.375e+03	0.086	0.422	GO:0031279
394	48	22	0.00052	0.00155	9.284e+02	-0.094	0.502	GO:0006073
395	21	10	0.00051	0.00154	1.779e+02	0.033	0.354	GO:0000718
396	77	35	0.00051	0.00154	2.383e+03	-0.047	0.433	GO:0033238
397	20	14	0.00051	0.00105	1.059e+02	0.099	0.539	GO:2000779
398	46	22	0.00051	0.00146	8.297e+02	0.008	0.456	GO:0055024
399	20	10	0.0005	0.0015	1.559e+02	0.046	0.491	GO:0050685
400	164	71	0.0005	0.00149	1.104e+04	-0.085	0.478	GO:0030522
401	42	20	0.00049	0.00146	6.950e+02	0.002	0.392	GO:0002718
402	30	11	0.00048	0.00145	4.195e+02	-0.109	0.495	GO:0022408
403	33	18	0.00047	0.00114	3.906e+02	-0.066	0.52	GO:0046471
404	57	22	0.00046	0.00139	1.447e+03	-0.112	0.468	GO:0007202
405	32	12	0.00046	0.00138	4.704e+02	-0.075	0.389	GO:0048706
406	22	11	0.00046	0.00137	1.879e+02	-0.024	0.378	GO:0002886
407	29	15	0.00046	0.00093	3.157e+02	-0.001	0.502	GO:0042743
408	21	9	0.00045	0.00136	1.908e+02	-0.15	0.481	GO:0046135
409	22	12	0.00045	0.00134	1.759e+02	0.077	0.504	GO:0017145
410	56	25	0.00045	0.00134	1.281e+03	-0.062	0.539	GO:0045582
411	37	19	0.00044	0.00133	5.134e+02	0.015	0.476	GO:0001656
412	79	31	0.00044	0.00132	2.737e+03	-0.093	0.43	GO:0008033
413	105	50	0.00043	0.0013	4.285e+03	-0.017	0.472	GO:0010675
414	44	25	0.00043	0.00086	6.651e+02	0.087	0.421	GO:0060078
415	79	36	0.00042	0.00096	2.504e+03	0.007	0.417	GO:0014706
416	20	8	0.00042	0.00126	1.808e+02	-0.102	0.389	GO:2000108
417	30	15	0.0004	0.0012	3.456e+02	0.04	0.415	GO:0010596
418	20	8	0.0004	0.0012	1.808e+02	-0.177	0.46	GO:0046949
419	28	15	0.00038	0.00115	2.867e+02	0.003	0.509	GO:0043470
420	58	28	0.00038	0.00114	1.305e+03	-0.034	0.505	GO:0051297
421	56	23	0.00037	0.0011	1.348e+03	-0.14	0.514	GO:0007286
422	42	19	0.00037	0.0011	7.189e+02	-0.044	0.482	GO:0035136
423	20	9	0.00037	0.0011	1.679e+02	-0.044	0.514	GO:0046839
424	27	14	0.00036	0.00108	2.738e+02	-0.015	0.49	GO:0009147
425	32	12	0.00034	0.00103	4.704e+02	-0.08	0.319	GO:0010828
426	20	10	0.00034	0.00103	1.559e+02	0.026	0.404	GO:0019724
427	40	20	0.00034	0.00103	6.102e+02	-0.037	0.439	GO:0032890
428	92	36	0.00034	0.00102	3.709e+03	-0.106	0.439	GO:0019886
429	33	17	0.00034	0.00101	4.085e+02	-0.05	0.581	GO:0009620
430	21	13	0.00032	0.00066	1.409e+02	0.141	0.408	GO:0002720
431	31	11	0.00032	0.00096	4.554e+02	-0.092	0.418	GO:0042558
432	42	18	0.00032	0.00095	7.438e+02	-0.121	0.499	GO:0015918
433	21	11	0.00031	0.00092	1.659e+02	0.011	0.453	GO:0000272
434	42	21	0.00031	0.00092	6.720e+02	-0.014	0.461	GO:0006909
435	47	22	0.00031	0.00092	8.785e+02	-0.041	0.456	GO:0019229
436	60	27	0.0003	0.0009	1.462e+03	-0.012	0.461	GO:1903311
437	26	12	0.0003	0.00089	2.757e+02	-0.011	0.54	GO:0000188
438	29	9	0.0003	0.00089	4.264e+02	-0.136	0.373	GO:0050805
439	37	19	0.00029	0.00086	5.134e+02	-0.026	0.518	GO:0007292
440	40	16	0.00029	0.00086	7.039e+02	-0.054	0.495	GO:0050772
441	23	7	0.00028	0.00085	2.737e+02	-0.219	0.475	GO:0043534
442	22	9	0.00028	0.00084	2.148e+02	-0.017	0.362	GO:0048048
443	34	14	0.00028	0.00083	5.023e+02	-0.137	0.46	GO:0001707
444	25	12	0.00028	0.00083	2.488e+02	-0.119	0.628	GO:0016575
445	72	27	0.00028	0.00083	2.334e+03	-0.16	0.49	GO:0050688
446	74	38	0.00027	0.00082	2.030e+03	0.033	0.447	GO:0051153
447	37	27	0.00027	0.0008	3.258e+02	0.295	0.399	GO:0042098
448	140	53	0.00026	0.00078	8.697e+03	-0.14	0.384	GO:0035966
449	47	17	0.00024	0.00071	1.023e+03	-0.142	0.415	GO:0001776
450	46	27	0.00024	0.00071	7.031e+02	-0.02	0.617	GO:1902600
451	57	29	0.00023	0.00068	1.217e+03	-0.06	0.52	GO:0009201
452	44	19	0.00022	0.00067	8.116e+02	-0.068	0.526	GO:0046635
453	21	10	0.00022	0.00066	1.779e+02	-0.038	0.497	GO:0071312
454	21	6	0.00021	0.00064	2.357e+02	-0.175	0.464	GO:0071897
455	33	14	0.00021	0.00062	4.654e+02	-0.151	0.573	GO:0071173
456	22	8	0.0002	0.0006	2.298e+02	-0.067	0.447	GO:0006297
457	49	20	0.0002	0.00059	1.039e+03	-0.103	0.458	GO:0008637
458	29	11	0.00019	0.00056	3.855e+02	-0.175	0.438	GO:0035337
459	20	8	0.00018	0.00055	1.808e+02	-0.071	0.373	GO:0051881
460	23	11	0.00018	0.00053	2.118e+02	-0.056	0.44	GO:0001990
461	23	9	0.00018	0.00053	2.408e+02	-0.064	0.347	GO:0019835
462	22	10	0.00017	0.00052	2.008e+02	0.017	0.379	GO:0050829
463	22	11	0.00016	0.00049	1.879e+02	-0.055	0.519	GO:0010823
464	111	50	0.00016	0.00048	4.958e+03	-0.061	0.485	GO:0022904
465	30	10	0.00016	0.00047	4.404e+02	-0.208	0.518	GO:0006370
466	22	12	0.00016	0.00047	1.759e+02	0.037	0.489	GO:0061005
467	92	44	0.00015	0.00044	3.285e+03	-0.063	0.514	GO:0042476
468	54	22	0.00014	0.00042	1.260e+03	-0.027	0.34	GO:0070664
469	31	13	0.00014	0.00041	4.145e+02	-0.024	0.426	GO:0006891
470	26	12	0.00013	0.0004	2.757e+02	-0.112	0.454	GO:0045814
471	52	25	0.00013	0.00038	1.054e+03	0.007	0.459	GO:0000288
472	37	23	0.00013	0.00038	4.276e+02	0.109	0.447	GO:0032755
473	22	9	0.00011	0.00029	2.148e+02	-0.208	0.472	GO:0035336
474	21	12	0.00011	0.00032	1.539e+02	0.134	0.414	GO:0045616
475	40	21	0.0001	0.00031	5.892e+02	0.02	0.473	GO:0031018
476	23	7	0.0001	0.0003	2.737e+02	-0.12	0.25	GO:0045930
477	23	9	0.0001	0.00029	2.408e+02	-0.111	0.38	GO:0048512
478	29	12	9e-05	0.00026	3.666e+02	0.021	0.266	GO:0048742
479	131	66	9e-05	0.00026	6.409e+03	-0.008	0.459	GO:0051048
480	20	10	8e-05	0.00024	1.559e+02	0.033	0.43	GO:0048477
481	53	25	8e-05	0.00023	1.109e+03	-0.087	0.491	GO:0006213
482	30	15	7e-05	0.00022	3.456e+02	0.019	0.379	GO:0072175
483	44	16	6e-05	0.00019	8.953e+02	-0.111	0.5	GO:0048844
484	24	10	6e-05	0.00018	2.518e+02	-0.065	0.522	GO:0001539
485	22	11	6e-05	0.00018	1.879e+02	-0.048	0.549	GO:0015985
486	184	73	6e-05	0.00018	1.460e+04	-0.105	0.413	GO:0048002
487	48	27	6e-05	0.00017	7.978e+02	0.088	0.42	GO:2001022
488	23	10	5e-05	0.00016	2.258e+02	0.059	0.216	GO:0045661
489	27	12	5e-05	0.00016	3.047e+02	-0.053	0.573	GO:0098656
490	29	13	5e-05	0.00014	3.486e+02	0.011	0.516	GO:0010524
491	20	11	4e-05	0.00013	1.449e+02	0.145	0.553	GO:0001953
492	31	15	4e-05	0.00013	3.776e+02	-0.065	0.543	GO:0030073
493	21	9	4e-05	0.00012	1.908e+02	-0.006	0.404	GO:0001662
494	26	6	4e-05	0.00012	3.865e+02	-0.176	0.32	GO:0006904
495	47	19	4e-05	0.00011	9.622e+02	-0.098	0.476	GO:0006283
496	37	15	4e-05	0.00011	5.991e+02	-0.116	0.437	GO:0032784
497	30	17	4e-05	0.00011	3.127e+02	0.011	0.515	GO:0070873
498	96	39	3e-05	8e-05	3.952e+03	-0.082	0.42	GO:0002504
499	32	16	3e-05	8e-05	3.926e+02	-0.029	0.453	GO:0002792
500	39	15	2e-05	7e-05	6.849e+02	-0.143	0.491	GO:0007041
501	22	9	2e-05	7e-05	2.148e+02	-0.161	0.561	GO:0071384
502	129	50	2e-05	6e-05	7.298e+03	-0.133	0.452	GO:0018205
503	27	9	2e-05	5e-05	3.586e+02	-0.145	0.49	GO:0010508
504	28	9	1e-05	4e-05	3.915e+02	-0.152	0.353	GO:0006309
505	23	9	1e-05	4e-05	2.408e+02	0.014	0.288	GO:0010574
506	20	13	1e-05	4e-05	1.199e+02	0.106	0.493	GO:0014743
507	33	17	1e-05	2e-05	4.085e+02	0.004	0.459	GO:0010770
508	35	29	1e-05	2e-05	1.959e+02	0.372	0.378	GO:0045762
509	21	8	1e-05	2e-05	2.048e+02	-0.094	0.465	GO:0060412
510	31	15	0.0	1e-05	3.776e+02	0.01	0.415	GO:0033619
511	26	13	0.0	1e-05	2.608e+02	-0.037	0.555	GO:0044774
512	22	10	0.0	1e-05	2.008e+02	-0.151	0.541	GO:0090200