Creation Time:	2022-12-29 17:59:19

INPUT:
File name:	crfe_v018.py
Annotations file:	/Users/JasonJia/Desktop/CRFE/Xinglin_insilico/data/human4/human_anno.txt
Gene file:	/Users/JasonJia/Desktop/CRFE/Xinglin_insilico/data/human4/human0.4_0.25_2_10_seed_24.txt
lower limit annotations/process:	20
upper limit annotations/process:	200
k (number of perturbed categories):	0 (i.e., each perturbed gene in its own category)
threshold:	0
threshold type:	levels
belief:	10.0
Method:	MCMC with parameter learning with an empty set as initial set
repeats:	10
burnin steps:	25000
MCMC steps:	25000
Maximal value for alpha and beta:	0.3548387096774194
Maximal possible value for alpha and beta:	0.3548387096774194
Probability parameter change:	0.2
seed for RNG:	2849225426

Initial set of processes:
Empty set

INPUT ANALYSIS:
Total number of processes:	2291
Total number of genes:	11704
Number of perturbed genes:	4875
Proportion perturbed genes:	0.41652426520847574

OUTPUT:
Learnt parameters:
alpha (FPR):	0.3548387096774194
beta (FNR):	0.3548387096774194
q (penalization parameter):	0.001


Best log-likelihood value (mean +- standard deviation across replicates):	-8548.16419232402 +- 3.6244988502736453

Order	#(Annotations)	#(Annotations of perturbed genes)	Mean Posterior Probability	Standard Deviation Posterior Probability	p-value	Average Expression Level	Average position perturbed genes	Term Name
1	51	36	0.96954	0.09139	6.603e+02	0.198	0.456	GO:0051952
2	24	18	0.95477	0.10549	1.299e+02	0.263	0.443	GO:0008089
3	111	94	0.94787	0.1564	1.750e+03	0.396	0.394	GO:0060191
4	100	47	0.94228	0.17315	3.921e+03	0.004	0.388	GO:0050906
5	24	14	0.92364	0.15542	1.959e+02	0.115	0.331	GO:0042537
6	61	44	0.81639	0.31851	9.009e+02	0.206	0.459	GO:0000723
7	76	54	0.7689	0.36161	1.440e+03	0.188	0.475	GO:0009913
8	28	17	0.69612	0.30042	2.538e+02	0.167	0.386	GO:0042036
9	68	35	0.69392	0.37887	1.713e+03	0.033	0.38	GO:0009100
10	37	21	0.67602	0.38564	4.725e+02	0.091	0.272	GO:0032755
11	46	25	0.52215	0.28138	7.559e+02	0.066	0.364	GO:0007266
12	60	35	0.48675	0.43694	1.199e+03	0.101	0.456	GO:0030148
13	79	38	0.47726	0.27825	2.417e+03	-0.001	0.432	GO:0031570
14	29	20	0.46551	0.42298	2.258e+02	0.21	0.412	GO:0051893
15	134	78	0.42461	0.4354	5.942e+03	0.057	0.471	GO:0002221
16	20	14	0.42239	0.23269	1.059e+02	0.214	0.378	GO:0006949
17	27	18	0.41798	0.28625	2.079e+02	0.216	0.348	GO:0048536
18	66	36	0.41719	0.28863	1.543e+03	0.051	0.462	GO:0034340
19	37	24	0.41356	0.45844	4.036e+02	0.172	0.409	GO:1901888
20	22	15	0.40901	0.29163	1.339e+02	0.25	0.346	GO:0033344
21	121	65	0.3834	0.32518	5.217e+03	0.025	0.469	GO:0010721
22	121	64	0.37145	0.38886	5.282e+03	0.021	0.473	GO:0006665
23	72	34	0.35536	0.37468	2.035e+03	-0.013	0.401	GO:2000736
24	23	15	0.34613	0.28137	1.569e+02	0.239	0.285	GO:0060760
25	143	77	0.34496	0.40972	7.262e+03	0.038	0.47	GO:2000027
26	28	23	0.33362	0.28702	1.309e+02	0.221	0.511	GO:0035567
27	94	51	0.32435	0.29848	3.131e+03	0.026	0.459	GO:0050768
28	34	22	0.29617	0.38285	3.427e+02	0.133	0.369	GO:0009101
29	137	79	0.29567	0.30745	6.269e+03	0.053	0.468	GO:0002758
30	64	33	0.25952	0.32537	1.517e+03	0.044	0.426	GO:0009914
31	80	45	0.24055	0.27985	2.201e+03	0.043	0.463	GO:0060070
32	60	33	0.2389	0.30607	1.268e+03	0.066	0.419	GO:0002698
33	55	45	0.23177	0.36275	5.056e+02	0.278	0.489	GO:0030216
34	24	14	0.22682	0.16839	1.959e+02	0.073	0.45	GO:0006658
35	142	71	0.22307	0.3041	7.562e+03	-0.025	0.456	GO:0031346
36	79	41	0.20568	0.31906	2.294e+03	0.072	0.361	GO:0032675
37	57	28	0.1878	0.23643	1.247e+03	0.029	0.418	GO:0042472
38	62	44	0.18361	0.31851	9.627e+02	0.195	0.459	GO:0032200
39	52	25	0.18259	0.17205	1.054e+03	-0.001	0.417	GO:0009855
40	40	25	0.17934	0.2436	4.955e+02	0.066	0.474	GO:0050819
41	121	70	0.16498	0.275	4.880e+03	0.056	0.465	GO:0002224
42	29	16	0.15772	0.17628	2.997e+02	0.047	0.451	GO:0008334
43	22	13	0.1527	0.14885	1.629e+02	0.12	0.361	GO:0008207
44	21	17	0.15219	0.12218	7.897e+01	0.384	0.408	GO:0001662
45	49	24	0.1486	0.19806	9.254e+02	0.008	0.427	GO:0007368
46	94	41	0.14348	0.28377	3.634e+03	-0.058	0.402	GO:0042035
47	74	41	0.13085	0.17067	1.911e+03	0.039	0.463	GO:0051053
48	59	31	0.12372	0.15008	1.273e+03	0.017	0.422	GO:0046634
49	31	16	0.11569	0.1186	3.606e+02	0.004	0.393	GO:0006654
50	82	41	0.1095	0.09798	2.536e+03	-0.012	0.482	GO:0043902
51	30	23	0.10792	0.10807	1.899e+02	0.281	0.421	GO:0032653
52	22	14	0.10104	0.18721	1.489e+02	0.221	0.284	GO:0001961
53	144	82	0.1004	0.22171	7.008e+03	0.05	0.465	GO:0002218
54	53	25	0.10012	0.16076	1.109e+03	-0.014	0.417	GO:0009799
55	149	69	0.09896	0.20542	8.751e+03	-0.024	0.445	GO:0000075
56	28	15	0.09815	0.09707	2.867e+02	0.037	0.448	GO:0033077
57	29	21	0.09519	0.16543	2.049e+02	0.238	0.477	GO:0014014
58	34	19	0.094	0.09182	4.056e+02	0.106	0.413	GO:0009755
59	25	12	0.0889	0.09534	2.488e+02	0.06	0.322	GO:0042181
60	23	16	0.08613	0.09567	1.409e+02	0.177	0.452	GO:0032369
61	65	35	0.08547	0.08911	1.513e+03	0.045	0.461	GO:0060337
62	26	16	0.08376	0.06469	2.158e+02	0.069	0.478	GO:0042246
63	21	11	0.08248	0.09775	1.659e+02	0.107	0.447	GO:0048665
64	101	50	0.08169	0.17504	3.865e+03	-0.0	0.473	GO:0016202
65	146	68	0.07859	0.11995	8.373e+03	-0.035	0.466	GO:0016197
66	64	35	0.07572	0.11577	1.448e+03	0.046	0.393	GO:0001952
67	37	21	0.06971	0.06909	4.725e+02	0.064	0.505	GO:0031644
68	43	24	0.0653	0.09189	6.461e+02	0.031	0.414	GO:0030516
69	26	12	0.06174	0.13184	2.757e+02	-0.086	0.433	GO:0009954
70	77	32	0.05477	0.08008	2.517e+03	-0.108	0.443	GO:0006914
71	82	71	0.05305	0.15611	8.473e+02	0.433	0.385	GO:0060193
72	168	75	0.05289	0.13308	1.137e+04	-0.075	0.465	GO:0000209
73	163	74	0.05212	0.15636	1.059e+04	-0.061	0.425	GO:0010720
74	60	32	0.05142	0.06788	1.301e+03	0.043	0.429	GO:0010976
75	24	19	0.05133	0.08457	1.110e+02	0.339	0.409	GO:0042596
76	23	13	0.0504	0.1512	1.859e+02	0.159	0.293	GO:0050974
77	32	15	0.0504	0.09447	4.105e+02	0.03	0.359	GO:0006801
78	145	65	0.04938	0.14814	8.460e+03	-0.068	0.499	GO:1903322
79	40	19	0.04909	0.04448	6.321e+02	0.073	0.412	GO:0031343
80	86	38	0.04839	0.14447	3.021e+03	-0.051	0.427	GO:0030217
81	43	21	0.04671	0.05944	7.159e+02	-0.049	0.471	GO:0046460
82	34	19	0.0436	0.12854	4.056e+02	0.105	0.381	GO:0055021
83	31	20	0.04117	0.0529	2.868e+02	0.127	0.482	GO:0021954
84	20	14	0.04059	0.04982	1.059e+02	0.175	0.526	GO:2000779
85	69	41	0.04038	0.09108	1.552e+03	0.019	0.5	GO:0050818
86	93	43	0.03975	0.05469	3.431e+03	-0.043	0.465	GO:0007218
87	20	12	0.03958	0.09157	1.329e+02	0.111	0.396	GO:0002262
88	103	51	0.03909	0.10673	4.018e+03	-0.001	0.469	GO:1901861
89	41	21	0.03904	0.03196	6.301e+02	-0.014	0.471	GO:0019432
90	109	51	0.03846	0.09881	4.668e+03	-0.009	0.429	GO:0002703
91	45	22	0.03804	0.0365	7.828e+02	0.047	0.475	GO:0006120
92	46	22	0.0373	0.05834	8.296e+02	0.054	0.454	GO:0031341
93	23	12	0.0364	0.04395	1.988e+02	0.028	0.396	GO:0033146
94	131	70	0.03529	0.10588	6.137e+03	0.015	0.472	GO:0051048
95	32	18	0.03366	0.02831	3.576e+02	0.073	0.442	GO:0051489
96	63	34	0.03359	0.08272	1.419e+03	-0.016	0.509	GO:0050880
97	143	68	0.03202	0.07121	7.928e+03	-0.032	0.45	GO:0001818
98	48	24	0.03039	0.07026	8.756e+02	-0.001	0.467	GO:0033143
99	32	13	0.02958	0.04119	4.494e+02	0.043	0.287	GO:0097194
100	28	15	0.02838	0.02994	2.867e+02	0.063	0.391	GO:0009072
101	57	35	0.02749	0.05708	1.022e+03	0.126	0.449	GO:0033555
102	64	35	0.02738	0.03458	1.448e+03	-0.006	0.504	GO:0035150
103	194	84	0.02666	0.04214	1.542e+04	-0.068	0.45	GO:0072376
104	28	15	0.02648	0.05079	2.867e+02	0.085	0.448	GO:0051145
105	22	16	0.02619	0.04207	1.179e+02	0.241	0.47	GO:0045686
106	60	26	0.02611	0.06765	1.497e+03	-0.035	0.401	GO:0015833
107	42	25	0.02476	0.07428	5.783e+02	0.123	0.332	GO:0002718
108	31	16	0.02449	0.06156	3.606e+02	-0.023	0.508	GO:0052646
109	51	27	0.02424	0.02532	9.474e+02	0.019	0.424	GO:0061387
110	29	17	0.02419	0.06796	2.828e+02	0.13	0.385	GO:0060043
111	60	29	0.024	0.03739	1.395e+03	0.023	0.402	GO:0046879
112	30	15	0.0235	0.03543	3.456e+02	-0.021	0.407	GO:0007040
113	195	88	0.02294	0.05068	1.519e+04	-0.063	0.452	GO:0010769
114	20	12	0.02288	0.03169	1.329e+02	0.126	0.453	GO:0060045
115	46	20	0.02274	0.03006	8.824e+02	-0.053	0.432	GO:0006369
116	29	20	0.02084	0.03244	2.258e+02	0.159	0.488	GO:0045777
117	24	11	0.02017	0.03399	2.368e+02	0.104	0.367	GO:0001916
118	22	12	0.02007	0.03893	1.759e+02	0.023	0.436	GO:0010507
119	30	17	0.01858	0.02693	3.127e+02	0.074	0.387	GO:2000514
120	42	22	0.01852	0.03836	6.501e+02	0.027	0.389	GO:0035051
121	38	22	0.01848	0.02664	4.884e+02	0.012	0.511	GO:0030593
122	24	15	0.01842	0.04393	1.809e+02	0.126	0.477	GO:0043500
123	49	25	0.01838	0.05514	8.995e+02	-0.018	0.413	GO:0061035
124	27	15	0.01832	0.05209	2.588e+02	0.076	0.352	GO:0055007
125	72	34	0.01805	0.02734	2.035e+03	-0.019	0.448	GO:0000077
126	44	29	0.018	0.02003	5.554e+02	0.114	0.5	GO:0000018
127	47	27	0.01767	0.05245	7.499e+02	0.043	0.452	GO:0051146
128	25	16	0.01756	0.02535	1.899e+02	0.126	0.501	GO:0006611
129	25	15	0.01694	0.02018	2.058e+02	0.088	0.477	GO:0001836
130	46	23	0.01668	0.03036	8.047e+02	-0.032	0.453	GO:0007588
131	37	20	0.01666	0.02521	4.934e+02	0.007	0.476	GO:0071479
132	43	18	0.01613	0.02497	7.907e+02	-0.056	0.367	GO:0070988
133	20	12	0.01601	0.04548	1.329e+02	0.073	0.394	GO:0045773
134	119	61	0.01599	0.02675	5.230e+03	-0.016	0.509	GO:0050954
135	24	13	0.01546	0.04639	2.098e+02	0.079	0.324	GO:0003279
136	23	13	0.01538	0.02353	1.859e+02	0.036	0.531	GO:0010574
137	20	12	0.01523	0.02545	1.329e+02	0.059	0.505	GO:0072337
138	25	17	0.01519	0.03044	1.729e+02	0.154	0.454	GO:0044058
139	21	11	0.01465	0.02821	1.659e+02	0.066	0.438	GO:0006342
140	53	25	0.01457	0.02355	1.109e+03	0.004	0.446	GO:0050807
141	25	16	0.01439	0.03305	1.899e+02	0.16	0.377	GO:0030206
142	91	44	0.01402	0.01818	3.191e+03	-0.078	0.543	GO:0051403
143	23	10	0.0136	0.02056	2.258e+02	-0.057	0.371	GO:0000060
144	37	19	0.0136	0.0408	5.134e+02	0.003	0.488	GO:0043618
145	31	17	0.01319	0.01674	3.437e+02	0.023	0.518	GO:0006891
146	69	31	0.01315	0.01621	1.931e+03	-0.031	0.423	GO:0042886
147	24	10	0.01314	0.01971	2.518e+02	-0.072	0.243	GO:0033003
148	55	30	0.01293	0.03	1.074e+03	0.024	0.495	GO:0090277
149	21	13	0.01278	0.01653	1.409e+02	0.132	0.446	GO:0034502
150	29	15	0.01276	0.02973	3.157e+02	0.004	0.469	GO:0009218
151	21	16	0.01271	0.02503	9.596e+01	0.147	0.579	GO:0035813
152	30	17	0.01257	0.01696	3.127e+02	0.134	0.394	GO:0022408
153	36	22	0.0121	0.01261	4.136e+02	0.058	0.477	GO:0030195
154	23	13	0.01163	0.01825	1.859e+02	0.183	0.323	GO:0034405
155	36	24	0.01162	0.02439	3.667e+02	0.103	0.599	GO:0022406
156	69	32	0.01136	0.03408	1.892e+03	-0.006	0.413	GO:0050868
157	20	11	0.01133	0.01673	1.449e+02	-0.012	0.519	GO:0060479
158	21	12	0.0112	0.02071	1.539e+02	0.148	0.407	GO:0045446
159	28	12	0.01106	0.02235	3.346e+02	-0.069	0.458	GO:0018146
160	73	32	0.01095	0.03133	2.193e+03	-0.038	0.463	GO:0048704
161	39	25	0.0108	0.02238	4.555e+02	0.162	0.501	GO:0008088
162	23	17	0.01054	0.0299	1.239e+02	0.147	0.552	GO:0044062
163	28	14	0.01002	0.03005	3.017e+02	0.042	0.391	GO:0046326
164	39	20	0.0098	0.01935	5.702e+02	0.001	0.475	GO:0007041
165	39	23	0.00954	0.02217	5.044e+02	0.144	0.383	GO:0060411
166	20	11	0.00953	0.01392	1.449e+02	0.061	0.455	GO:0050892
167	91	54	0.00945	0.02834	2.695e+03	0.064	0.498	GO:0045766
168	26	13	0.00922	0.02195	2.608e+02	-0.015	0.411	GO:0010559
169	28	13	0.00919	0.02309	3.177e+02	0.002	0.402	GO:0046189
170	43	24	0.00877	0.02149	6.461e+02	0.008	0.517	GO:0002244
171	21	11	0.00873	0.02012	1.659e+02	0.055	0.367	GO:0002832
172	32	19	0.00854	0.02287	3.387e+02	0.064	0.466	GO:0033628
173	22	9	0.0085	0.01148	2.148e+02	-0.1	0.451	GO:0017145
174	25	12	0.00815	0.01518	2.488e+02	-0.051	0.44	GO:0042311
175	97	42	0.00805	0.01235	3.886e+03	-0.063	0.454	GO:0031123
176	38	19	0.00775	0.01407	5.513e+02	-0.032	0.489	GO:0006997
177	53	25	0.00737	0.01299	1.109e+03	-0.016	0.442	GO:0048863
178	49	28	0.00715	0.01175	8.188e+02	0.048	0.546	GO:0006626
179	75	34	0.00709	0.01579	2.266e+03	-0.04	0.429	GO:0043901
180	53	30	0.00701	0.01263	9.655e+02	0.078	0.477	GO:0001938
181	22	12	0.00687	0.01601	1.759e+02	0.038	0.44	GO:0090103
182	41	25	0.00686	0.01573	5.364e+02	0.089	0.531	GO:0048168
183	76	38	0.00675	0.01541	2.180e+03	-0.004	0.471	GO:0001936
184	64	34	0.00673	0.00865	1.483e+03	-0.008	0.532	GO:0034440
185	59	32	0.00647	0.01331	1.241e+03	0.038	0.475	GO:0006687
186	23	10	0.00644	0.01244	2.258e+02	0.004	0.379	GO:0008299
187	64	33	0.00639	0.00852	1.517e+03	-0.008	0.532	GO:0031214
188	26	17	0.00634	0.01901	1.989e+02	0.095	0.601	GO:0043502
189	24	12	0.00627	0.0122	2.228e+02	-0.01	0.433	GO:0006361
190	58	31	0.00625	0.01686	1.214e+03	0.04	0.42	GO:0001816
191	45	26	0.00603	0.00896	6.841e+02	0.049	0.507	GO:0032024
192	21	11	0.006	0.00886	1.659e+02	0.152	0.274	GO:0060412
193	20	11	0.00595	0.01284	1.449e+02	0.147	0.353	GO:0046640
194	22	10	0.00591	0.01191	2.008e+02	-0.071	0.537	GO:0001909
195	20	14	0.00591	0.00719	1.059e+02	0.121	0.489	GO:0043537
196	22	9	0.00586	0.01758	2.148e+02	-0.061	0.289	GO:0002886
197	93	45	0.00574	0.0129	3.330e+03	-0.079	0.547	GO:0031098
198	25	17	0.00572	0.01224	1.729e+02	0.087	0.594	GO:0048169
199	76	41	0.0057	0.01584	2.061e+03	0.023	0.51	GO:0046887
200	49	26	0.00566	0.01485	8.736e+02	0.028	0.506	GO:0048588
201	23	11	0.00557	0.011	2.118e+02	-0.008	0.492	GO:0036152
202	32	24	0.00552	0.01536	2.289e+02	0.264	0.418	GO:0006312
203	22	12	0.0055	0.00704	1.759e+02	0.057	0.363	GO:0045622
204	31	16	0.00523	0.01101	3.606e+02	0.06	0.527	GO:0030279
205	86	33	0.00519	0.01558	3.279e+03	-0.124	0.432	GO:0030326
206	81	34	0.00513	0.01418	2.767e+03	-0.081	0.483	GO:0007093
207	31	17	0.00502	0.0104	3.437e+02	-0.076	0.588	GO:0033619
208	52	24	0.00499	0.00937	1.083e+03	-0.021	0.409	GO:0042180
209	27	14	0.00494	0.00665	2.737e+02	-0.001	0.473	GO:0009220
210	54	22	0.00491	0.01474	1.260e+03	-0.109	0.392	GO:0045069
211	27	13	0.00486	0.00839	2.887e+02	-0.032	0.489	GO:0009147
212	26	13	0.00478	0.01247	2.608e+02	-0.005	0.442	GO:0046132
213	116	59	0.00472	0.00877	4.998e+03	-0.025	0.516	GO:0007605
214	20	10	0.00471	0.01414	1.559e+02	0.032	0.533	GO:0072676
215	31	21	0.00463	0.00886	2.658e+02	0.197	0.375	GO:0043666
216	72	33	0.00461	0.01382	2.075e+03	-0.057	0.425	GO:0050688
217	26	11	0.0046	0.00861	2.917e+02	-0.09	0.394	GO:0070373
218	22	13	0.00458	0.01261	1.629e+02	0.163	0.395	GO:0035412
219	51	31	0.00457	0.01304	8.298e+02	0.055	0.518	GO:0044070
220	27	13	0.00449	0.01348	2.887e+02	-0.047	0.411	GO:1903018
221	25	12	0.0044	0.00881	2.488e+02	-0.041	0.433	GO:0006360
222	23	13	0.00418	0.00514	1.859e+02	0.065	0.473	GO:0009395
223	57	25	0.00417	0.0125	1.342e+03	-0.051	0.41	GO:0002065
224	32	16	0.00416	0.01051	3.926e+02	0.011	0.403	GO:0048706
225	34	15	0.00414	0.01241	4.814e+02	-0.115	0.46	GO:0051055
226	30	17	0.00385	0.01154	3.127e+02	0.056	0.443	GO:0071827
227	38	20	0.00381	0.006	5.313e+02	0.015	0.432	GO:0031281
228	26	11	0.0038	0.01141	2.917e+02	-0.114	0.569	GO:0048662
229	26	11	0.00376	0.00817	2.917e+02	-0.064	0.438	GO:0045814
230	21	8	0.00376	0.00752	2.048e+02	-0.08	0.252	GO:0043300
231	25	13	0.00369	0.01083	2.348e+02	0.112	0.386	GO:0050691
232	33	14	0.00368	0.00594	4.654e+02	-0.101	0.433	GO:0007257
233	31	11	0.00368	0.01104	4.554e+02	-0.098	0.343	GO:0015701
234	26	18	0.00366	0.00634	1.809e+02	0.117	0.622	GO:0006904
235	68	34	0.00355	0.01066	1.748e+03	-0.011	0.441	GO:0045666
236	35	19	0.00355	0.008	4.405e+02	0.061	0.396	GO:0002712
237	36	21	0.00354	0.00542	4.355e+02	0.078	0.473	GO:1901019
238	29	13	0.00354	0.01061	3.486e+02	-0.087	0.442	GO:0050690
239	24	14	0.0035	0.00666	1.959e+02	0.049	0.571	GO:0051568
240	112	55	0.0035	0.01049	4.773e+03	-0.048	0.47	GO:0042692
241	27	13	0.00348	0.00446	2.887e+02	0.076	0.418	GO:0001914
242	64	28	0.00348	0.00562	1.691e+03	-0.083	0.483	GO:0006406
243	99	48	0.00346	0.00649	3.766e+03	-0.031	0.48	GO:0051168
244	165	86	0.00345	0.01036	9.903e+03	0.001	0.5	GO:0045765
245	100	47	0.00343	0.00767	3.921e+03	-0.056	0.455	GO:0050770
246	29	15	0.00342	0.00546	3.157e+02	-0.091	0.541	GO:0044275
247	57	24	0.00341	0.00971	1.376e+03	-0.095	0.433	GO:0043507
248	20	10	0.00337	0.00927	1.559e+02	0.047	0.33	GO:0002825
249	35	18	0.00335	0.01004	4.595e+02	-0.059	0.531	GO:0050848
250	112	54	0.00334	0.01003	4.831e+03	0.003	0.414	GO:0002699
251	29	19	0.00331	0.00667	2.458e+02	0.08	0.514	GO:0042304
252	21	9	0.0033	0.00827	1.908e+02	0.015	0.354	GO:0019915
253	21	12	0.0033	0.0099	1.539e+02	0.085	0.438	GO:0032715
254	31	18	0.00325	0.00974	3.257e+02	0.008	0.508	GO:0034109
255	31	17	0.00318	0.00636	3.437e+02	-0.001	0.47	GO:0051445
256	73	35	0.00308	0.00923	2.071e+03	-0.031	0.49	GO:0048524
257	83	37	0.00306	0.00453	2.800e+03	-0.041	0.453	GO:0031124
258	33	13	0.00305	0.00815	4.863e+02	-0.1	0.429	GO:0042339
259	22	10	0.00304	0.00912	2.008e+02	-0.097	0.399	GO:0050912
260	23	12	0.00301	0.00852	1.988e+02	0.076	0.371	GO:0002828
261	26	13	0.003	0.00739	2.608e+02	0.039	0.308	GO:0050710
262	34	19	0.00299	0.00827	4.056e+02	0.103	0.374	GO:0032729
263	45	29	0.00295	0.0055	6.003e+02	0.211	0.364	GO:0042044
264	28	12	0.00294	0.00838	3.346e+02	-0.059	0.432	GO:0006309
265	23	14	0.00294	0.00843	1.719e+02	0.17	0.432	GO:0009595
266	34	14	0.00293	0.0088	5.023e+02	-0.064	0.366	GO:0045921
267	100	43	0.00292	0.00876	4.145e+03	-0.045	0.446	GO:0048705
268	32	18	0.0029	0.00719	3.576e+02	0.077	0.451	GO:2000107
269	50	24	0.00286	0.00539	9.763e+02	-0.011	0.467	GO:0006885
270	63	54	0.00278	0.00835	5.316e+02	0.451	0.36	GO:0010863
271	27	11	0.00278	0.0072	3.216e+02	-0.005	0.349	GO:0030449
272	32	16	0.00276	0.00827	3.926e+02	0.022	0.414	GO:0010828
273	40	21	0.00274	0.00566	5.892e+02	0.061	0.415	GO:0042130
274	22	14	0.00268	0.00447	1.489e+02	0.143	0.419	GO:0071384
275	29	16	0.00265	0.00476	2.997e+02	0.118	0.47	GO:0048742
276	111	52	0.00261	0.00784	4.836e+03	-0.018	0.507	GO:0022904
277	24	12	0.00258	0.0041	2.228e+02	-0.067	0.487	GO:0050850
278	67	34	0.00257	0.00772	1.680e+03	0.002	0.498	GO:0010469
279	23	10	0.00255	0.00339	2.258e+02	-0.059	0.437	GO:0009148
280	30	16	0.00254	0.00554	3.297e+02	0.1	0.402	GO:0003156
281	22	9	0.00252	0.00753	2.148e+02	-0.18	0.427	GO:0033108
282	23	7	0.00243	0.00663	2.737e+02	-0.196	0.397	GO:0006662
283	24	11	0.00237	0.00576	2.368e+02	-0.05	0.441	GO:0007492
284	34	18	0.00234	0.00701	4.245e+02	0.036	0.415	GO:0002889
285	39	17	0.00229	0.0066	6.360e+02	-0.031	0.43	GO:0042147
286	29	13	0.0022	0.00627	3.486e+02	-0.051	0.461	GO:0000737
287	58	27	0.00216	0.00649	1.337e+03	-0.073	0.437	GO:0050777
288	56	30	0.00215	0.00354	1.130e+03	0.075	0.428	GO:2000106
289	51	26	0.00213	0.00578	9.743e+02	0.023	0.5	GO:0048641
290	93	42	0.00211	0.00632	3.482e+03	-0.067	0.502	GO:0018196
291	23	12	0.0021	0.0035	1.988e+02	0.048	0.507	GO:0010771
292	31	14	0.00207	0.0062	3.955e+02	-0.011	0.47	GO:0060761
293	51	25	0.00204	0.00613	1.001e+03	-0.02	0.46	GO:0090263
294	20	13	0.00201	0.00604	1.199e+02	0.075	0.552	GO:0060081
295	54	27	0.00197	0.00592	1.106e+03	0.023	0.421	GO:0070664
296	20	9	0.00197	0.00448	1.679e+02	-0.022	0.428	GO:0009208
297	43	21	0.00196	0.00396	7.159e+02	0.054	0.472	GO:0001910
298	25	15	0.00195	0.00584	2.058e+02	0.221	0.343	GO:0046006
299	37	19	0.00194	0.00582	5.134e+02	-0.02	0.486	GO:0001656
300	61	29	0.00192	0.00577	1.458e+03	-0.061	0.533	GO:0016525
301	71	33	0.0019	0.00558	2.000e+03	-0.043	0.458	GO:0006606
302	21	9	0.00188	0.00565	1.908e+02	-0.071	0.459	GO:0015844
303	23	12	0.0018	0.00541	1.988e+02	-0.005	0.618	GO:0048512
304	35	18	0.0018	0.00359	4.595e+02	0.0	0.446	GO:0045762
305	79	39	0.00176	0.00529	2.376e+03	0.008	0.455	GO:0051100
306	45	28	0.00176	0.00528	6.292e+02	0.09	0.516	GO:0045685
307	63	34	0.00176	0.0043	1.419e+03	0.006	0.532	GO:0019395
308	35	14	0.00173	0.0052	5.412e+02	-0.117	0.46	GO:0043044
309	21	9	0.00172	0.00516	1.908e+02	-0.107	0.522	GO:0050832
310	36	18	0.00171	0.00514	4.954e+02	-0.056	0.469	GO:0030433
311	43	19	0.0017	0.00462	7.648e+02	-0.036	0.471	GO:0043966
312	23	9	0.00169	0.00506	2.408e+02	-0.081	0.473	GO:0006336
313	29	16	0.00166	0.00499	2.997e+02	0.097	0.428	GO:0046513
314	68	36	0.00165	0.00496	1.677e+03	0.019	0.396	GO:0002700
315	28	16	0.00165	0.00494	2.708e+02	0.025	0.495	GO:0055006
316	48	21	0.00163	0.0049	9.563e+02	-0.008	0.409	GO:0002790
317	107	52	0.00161	0.00484	4.389e+03	-0.053	0.53	GO:1903321
318	42	16	0.00158	0.00474	7.966e+02	-0.159	0.465	GO:0045428
319	29	10	0.00155	0.00464	4.055e+02	-0.073	0.359	GO:0006476
320	51	27	0.00154	0.0035	9.474e+02	0.061	0.421	GO:0032945
321	43	19	0.00154	0.00316	7.648e+02	-0.134	0.498	GO:0030521
322	20	11	0.00154	0.00461	1.449e+02	0.088	0.432	GO:0097035
323	27	13	0.00152	0.00345	2.887e+02	0.015	0.405	GO:0030947
324	44	28	0.00148	0.00322	5.843e+02	0.038	0.572	GO:0031424
325	56	22	0.00148	0.00443	1.383e+03	-0.144	0.4	GO:0007033
326	44	16	0.00148	0.00405	8.953e+02	-0.107	0.363	GO:0002920
327	48	26	0.00145	0.00436	8.247e+02	-0.013	0.547	GO:0071621
328	50	23	0.00145	0.00405	1.004e+03	-0.016	0.424	GO:0008630
329	22	18	0.00144	0.00362	8.297e+01	0.178	0.559	GO:0060071
330	21	16	0.0014	0.00247	9.596e+01	0.296	0.488	GO:0043029
331	26	10	0.00138	0.00277	3.087e+02	-0.126	0.502	GO:0044774
332	25	12	0.00138	0.00406	2.488e+02	-0.027	0.426	GO:0009065
333	83	36	0.00135	0.00406	2.848e+03	-0.059	0.434	GO:0017157
334	27	11	0.00134	0.00403	3.216e+02	-0.061	0.391	GO:0046209
335	38	20	0.00132	0.00397	5.313e+02	0.024	0.439	GO:0008156
336	34	19	0.00131	0.00392	4.056e+02	0.088	0.443	GO:0010812
337	64	35	0.0013	0.00358	1.448e+03	0.014	0.539	GO:0070555
338	20	8	0.0013	0.0039	1.808e+02	-0.14	0.398	GO:0000381
339	20	8	0.0013	0.0039	1.808e+02	-0.102	0.447	GO:0090342
340	26	16	0.00129	0.00278	2.158e+02	0.095	0.393	GO:0030166
341	31	26	0.00127	0.00382	1.459e+02	0.34	0.394	GO:0051004
342	20	10	0.00121	0.00362	1.559e+02	-0.062	0.516	GO:0031102
343	22	19	0.0012	0.00229	6.398e+01	0.394	0.426	GO:0032201
344	37	15	0.00118	0.00355	5.991e+02	-0.145	0.515	GO:0061351
345	103	50	0.00115	0.00344	4.072e+03	-0.015	0.473	GO:0048634
346	43	17	0.00114	0.00343	8.176e+02	-0.135	0.402	GO:0032677
347	24	10	0.00114	0.00343	2.518e+02	-0.051	0.384	GO:0042474
348	22	11	0.00106	0.00318	1.879e+02	-0.08	0.487	GO:0030201
349	25	14	0.00102	0.00305	2.208e+02	0.036	0.413	GO:0010543
350	31	14	0.00101	0.00279	3.955e+02	-0.059	0.458	GO:0019692
351	37	24	0.00101	0.00288	4.036e+02	0.197	0.452	GO:0003151
352	91	45	0.001	0.00243	3.143e+03	0.024	0.402	GO:0007162
353	30	13	0.00099	0.00296	3.806e+02	-0.029	0.485	GO:0006370
354	21	8	0.00099	0.00296	2.048e+02	-0.203	0.585	GO:1901099
355	31	15	0.00097	0.00292	3.776e+02	-0.037	0.504	GO:0030901
356	29	12	0.00096	0.00287	3.666e+02	-0.172	0.474	GO:0071622
357	23	10	0.00094	0.00205	2.258e+02	-0.109	0.502	GO:0044773
358	73	33	0.00094	0.00275	2.151e+03	-0.007	0.382	GO:0090305
359	27	15	0.00094	0.00216	2.588e+02	-0.008	0.546	GO:0042310
360	26	14	0.00094	0.0024	2.468e+02	0.033	0.489	GO:0043631
361	21	9	0.00093	0.00195	1.908e+02	-0.057	0.463	GO:0045616
362	43	19	0.00093	0.00278	7.648e+02	-0.079	0.478	GO:0048839
363	51	29	0.00091	0.00183	8.906e+02	0.045	0.559	GO:0072655
364	47	22	0.0009	0.00271	8.785e+02	-0.037	0.469	GO:0048814
365	22	11	0.00089	0.00225	1.879e+02	0.112	0.349	GO:1901532
366	30	15	0.00088	0.00265	3.456e+02	-0.016	0.49	GO:0045104
367	70	35	0.00086	0.00259	1.852e+03	-0.019	0.449	GO:0032649
368	22	9	0.00086	0.00257	2.148e+02	-0.028	0.431	GO:0003208
369	33	21	0.00085	0.00238	3.307e+02	0.106	0.432	GO:0002753
370	25	8	0.00084	0.00169	3.146e+02	-0.107	0.33	GO:0016575
371	30	12	0.00083	0.0025	3.995e+02	-0.079	0.419	GO:0045604
372	22	14	0.00083	0.00248	1.489e+02	0.166	0.47	GO:1901655
373	27	12	0.00082	0.00246	3.047e+02	-0.07	0.5	GO:0046676
374	73	40	0.00082	0.00175	1.878e+03	-0.012	0.539	GO:0034162
375	79	35	0.00082	0.00245	2.549e+03	-0.058	0.455	GO:0042590
376	25	11	0.00081	0.00166	2.637e+02	-0.212	0.565	GO:0045058
377	21	12	0.0008	0.00173	1.539e+02	-0.03	0.594	GO:0009060
378	32	17	0.0008	0.0024	3.756e+02	0.046	0.42	GO:0032371
379	68	27	0.0008	0.0024	2.019e+03	-0.166	0.481	GO:0042307
380	35	15	0.0008	0.00239	5.193e+02	-0.083	0.481	GO:0030800
381	22	11	0.00079	0.00238	1.879e+02	-0.07	0.534	GO:0035336
382	41	21	0.00079	0.00208	6.301e+02	-0.024	0.427	GO:0050709
383	81	69	0.00078	0.00235	9.062e+02	0.408	0.408	GO:0010517
384	44	27	0.00078	0.0022	6.123e+02	0.109	0.462	GO:0035872
385	36	14	0.00076	0.00229	5.811e+02	-0.119	0.35	GO:0003007
386	27	14	0.00076	0.00228	2.737e+02	-0.067	0.55	GO:0032570
387	45	22	0.00076	0.00161	7.828e+02	0.03	0.358	GO:0032655
388	27	15	0.00074	0.00222	2.588e+02	-0.015	0.52	GO:0042517
389	28	16	0.00074	0.00222	2.708e+02	0.063	0.402	GO:0043370
390	25	11	0.00074	0.00222	2.637e+02	0.003	0.467	GO:0061217
391	20	10	0.00074	0.00221	1.559e+02	0.046	0.429	GO:0045736
392	41	22	0.00073	0.00218	6.082e+02	-0.015	0.6	GO:0071347
393	62	32	0.00072	0.00215	1.423e+03	-0.038	0.58	GO:0009062
394	22	10	0.00072	0.00215	2.008e+02	0.004	0.476	GO:0048762
395	26	14	0.00071	0.00212	2.468e+02	0.002	0.479	GO:0055013
396	97	54	0.00071	0.00139	3.259e+03	0.026	0.472	GO:0034142
397	73	40	0.0007	0.00141	1.878e+03	0.002	0.505	GO:0034134
398	40	17	0.0007	0.00171	6.789e+02	-0.125	0.491	GO:0010717
399	20	7	0.00069	0.00153	1.948e+02	-0.102	0.383	GO:0009235
400	49	26	0.00069	0.00138	8.736e+02	0.045	0.496	GO:0035914
401	34	12	0.00068	0.00205	5.472e+02	-0.123	0.517	GO:0045646
402	22	10	0.00068	0.00204	2.008e+02	-0.079	0.543	GO:0043576
403	29	15	0.00068	0.00204	3.157e+02	0.036	0.563	GO:0043588
404	22	10	0.00065	0.00196	2.008e+02	-0.092	0.571	GO:0060765
405	43	24	0.00064	0.00193	6.461e+02	-0.083	0.658	GO:0007270
406	34	16	0.00064	0.00191	4.614e+02	-0.035	0.496	GO:0009262
407	22	15	0.00064	0.00191	1.339e+02	0.071	0.605	GO:0010880
408	35	14	0.00064	0.00191	5.412e+02	-0.108	0.562	GO:0042752
409	28	14	0.00064	0.00191	3.017e+02	-0.057	0.511	GO:2001238
410	22	10	0.00062	0.00187	2.008e+02	-0.045	0.429	GO:0030511
411	38	17	0.00062	0.00187	5.941e+02	-0.053	0.456	GO:0031532
412	92	41	0.00062	0.00145	3.436e+03	-0.074	0.506	GO:0018279
413	42	16	0.00062	0.00186	7.966e+02	-0.114	0.419	GO:0035136
414	90	42	0.00062	0.00185	3.195e+03	-0.078	0.464	GO:0006639
415	24	12	0.00062	0.0018	2.228e+02	0.032	0.503	GO:0032814
416	41	21	0.00062	0.00106	6.301e+02	-0.026	0.448	GO:0046637
417	23	11	0.00062	0.00185	2.118e+02	-0.038	0.488	GO:0048484
418	32	15	0.00061	0.00161	4.105e+02	0.014	0.422	GO:0009948
419	30	13	0.0006	0.00181	3.806e+02	-0.001	0.437	GO:0045168
420	79	42	0.0006	0.00103	2.252e+03	-0.013	0.515	GO:0002756
421	72	34	0.0006	0.00179	2.035e+03	0.006	0.4	GO:0006308
422	34	15	0.0006	0.00179	4.814e+02	-0.09	0.553	GO:0045668
423	22	13	0.0006	0.00179	1.629e+02	0.097	0.468	GO:0051926
424	67	37	0.00059	0.00178	1.573e+03	0.044	0.505	GO:0032368
425	21	12	0.00059	0.00178	1.539e+02	0.032	0.52	GO:0046466
426	58	23	0.00059	0.0012	1.475e+03	-0.124	0.475	GO:0051297
427	67	28	0.00058	0.00175	1.904e+03	-0.105	0.492	GO:0006977
428	66	33	0.00058	0.00173	1.647e+03	0.008	0.488	GO:0055067
429	21	14	0.00057	0.0017	1.269e+02	0.172	0.419	GO:0071385
430	39	15	0.00056	0.00168	6.849e+02	-0.172	0.569	GO:0032104
431	58	29	0.00056	0.00168	1.274e+03	-0.065	0.546	GO:0071260
432	87	45	0.00056	0.00168	2.786e+03	0.006	0.518	GO:1902578
433	40	17	0.00056	0.00167	6.789e+02	-0.076	0.451	GO:0031018
434	31	15	0.00055	0.00166	3.776e+02	-0.034	0.49	GO:0045103
435	21	8	0.00054	0.00161	2.048e+02	-0.231	0.4	GO:0051354
436	34	17	0.00053	0.00158	4.425e+02	-0.024	0.5	GO:0046686
437	35	14	0.00052	0.00157	5.412e+02	-0.072	0.443	GO:0046134
438	21	8	0.00052	0.00157	2.048e+02	-0.053	0.325	GO:0051220
439	54	26	0.00051	0.00154	1.135e+03	0.037	0.353	GO:0001649
440	20	9	0.00051	0.00154	1.679e+02	-0.167	0.563	GO:0021795
441	72	37	0.00051	0.00152	1.921e+03	-0.081	0.534	GO:0050729
442	23	15	0.0005	0.00151	1.569e+02	0.084	0.572	GO:0019098
443	33	18	0.00048	0.00145	3.906e+02	-0.036	0.56	GO:0042516
444	44	22	0.00048	0.00145	7.369e+02	0.015	0.432	GO:0046635
445	33	16	0.00048	0.00111	4.265e+02	-0.076	0.482	GO:0046471
446	37	20	0.00047	0.00142	4.934e+02	0.007	0.487	GO:0032091
447	30	13	0.00047	0.00142	3.806e+02	-0.048	0.397	GO:0048260
448	36	18	0.00047	0.00142	4.954e+02	-0.021	0.508	GO:0048675
449	64	55	0.00047	0.0014	5.406e+02	0.447	0.367	GO:1900274
450	28	10	0.00045	0.00115	3.715e+02	-0.067	0.405	GO:0016574
451	40	20	0.00045	0.00134	6.102e+02	-0.005	0.432	GO:0051349
452	34	21	0.00045	0.00134	3.647e+02	0.112	0.528	GO:0072659
453	60	25	0.00044	0.00099	1.532e+03	-0.075	0.39	GO:0042108
454	23	10	0.00043	0.00086	2.258e+02	-0.056	0.475	GO:0002026
455	21	12	0.00043	0.00128	1.539e+02	-0.01	0.572	GO:0032925
456	34	17	0.00043	0.00128	4.425e+02	0.011	0.468	GO:0035019
457	31	12	0.00042	0.00088	4.344e+02	-0.035	0.393	GO:0006206
458	119	52	0.00042	0.00126	5.801e+03	-0.088	0.489	GO:0050792
459	65	36	0.00042	0.00085	1.477e+03	-0.012	0.55	GO:0034146
460	42	17	0.00042	0.00125	7.697e+02	-0.08	0.403	GO:0007249
461	62	25	0.00042	0.00125	1.667e+03	-0.087	0.428	GO:0050907
462	30	15	0.00041	0.00122	3.456e+02	0.02	0.397	GO:0007190
463	42	19	0.00041	0.00122	7.189e+02	-0.083	0.545	GO:0030071
464	49	22	0.0004	0.00119	9.802e+02	-0.081	0.503	GO:0042787
465	22	10	0.0004	0.00119	2.008e+02	-0.023	0.504	GO:0051293
466	37	32	0.00039	0.00118	1.759e+02	0.352	0.477	GO:0010833
467	52	25	0.00039	0.00116	1.054e+03	-0.03	0.517	GO:0060688
468	42	22	0.00038	0.00115	6.501e+02	0.077	0.435	GO:0015918
469	97	42	0.00038	0.00115	3.886e+03	-0.079	0.463	GO:0071901
470	61	32	0.00038	0.00114	1.361e+03	-0.001	0.498	GO:0060491
471	30	10	0.00038	0.00114	4.404e+02	-0.084	0.393	GO:0072175
472	22	11	0.00038	0.00078	1.879e+02	0.084	0.467	GO:0090189
473	36	19	0.00038	0.00113	4.764e+02	0.012	0.524	GO:0048538
474	23	13	0.00037	0.00112	1.859e+02	-0.034	0.549	GO:0043278
475	21	12	0.00036	0.00073	1.539e+02	-0.035	0.589	GO:0008045
476	111	49	0.00036	0.00109	5.020e+03	-0.094	0.518	GO:0071478
477	35	16	0.00036	0.00107	4.983e+02	-0.066	0.56	GO:0002762
478	31	13	0.00035	0.00091	4.145e+02	-0.143	0.49	GO:0006730
479	56	25	0.00035	0.00106	1.281e+03	-0.055	0.451	GO:0009880
480	68	29	0.00035	0.00104	1.937e+03	-0.092	0.481	GO:0072401
481	33	13	0.00034	0.00102	4.863e+02	-0.047	0.461	GO:0051963
482	32	16	0.00033	0.001	3.926e+02	-0.017	0.602	GO:0007528
483	25	14	0.00033	0.00066	2.208e+02	0.064	0.489	GO:0006378
484	42	19	0.00032	0.00097	7.189e+02	-0.076	0.491	GO:0010332
485	108	49	0.00032	0.00095	4.674e+03	-0.06	0.495	GO:0001503
486	26	13	0.00032	0.00095	2.608e+02	-0.048	0.544	GO:0051602
487	26	20	0.00031	0.00092	1.419e+02	0.252	0.42	GO:0000722
488	29	12	0.0003	0.00091	3.666e+02	-0.087	0.492	GO:0051402
489	22	9	0.0003	0.0009	2.148e+02	-0.072	0.403	GO:0001702
490	62	26	0.0003	0.0009	1.629e+03	-0.042	0.445	GO:0030500
491	68	32	0.0003	0.0009	1.821e+03	-0.024	0.456	GO:0051101
492	26	13	0.0003	0.00089	2.608e+02	0.006	0.497	GO:0002088
493	64	32	0.0003	0.00089	1.550e+03	-0.083	0.523	GO:0010923
494	29	17	0.0003	0.00089	2.828e+02	0.02	0.485	GO:2000179
495	43	17	0.00029	0.00088	8.176e+02	-0.114	0.425	GO:0045682
496	23	15	0.00029	0.00088	1.569e+02	0.089	0.501	GO:0061515
497	21	11	0.00028	0.00057	1.659e+02	0.07	0.298	GO:0002720
498	20	14	0.00028	0.00057	1.059e+02	0.179	0.463	GO:0051953
499	25	14	0.00027	0.00082	2.208e+02	-0.031	0.568	GO:0019400
500	31	18	0.00027	0.0008	3.257e+02	0.064	0.454	GO:0071825
501	20	6	0.00026	0.00079	2.098e+02	-0.31	0.446	GO:0030879
502	36	18	0.00026	0.00079	4.954e+02	-0.057	0.48	GO:0032330
503	22	15	0.00026	0.00079	1.339e+02	0.122	0.57	GO:0035924
504	23	17	0.00026	0.00077	1.239e+02	0.138	0.616	GO:0032892
505	30	17	0.00025	0.00076	3.127e+02	0.059	0.491	GO:0050433
506	25	12	0.00025	0.00076	2.488e+02	-0.016	0.397	GO:0060444
507	61	24	0.00025	0.00074	1.637e+03	-0.064	0.422	GO:0009451
508	25	8	0.00025	0.00074	3.146e+02	-0.156	0.433	GO:0040036
509	30	16	0.00024	0.00072	3.297e+02	0.021	0.466	GO:0048640
510	37	19	0.00024	0.00047	5.134e+02	0.028	0.45	GO:0001944
511	62	32	0.00023	0.00068	1.423e+03	-0.016	0.507	GO:0031330
512	27	15	0.00022	0.00067	2.588e+02	-0.002	0.512	GO:0010743
513	72	32	0.00022	0.00067	2.115e+03	-0.1	0.519	GO:0051352
514	37	20	0.00022	0.00066	4.934e+02	0.013	0.511	GO:0001974
515	56	30	0.00022	0.00066	1.130e+03	0.005	0.521	GO:0007272
516	71	32	0.00021	0.00064	2.040e+03	-0.095	0.459	GO:0043506
517	24	13	0.00021	0.00064	2.098e+02	0.122	0.42	GO:0060343
518	46	22	0.00021	0.00062	8.296e+02	-0.04	0.465	GO:0009187
519	75	40	0.00021	0.00062	2.026e+03	-0.017	0.554	GO:0018958
520	20	8	0.00021	0.00062	1.808e+02	-0.164	0.552	GO:0046949
521	42	22	0.00021	0.00062	6.501e+02	0.071	0.409	GO:0050994
522	46	14	0.0002	0.0006	1.065e+03	-0.188	0.475	GO:0035335
523	20	10	0.0002	0.00059	1.559e+02	-0.041	0.625	GO:0050685
524	28	11	0.00019	0.00058	3.526e+02	-0.11	0.399	GO:0002312
525	27	14	0.00019	0.00058	2.737e+02	-0.123	0.603	GO:0043489
526	46	22	0.00019	0.00058	8.296e+02	-0.003	0.395	GO:0055024
527	31	13	0.00018	0.00054	4.145e+02	0.024	0.458	GO:0010977
528	23	12	0.00018	0.00053	1.988e+02	-0.068	0.573	GO:0006071
529	64	27	0.00018	0.00053	1.729e+03	-0.121	0.469	GO:0030509
530	39	17	0.00017	0.0005	6.360e+02	-0.052	0.509	GO:0035690
531	95	44	0.00016	0.00048	3.575e+03	-0.023	0.439	GO:0002822
532	24	12	0.00016	0.00048	2.228e+02	-0.09	0.682	GO:0048147
533	34	16	0.00016	0.00047	4.614e+02	-0.033	0.497	GO:0032881
534	32	16	0.00015	0.00046	3.926e+02	-0.009	0.432	GO:0000578
535	23	11	0.00015	0.00031	2.118e+02	-0.055	0.468	GO:0045581
536	23	12	0.00015	0.00046	1.988e+02	-0.015	0.562	GO:1903313
537	39	15	0.00015	0.00044	6.849e+02	-0.115	0.45	GO:0001906
538	20	14	0.00014	0.00043	1.059e+02	0.093	0.668	GO:0014743
539	33	15	0.00014	0.00043	4.454e+02	-0.116	0.435	GO:0032760
540	21	7	0.00014	0.00041	2.198e+02	-0.168	0.503	GO:0001502
541	46	28	0.00013	0.0004	6.751e+02	0.059	0.525	GO:0002028
542	160	75	0.00012	0.00037	1.000e+04	-0.093	0.554	GO:0000165
543	37	18	0.00012	0.00037	5.333e+02	0.074	0.432	GO:0001912
544	24	13	0.00012	0.00037	2.098e+02	0.129	0.375	GO:0014031
545	32	15	0.00012	0.00037	4.105e+02	-0.028	0.473	GO:0032885
546	69	30	0.00012	0.00035	1.971e+03	-0.08	0.473	GO:0072395
547	118	52	0.00011	0.00032	5.675e+03	-0.079	0.512	GO:0000184
548	57	49	0.00011	0.00032	4.287e+02	0.448	0.362	GO:0007202
549	38	15	0.0001	0.00031	6.410e+02	-0.052	0.447	GO:0050911
550	31	13	0.0001	0.00031	4.145e+02	-0.098	0.517	GO:0090278
551	24	13	0.0001	0.0003	2.098e+02	0.057	0.534	GO:0070588
552	24	13	0.0001	0.00029	2.098e+02	0.083	0.361	GO:0035329
553	31	14	0.0001	0.00029	3.955e+02	-0.057	0.515	GO:0045600
554	22	9	9e-05	0.00026	2.148e+02	-0.151	0.422	GO:0006829
555	33	14	9e-05	0.00026	4.654e+02	-0.004	0.404	GO:0042992
556	21	7	8e-05	0.00025	2.198e+02	-0.198	0.454	GO:0031670
557	55	23	8e-05	0.00025	1.287e+03	-0.129	0.51	GO:0045727
558	29	12	8e-05	0.00025	3.666e+02	-0.131	0.545	GO:2000278
559	71	39	8e-05	0.00024	1.773e+03	0.007	0.497	GO:0038123
560	64	29	8e-05	0.00023	1.654e+03	-0.069	0.491	GO:0007586
561	34	18	8e-05	0.00023	4.245e+02	-0.001	0.579	GO:0030282
562	57	32	7e-05	0.0002	1.124e+03	0.029	0.516	GO:0002793
563	24	11	7e-05	0.0002	2.368e+02	-0.053	0.431	GO:0071514
564	28	8	7e-05	0.0002	4.124e+02	-0.205	0.477	GO:1903309
565	42	26	6e-05	0.00017	5.524e+02	0.061	0.55	GO:0043535
566	26	12	5e-05	0.00016	2.757e+02	0.025	0.448	GO:0061098
567	26	14	5e-05	0.00016	2.468e+02	-0.024	0.531	GO:1902692
568	20	7	5e-05	0.00014	1.948e+02	-0.271	0.499	GO:0045939
569	20	8	5e-05	0.00014	1.808e+02	-0.071	0.424	GO:0051881
570	54	27	4e-05	0.00013	1.106e+03	0.026	0.434	GO:0033138
571	34	15	4e-05	0.00013	4.814e+02	-0.065	0.312	GO:0034121
572	28	15	4e-05	0.00012	2.867e+02	-0.042	0.457	GO:0031663
573	32	15	4e-05	0.00011	4.105e+02	-0.083	0.536	GO:0045620
574	71	31	3e-05	0.0001	2.080e+03	-0.084	0.471	GO:0006405
575	29	12	3e-05	0.0001	3.666e+02	-0.032	0.466	GO:0031128
576	21	12	3e-05	0.0001	1.539e+02	0.017	0.501	GO:0032673
577	38	17	3e-05	0.0001	5.941e+02	-0.12	0.527	GO:0060048
578	23	10	3e-05	7e-05	2.258e+02	-0.129	0.521	GO:0051180
579	20	14	2e-05	7e-05	1.059e+02	0.177	0.565	GO:0051412
580	67	30	2e-05	7e-05	1.825e+03	-0.11	0.544	GO:0051436
581	67	30	2e-05	7e-05	1.825e+03	-0.073	0.534	GO:1902106
582	60	28	2e-05	7e-05	1.428e+03	-0.103	0.554	GO:2001235
583	25	13	2e-05	6e-05	2.348e+02	-0.102	0.575	GO:0000038
584	38	18	2e-05	6e-05	5.722e+02	0.05	0.366	GO:0050982
585	34	14	2e-05	5e-05	5.023e+02	-0.048	0.501	GO:0018107
586	30	15	2e-05	5e-05	3.456e+02	-0.045	0.486	GO:0046638
587	52	24	1e-05	4e-05	1.083e+03	-0.112	0.543	GO:0007519
588	41	15	1e-05	4e-05	7.766e+02	-0.081	0.383	GO:0010464
589	29	13	1e-05	2e-05	3.486e+02	-0.052	0.472	GO:0009394
590	74	64	0.0	1e-05	6.955e+02	0.436	0.392	GO:0010518
591	36	14	0.0	1e-05	5.811e+02	-0.131	0.507	GO:0046850