Creation Time:	2022-12-29 17:33:36

INPUT:
File name:	crfe_v018.py
Annotations file:	/Users/JasonJia/Desktop/CRFE/Xinglin_insilico/data/human4/human_anno.txt
Gene file:	/Users/JasonJia/Desktop/CRFE/Xinglin_insilico/data/human4/human0.4_0.25_2_10_seed_27.txt
lower limit annotations/process:	20
upper limit annotations/process:	200
k (number of perturbed categories):	0 (i.e., each perturbed gene in its own category)
threshold:	0
threshold type:	levels
belief:	10.0
Method:	MCMC with parameter learning with an empty set as initial set
repeats:	10
burnin steps:	25000
MCMC steps:	25000
Maximal value for alpha and beta:	0.3548387096774194
Maximal possible value for alpha and beta:	0.3548387096774194
Probability parameter change:	0.2
seed for RNG:	2004893515

Initial set of processes:
Empty set

INPUT ANALYSIS:
Total number of processes:	2291
Total number of genes:	11704
Number of perturbed genes:	4973
Proportion perturbed genes:	0.42489747095010255

OUTPUT:
Learnt parameters:
alpha (FPR):	0.3548387096774194
beta (FNR):	0.3548387096774194
q (penalization parameter):	0.001


Best log-likelihood value (mean +- standard deviation across replicates):	-8527.69267072584 +- 4.473474743814806

Order	#(Annotations)	#(Annotations of perturbed genes)	Mean Posterior Probability	Standard Deviation Posterior Probability	p-value	Average Expression Level	Average position perturbed genes	Term Name
1	90	74	1.0	0.0	1.319e+03	0.372	0.424	GO:2001234
2	154	85	0.8768	0.26675	8.242e+03	0.048	0.462	GO:0043603
3	86	59	0.86926	0.16617	1.968e+03	0.21	0.403	GO:0002706
4	45	38	0.84145	0.33037	2.948e+02	0.432	0.367	GO:0032655
5	68	54	0.84008	0.28444	8.611e+02	0.223	0.542	GO:0018108
6	49	28	0.80566	0.31126	8.188e+02	0.049	0.479	GO:0035914
7	30	21	0.76805	0.33133	2.348e+02	0.182	0.43	GO:0032465
8	78	42	0.74381	0.27899	2.174e+03	0.066	0.426	GO:0007623
9	94	70	0.71446	0.43776	1.977e+03	0.265	0.412	GO:0050768
10	52	30	0.64957	0.3796	9.126e+02	0.093	0.399	GO:0043647
11	44	34	0.6378	0.43395	3.957e+02	0.311	0.379	GO:0043487
12	111	77	0.61646	0.42063	3.206e+03	0.174	0.477	GO:0060191
13	43	26	0.59788	0.3833	5.953e+02	0.168	0.342	GO:0007369
14	35	19	0.53419	0.24983	4.405e+02	0.054	0.394	GO:0034308
15	136	78	0.47188	0.32332	6.211e+03	0.079	0.415	GO:2000146
16	104	74	0.4631	0.42246	2.680e+03	0.213	0.454	GO:0006473
17	33	15	0.46272	0.28848	4.454e+02	0.089	0.225	GO:0009069
18	41	22	0.45302	0.24731	6.082e+02	0.053	0.406	GO:0050764
19	77	41	0.45284	0.23782	2.138e+03	0.028	0.466	GO:0021953
20	26	17	0.43222	0.45964	1.989e+02	0.213	0.41	GO:0055013
21	120	75	0.40124	0.41219	4.397e+03	0.157	0.386	GO:0048638
22	81	60	0.38354	0.42063	1.490e+03	0.242	0.471	GO:0010517
23	165	99	0.38064	0.31402	8.706e+03	0.072	0.512	GO:0032103
24	28	19	0.36503	0.39135	2.168e+02	0.219	0.436	GO:0055006
25	93	68	0.3553	0.39629	2.022e+03	0.245	0.445	GO:0006475
26	164	73	0.33164	0.37414	1.085e+04	-0.034	0.432	GO:0006022
27	130	67	0.32144	0.29943	6.211e+03	-0.005	0.462	GO:0010951
28	107	44	0.30471	0.33894	4.868e+03	-0.006	0.358	GO:0008652
29	69	41	0.29821	0.3265	1.552e+03	0.114	0.41	GO:0042102
30	121	84	0.28554	0.43776	3.802e+03	0.202	0.408	GO:0010721
31	65	33	0.28184	0.37227	1.582e+03	0.046	0.403	GO:0060337
32	40	26	0.2613	0.21294	4.695e+02	0.152	0.451	GO:0035137
33	41	32	0.25148	0.38727	3.338e+02	0.327	0.362	GO:0043488
34	41	21	0.25138	0.22252	6.301e+02	-0.009	0.425	GO:0009247
35	66	33	0.24369	0.32556	1.647e+03	0.044	0.445	GO:0006026
36	94	53	0.21723	0.37745	3.026e+03	0.059	0.468	GO:0019751
37	133	77	0.19704	0.24519	5.886e+03	0.083	0.418	GO:0030336
38	157	90	0.17188	0.31056	8.271e+03	0.084	0.421	GO:0040013
39	63	36	0.16188	0.27536	1.348e+03	0.061	0.432	GO:0051781
40	120	60	0.16082	0.29683	5.409e+03	0.03	0.425	GO:0031175
41	141	80	0.15707	0.27423	6.744e+03	0.069	0.415	GO:0051271
42	24	15	0.15683	0.21359	1.809e+02	0.163	0.429	GO:0071514
43	70	54	0.14262	0.28835	9.998e+02	0.205	0.542	GO:0018212
44	25	18	0.14118	0.19761	1.549e+02	0.127	0.495	GO:0042311
45	26	16	0.13928	0.24111	2.158e+02	0.136	0.409	GO:0042246
46	70	30	0.13863	0.28257	2.045e+03	0.013	0.37	GO:1901607
47	133	67	0.13656	0.10077	6.605e+03	-0.015	0.462	GO:0010466
48	94	51	0.12101	0.22127	3.131e+03	0.133	0.37	GO:0042035
49	86	39	0.11997	0.13218	2.973e+03	-0.086	0.466	GO:0046467
50	27	23	0.11214	0.24293	1.030e+02	0.41	0.372	GO:0043489
51	24	16	0.10618	0.18551	1.649e+02	0.175	0.442	GO:0042474
52	187	92	0.1029	0.25324	1.322e+04	-0.001	0.441	GO:0006575
53	49	26	0.09934	0.13567	8.736e+02	0.044	0.493	GO:0006626
54	46	27	0.09629	0.10279	7.030e+02	0.092	0.479	GO:0007266
55	43	29	0.09378	0.20622	5.115e+02	0.204	0.377	GO:0030516
56	144	64	0.09316	0.21991	8.388e+03	-0.015	0.419	GO:0044272
57	31	18	0.09192	0.15518	3.257e+02	0.054	0.497	GO:0019692
58	30	17	0.08754	0.12384	3.127e+02	0.105	0.402	GO:0050766
59	128	70	0.08473	0.15142	5.749e+03	0.036	0.492	GO:0044262
60	57	25	0.08218	0.06997	1.342e+03	-0.06	0.41	GO:0006497
61	51	36	0.07565	0.12009	6.603e+02	0.232	0.379	GO:0061387
62	66	33	0.0704	0.11877	1.647e+03	0.045	0.403	GO:0034340
63	46	27	0.06684	0.08055	7.030e+02	0.078	0.467	GO:0006333
64	32	17	0.06532	0.099	3.756e+02	0.076	0.428	GO:0090003
65	129	85	0.06226	0.15588	4.716e+03	0.141	0.474	GO:0018205
66	64	40	0.06187	0.10241	1.259e+03	0.129	0.473	GO:0070555
67	28	16	0.06076	0.12758	2.708e+02	0.122	0.412	GO:0060674
68	84	43	0.05996	0.13017	2.618e+03	0.035	0.441	GO:0031099
69	34	20	0.05614	0.0568	3.856e+02	0.035	0.526	GO:0009262
70	20	12	0.05429	0.08124	1.329e+02	0.094	0.461	GO:0000381
71	109	70	0.05343	0.1093	3.501e+03	0.143	0.423	GO:0002703
72	125	81	0.05302	0.14249	4.541e+03	0.151	0.457	GO:0043543
73	42	23	0.0519	0.07261	6.272e+02	0.079	0.385	GO:0006909
74	50	28	0.05088	0.1383	8.686e+02	0.107	0.442	GO:0055002
75	24	16	0.04909	0.05273	1.649e+02	0.18	0.425	GO:0042596
76	40	23	0.04831	0.10728	5.443e+02	0.097	0.481	GO:0044273
77	27	13	0.04726	0.08358	2.887e+02	0.018	0.41	GO:0019674
78	27	15	0.04634	0.104	2.588e+02	0.094	0.43	GO:0050663
79	20	14	0.04422	0.06278	1.059e+02	0.198	0.43	GO:0031497
80	89	64	0.04126	0.12379	1.922e+03	0.224	0.454	GO:0018394
81	95	61	0.0399	0.11911	2.664e+03	0.147	0.42	GO:0002822
82	20	14	0.03881	0.05352	1.059e+02	0.146	0.511	GO:0072676
83	112	68	0.03758	0.11274	3.971e+03	0.127	0.407	GO:0002699
84	59	31	0.03757	0.0622	1.273e+03	0.059	0.474	GO:0006027
85	31	19	0.03547	0.07416	3.067e+02	0.12	0.434	GO:0035116
86	63	35	0.03526	0.04641	1.384e+03	0.057	0.438	GO:0043154
87	52	27	0.03322	0.08055	9.993e+02	-0.016	0.483	GO:0055008
88	29	16	0.02762	0.04525	2.997e+02	0.024	0.506	GO:0009394
89	87	63	0.02662	0.07985	1.810e+03	0.232	0.448	GO:0018393
90	21	13	0.02657	0.05444	1.409e+02	0.103	0.54	GO:0021522
91	26	15	0.02503	0.04269	2.318e+02	0.108	0.404	GO:0030166
92	38	18	0.02412	0.04384	5.722e+02	0.007	0.443	GO:0009066
93	20	14	0.02363	0.04306	1.059e+02	0.16	0.489	GO:0050685
94	20	12	0.02286	0.0351	1.329e+02	0.1	0.384	GO:0045773
95	51	26	0.02264	0.03755	9.743e+02	0.024	0.493	GO:0072655
96	36	21	0.02239	0.03072	4.355e+02	0.063	0.529	GO:0021515
97	60	28	0.02197	0.05434	1.428e+03	-0.078	0.482	GO:0030148
98	48	26	0.02114	0.0619	8.247e+02	0.12	0.331	GO:0006749
99	37	20	0.02071	0.03956	4.934e+02	0.039	0.423	GO:0021987
100	25	12	0.02062	0.04523	2.488e+02	0.018	0.394	GO:0030206
101	29	14	0.02058	0.02668	3.316e+02	0.005	0.404	GO:0006099
102	66	33	0.02044	0.03516	1.647e+03	0.044	0.421	GO:0042060
103	25	11	0.01942	0.03811	2.637e+02	-0.02	0.368	GO:0006893
104	41	23	0.01924	0.05772	5.852e+02	0.067	0.47	GO:0071347
105	72	43	0.01897	0.03804	1.680e+03	0.097	0.49	GO:0050729
106	71	35	0.01873	0.0562	1.923e+03	-0.031	0.467	GO:0005976
107	106	68	0.01871	0.05612	3.317e+03	0.113	0.505	GO:0050920
108	50	26	0.01841	0.05522	9.235e+02	0.091	0.463	GO:0046164
109	34	22	0.01725	0.04535	3.427e+02	0.203	0.397	GO:0045840
110	26	16	0.01626	0.02097	2.158e+02	0.033	0.522	GO:0000722
111	71	42	0.01504	0.0168	1.651e+03	0.049	0.512	GO:0006606
112	66	34	0.01397	0.04192	1.613e+03	-0.02	0.476	GO:0007043
113	52	36	0.01307	0.02461	7.122e+02	0.14	0.501	GO:0060688
114	68	44	0.01294	0.03882	1.355e+03	0.183	0.373	GO:0002700
115	27	12	0.01248	0.03369	3.047e+02	-0.048	0.313	GO:0021549
116	22	14	0.01219	0.02144	1.489e+02	0.196	0.422	GO:0010799
117	21	10	0.01218	0.0226	1.779e+02	0.034	0.483	GO:0042107
118	23	15	0.01211	0.02494	1.569e+02	0.134	0.457	GO:1903313
119	32	15	0.01203	0.02797	4.105e+02	-0.04	0.402	GO:0070830
120	50	26	0.01203	0.02367	9.235e+02	0.042	0.427	GO:0010001
121	66	37	0.0119	0.02302	1.506e+03	0.062	0.436	GO:2000117
122	40	23	0.01184	0.03349	5.443e+02	0.131	0.341	GO:0048639
123	60	26	0.01153	0.01832	1.497e+03	-0.094	0.428	GO:0007608
124	30	20	0.0108	0.01091	2.558e+02	0.098	0.551	GO:0060135
125	21	14	0.01063	0.0273	1.269e+02	0.171	0.443	GO:0001662
126	36	16	0.01052	0.01977	5.363e+02	-0.031	0.362	GO:0021766
127	34	17	0.0099	0.02514	4.425e+02	0.011	0.443	GO:0000271
128	21	12	0.00955	0.02638	1.539e+02	0.022	0.57	GO:0030239
129	37	21	0.00901	0.02343	4.725e+02	0.046	0.462	GO:1901888
130	155	70	0.009	0.01897	9.615e+03	-0.035	0.447	GO:0030203
131	31	15	0.00882	0.01577	3.776e+02	0.059	0.408	GO:0006730
132	29	15	0.00872	0.02347	3.157e+02	-0.048	0.516	GO:2000278
133	22	13	0.00872	0.02616	1.629e+02	0.009	0.53	GO:0032201
134	28	14	0.00865	0.01458	3.017e+02	0.07	0.376	GO:0045739
135	65	32	0.00851	0.02554	1.615e+03	-0.044	0.497	GO:0044264
136	73	35	0.00846	0.02538	2.071e+03	-0.0	0.475	GO:2000241
137	34	15	0.00789	0.01601	4.814e+02	-0.084	0.416	GO:0006221
138	30	19	0.00786	0.0153	2.758e+02	0.045	0.505	GO:0046638
139	21	9	0.00749	0.02246	1.908e+02	-0.003	0.417	GO:0014003
140	134	71	0.00734	0.0125	6.462e+03	0.04	0.453	GO:0007265
141	50	26	0.0071	0.01966	9.235e+02	-0.044	0.515	GO:0006418
142	42	22	0.00709	0.02126	6.501e+02	0.013	0.482	GO:0035136
143	53	27	0.0069	0.0207	1.052e+03	-0.054	0.514	GO:0043038
144	32	18	0.00677	0.02032	3.576e+02	-0.007	0.531	GO:0035601
145	25	12	0.00676	0.01946	2.488e+02	0.009	0.491	GO:0001958
146	24	21	0.0067	0.01688	6.998e+01	0.485	0.364	GO:0032735
147	26	16	0.00668	0.02003	2.158e+02	0.159	0.383	GO:0002702
148	29	13	0.00656	0.01969	3.486e+02	-0.111	0.443	GO:0046513
149	30	20	0.0065	0.01153	2.558e+02	0.139	0.518	GO:0043331
150	20	14	0.00632	0.0111	1.059e+02	0.154	0.497	GO:0002833
151	37	19	0.00594	0.00922	5.133e+02	-0.035	0.472	GO:0010833
152	21	12	0.00591	0.01313	1.539e+02	-0.012	0.489	GO:0033081
153	37	16	0.00568	0.01157	5.762e+02	-0.052	0.462	GO:0007077
154	20	14	0.00554	0.01663	1.059e+02	0.157	0.525	GO:0014743
155	115	53	0.0055	0.01649	5.243e+03	-0.008	0.427	GO:0006766
156	46	27	0.0055	0.0078	7.030e+02	0.058	0.556	GO:0030010
157	26	12	0.0055	0.01592	2.757e+02	0.121	0.341	GO:2000243
158	21	10	0.00545	0.01512	1.779e+02	0.102	0.379	GO:0046135
159	76	37	0.00543	0.0163	2.220e+03	0.038	0.403	GO:0002573
160	33	19	0.00526	0.00998	3.716e+02	0.091	0.436	GO:0016358
161	23	11	0.00514	0.00754	2.118e+02	0.012	0.413	GO:0072525
162	113	63	0.00495	0.01486	4.411e+03	0.11	0.418	GO:0071216
163	60	32	0.00495	0.00996	1.300e+03	0.053	0.421	GO:0010976
164	25	12	0.00494	0.01201	2.488e+02	-0.073	0.46	GO:0006501
165	21	14	0.00484	0.01211	1.269e+02	0.173	0.484	GO:0015844
166	88	39	0.00476	0.00953	3.157e+03	-0.076	0.432	GO:0000079
167	32	16	0.00474	0.01421	3.926e+02	0.029	0.466	GO:0070206
168	100	55	0.00472	0.014	3.500e+03	0.084	0.414	GO:0050671
169	44	28	0.0045	0.01166	5.843e+02	0.132	0.456	GO:0051785
170	22	11	0.00444	0.00863	1.878e+02	0.053	0.477	GO:0021915
171	34	24	0.00439	0.01237	2.958e+02	0.241	0.399	GO:0055021
172	48	27	0.00434	0.00985	7.978e+02	0.09	0.46	GO:0048525
173	23	11	0.0043	0.00608	2.118e+02	0.051	0.444	GO:0006336
174	109	41	0.00414	0.01243	5.307e+03	-0.142	0.415	GO:0006720
175	24	17	0.00406	0.009	1.479e+02	0.166	0.561	GO:0050926
176	22	14	0.00401	0.01057	1.489e+02	0.132	0.44	GO:0048048
177	29	16	0.004	0.01199	2.997e+02	0.079	0.459	GO:0016331
178	129	64	0.00386	0.00758	6.279e+03	-0.035	0.468	GO:0008277
179	58	40	0.00372	0.01117	8.908e+02	0.164	0.47	GO:0002821
180	34	17	0.00371	0.00787	4.425e+02	0.007	0.36	GO:0046686
181	23	12	0.0037	0.00813	1.988e+02	0.025	0.452	GO:0019098
182	27	14	0.00359	0.00561	2.737e+02	0.059	0.385	GO:1901685
183	24	16	0.00358	0.0055	1.649e+02	0.165	0.487	GO:0003206
184	34	20	0.00358	0.01073	3.856e+02	0.036	0.496	GO:0010812
185	35	17	0.00354	0.01063	4.784e+02	0.05	0.411	GO:0007205
186	31	17	0.0034	0.01021	3.437e+02	0.03	0.49	GO:0048663
187	44	24	0.0034	0.0095	6.900e+02	0.047	0.448	GO:0060078
188	25	12	0.00335	0.01004	2.488e+02	0.042	0.432	GO:0031055
189	33	16	0.00335	0.00772	4.265e+02	0.066	0.361	GO:0060393
190	29	15	0.00331	0.00717	3.157e+02	-0.02	0.459	GO:0002275
191	37	20	0.00331	0.00573	4.934e+02	0.027	0.461	GO:0032755
192	30	16	0.00329	0.00988	3.297e+02	0.057	0.448	GO:0008038
193	36	19	0.00328	0.00983	4.764e+02	-0.003	0.488	GO:0006323
194	35	23	0.00325	0.00976	3.547e+02	0.176	0.378	GO:0002637
195	38	19	0.00325	0.00976	5.513e+02	-0.066	0.506	GO:0030593
196	94	51	0.00323	0.00913	3.131e+03	0.061	0.442	GO:0035239
197	21	10	0.00322	0.00757	1.779e+02	0.009	0.458	GO:0035088
198	82	45	0.00319	0.00898	2.363e+03	0.074	0.434	GO:0060562
199	23	11	0.00307	0.00922	2.118e+02	-0.01	0.462	GO:0010677
200	26	14	0.00303	0.00884	2.468e+02	0.136	0.374	GO:0010862
201	39	26	0.00287	0.00707	4.296e+02	0.192	0.428	GO:0060420
202	26	14	0.00286	0.00506	2.468e+02	0.057	0.471	GO:0018022
203	23	14	0.0028	0.00585	1.719e+02	0.169	0.412	GO:0000083
204	41	21	0.0027	0.00733	6.301e+02	0.029	0.491	GO:0001709
205	28	14	0.00268	0.00804	3.017e+02	-0.008	0.552	GO:0046189
206	99	44	0.00266	0.00556	3.982e+03	-0.091	0.447	GO:0006302
207	32	16	0.00265	0.00498	3.926e+02	0.002	0.425	GO:0002792
208	21	11	0.00262	0.00787	1.659e+02	0.11	0.404	GO:0002040
209	24	11	0.00261	0.00782	2.368e+02	0.002	0.403	GO:0070588
210	24	12	0.00253	0.00526	2.228e+02	0.061	0.416	GO:0050918
211	22	14	0.00251	0.00618	1.489e+02	0.149	0.444	GO:0043330
212	89	53	0.00251	0.00746	2.569e+03	0.08	0.477	GO:0002685
213	27	7	0.0025	0.00654	3.994e+02	-0.214	0.229	GO:0030449
214	32	19	0.00247	0.00715	3.387e+02	0.022	0.532	GO:0006312
215	42	20	0.00245	0.00508	6.949e+02	-0.036	0.509	GO:0035051
216	22	10	0.00243	0.00557	2.008e+02	-0.049	0.397	GO:0008207
217	27	13	0.00243	0.00728	2.887e+02	-0.063	0.491	GO:0031111
218	50	25	0.0024	0.00518	9.494e+02	0.009	0.461	GO:0031032
219	20	11	0.00238	0.00476	1.449e+02	0.061	0.432	GO:0034243
220	28	15	0.00237	0.0071	2.867e+02	0.159	0.328	GO:0042036
221	100	55	0.00228	0.0045	3.500e+03	0.015	0.514	GO:0017038
222	122	61	0.00226	0.00678	5.590e+03	0.027	0.45	GO:0050769
223	24	16	0.00222	0.00486	1.649e+02	0.132	0.567	GO:0014072
224	39	21	0.00222	0.00637	5.493e+02	0.03	0.463	GO:0060079
225	27	16	0.00221	0.00523	2.428e+02	0.131	0.425	GO:0010743
226	36	17	0.00219	0.00609	5.153e+02	0.002	0.399	GO:0010883
227	22	13	0.00216	0.00648	1.629e+02	0.048	0.515	GO:1901655
228	31	14	0.00208	0.00625	3.955e+02	-0.077	0.436	GO:0042558
229	120	56	0.00198	0.00414	5.661e+03	-0.049	0.485	GO:0016125
230	37	17	0.00198	0.00595	5.542e+02	0.022	0.401	GO:0061351
231	42	29	0.00196	0.00557	4.685e+02	0.196	0.413	GO:0002718
232	20	12	0.00193	0.00441	1.329e+02	0.015	0.509	GO:0002825
233	36	18	0.0019	0.0053	4.954e+02	-0.017	0.478	GO:0048024
234	20	13	0.00189	0.00378	1.199e+02	0.137	0.483	GO:0001953
235	101	55	0.00184	0.00551	3.601e+03	0.076	0.414	GO:0032946
236	21	10	0.00182	0.00547	1.779e+02	-0.082	0.485	GO:0006363
237	42	23	0.00181	0.00465	6.272e+02	0.024	0.506	GO:0001755
238	27	13	0.00181	0.00496	2.887e+02	-0.012	0.43	GO:0046676
239	22	13	0.0018	0.0054	1.629e+02	0.066	0.467	GO:0051898
240	29	14	0.0018	0.00409	3.316e+02	-0.021	0.41	GO:0043588
241	34	19	0.00178	0.00533	4.056e+02	0.062	0.453	GO:0051055
242	40	23	0.00176	0.00528	5.443e+02	-0.005	0.53	GO:0031018
243	27	12	0.00176	0.00527	3.047e+02	-0.029	0.436	GO:0055007
244	133	71	0.00167	0.00502	6.329e+03	0.032	0.436	GO:0003013
245	32	18	0.00159	0.00476	3.576e+02	0.025	0.575	GO:0009948
246	57	22	0.00159	0.00476	1.447e+03	-0.105	0.421	GO:0030204
247	20	10	0.00158	0.00358	1.559e+02	-0.021	0.402	GO:0060479
248	40	27	0.00155	0.00464	4.426e+02	0.216	0.406	GO:0031343
249	27	12	0.00154	0.00335	3.047e+02	-0.046	0.382	GO:0032855
250	22	11	0.00153	0.00371	1.878e+02	0.026	0.491	GO:0042490
251	29	15	0.00152	0.00313	3.157e+02	-0.012	0.52	GO:0044275
252	48	20	0.00152	0.00455	9.851e+02	-0.107	0.424	GO:0006220
253	33	17	0.00151	0.00452	4.085e+02	0.043	0.504	GO:0042339
254	37	21	0.0015	0.00449	4.725e+02	0.083	0.423	GO:0031644
255	24	15	0.00149	0.00326	1.809e+02	0.162	0.431	GO:0001916
256	20	12	0.00141	0.00424	1.329e+02	0.154	0.42	GO:0031102
257	76	42	0.00141	0.00422	2.019e+03	0.097	0.414	GO:0032680
258	167	85	0.00139	0.00416	1.032e+04	0.003	0.506	GO:0090087
259	37	17	0.00138	0.00414	5.542e+02	-0.077	0.567	GO:1901264
260	21	12	0.00135	0.00406	1.539e+02	0.033	0.553	GO:0002675
261	35	15	0.00133	0.00398	5.193e+02	-0.151	0.46	GO:0032312
262	22	12	0.00132	0.00397	1.759e+02	-0.006	0.475	GO:0050856
263	57	28	0.00132	0.00396	1.247e+03	0.018	0.49	GO:0072524
264	29	13	0.00132	0.00281	3.486e+02	-0.041	0.522	GO:0051453
265	22	11	0.00129	0.00386	1.878e+02	0.057	0.521	GO:0032728
266	91	49	0.00126	0.00378	2.953e+03	0.005	0.499	GO:0007162
267	46	28	0.00125	0.00376	6.751e+02	0.148	0.397	GO:0055024
268	21	12	0.00122	0.00367	1.539e+02	0.115	0.457	GO:0052312
269	46	20	0.0012	0.0036	8.824e+02	-0.053	0.477	GO:0043604
270	31	13	0.0012	0.00359	4.145e+02	-0.085	0.491	GO:0006891
271	57	30	0.00118	0.00354	1.187e+03	-0.031	0.531	GO:0050684
272	32	21	0.00117	0.00352	2.978e+02	0.143	0.471	GO:0048521
273	52	23	0.00117	0.0035	1.113e+03	-0.066	0.41	GO:0042180
274	22	14	0.00116	0.00312	1.489e+02	0.258	0.4	GO:0048710
275	58	39	0.00115	0.00231	9.307e+02	0.192	0.417	GO:0002705
276	53	27	0.00113	0.00338	1.052e+03	-0.02	0.449	GO:0001938
277	20	10	0.00113	0.00338	1.559e+02	-0.067	0.393	GO:0045940
278	31	19	0.00112	0.00337	3.067e+02	0.006	0.522	GO:0097581
279	55	37	0.00112	0.00336	8.369e+02	0.154	0.459	GO:0002824
280	21	11	0.00111	0.00223	1.659e+02	-0.064	0.418	GO:0043299
281	96	53	0.00109	0.00232	3.216e+03	0.106	0.423	GO:0071222
282	54	23	0.00109	0.00271	1.227e+03	-0.085	0.46	GO:0006458
283	26	11	0.00109	0.00326	2.917e+02	-0.105	0.489	GO:0032350
284	31	19	0.00108	0.00325	3.067e+02	0.064	0.496	GO:0051004
285	34	18	0.00108	0.00217	4.245e+02	0.006	0.466	GO:0009101
286	28	17	0.00107	0.00322	2.538e+02	0.021	0.49	GO:0030032
287	58	30	0.00107	0.00272	1.245e+03	-0.005	0.434	GO:0010955
288	24	13	0.00104	0.00312	2.098e+02	-0.012	0.607	GO:0001892
289	94	48	0.00104	0.0021	3.280e+03	-0.004	0.458	GO:0060759
290	82	58	0.00102	0.00307	1.690e+03	0.178	0.493	GO:0060193
291	24	12	0.00102	0.00295	2.228e+02	-0.098	0.479	GO:0006111
292	27	12	0.00102	0.00204	3.047e+02	-0.086	0.454	GO:0009220
293	35	15	0.00102	0.00306	5.193e+02	-0.145	0.46	GO:0046134
294	63	33	0.00102	0.00305	1.453e+03	0.025	0.461	GO:0043255
295	25	13	0.00098	0.00293	2.348e+02	0.038	0.437	GO:0090311
296	111	67	0.00096	0.00288	3.927e+03	0.1	0.48	GO:0045787
297	38	22	0.00096	0.00287	4.884e+02	0.026	0.479	GO:0030858
298	56	32	0.00094	0.002	1.067e+03	0.052	0.455	GO:0045582
299	39	16	0.00094	0.00281	6.599e+02	-0.083	0.462	GO:0030397
300	39	20	0.00092	0.00134	5.702e+02	-0.022	0.578	GO:0030004
301	92	52	0.00092	0.00276	2.893e+03	0.052	0.461	GO:0006518
302	39	20	0.00091	0.00246	5.702e+02	-0.089	0.529	GO:0038032
303	60	37	0.00089	0.00266	1.126e+03	0.041	0.518	GO:0002698
304	20	9	0.00088	0.00264	1.679e+02	-0.016	0.339	GO:0052652
305	22	10	0.00088	0.00263	2.008e+02	-0.114	0.537	GO:0051181
306	23	16	0.00086	0.00258	1.409e+02	0.142	0.567	GO:0043278
307	59	28	0.00086	0.00257	1.366e+03	-0.029	0.501	GO:0009306
308	76	42	0.00086	0.00257	2.019e+03	0.038	0.477	GO:0060560
309	57	31	0.00084	0.00253	1.156e+03	0.005	0.517	GO:0003143
310	39	20	0.00084	0.00253	5.702e+02	-0.021	0.54	GO:0071322
311	40	21	0.00084	0.00252	5.892e+02	-0.037	0.509	GO:0006953
312	22	11	0.00083	0.00171	1.878e+02	-0.007	0.463	GO:0030201
313	26	14	0.00083	0.00248	2.468e+02	-0.039	0.491	GO:0045806
314	22	11	0.00082	0.00165	1.878e+02	-0.039	0.513	GO:0034698
315	25	12	0.00082	0.00167	2.488e+02	0.007	0.424	GO:0006760
316	45	19	0.00081	0.00244	8.605e+02	-0.045	0.41	GO:0000096
317	69	38	0.00081	0.00244	1.671e+03	0.025	0.532	GO:0019217
318	43	22	0.0008	0.00184	6.930e+02	-0.026	0.479	GO:0007270
319	24	10	0.0008	0.00239	2.517e+02	-0.118	0.412	GO:0006506
320	46	20	0.00078	0.00235	8.824e+02	-0.076	0.514	GO:0021782
321	27	13	0.00078	0.00181	2.887e+02	-0.059	0.503	GO:0045912
322	51	26	0.00076	0.00229	9.743e+02	0.015	0.46	GO:0032945
323	22	13	0.00076	0.00228	1.629e+02	0.057	0.468	GO:0090189
324	52	43	0.00076	0.00228	4.327e+02	0.39	0.426	GO:2001237
325	25	13	0.00076	0.00227	2.348e+02	0.06	0.517	GO:0010543
326	34	18	0.00076	0.00227	4.245e+02	0.03	0.523	GO:0030282
327	55	31	0.00075	0.00226	1.043e+03	-0.048	0.546	GO:0045727
328	20	9	0.00075	0.00226	1.679e+02	-0.12	0.528	GO:0045851
329	78	39	0.00074	0.00198	2.296e+03	0.02	0.453	GO:0043648
330	26	15	0.00074	0.00221	2.318e+02	0.004	0.601	GO:0000188
331	21	12	0.00073	0.0022	1.539e+02	0.142	0.338	GO:0032715
332	103	66	0.00073	0.00199	3.138e+03	0.136	0.427	GO:0002819
333	27	16	0.00072	0.00158	2.428e+02	0.111	0.494	GO:0001960
334	24	10	0.00072	0.00217	2.517e+02	-0.101	0.433	GO:0003279
335	23	15	0.00071	0.00214	1.569e+02	0.192	0.472	GO:1901992
336	151	67	0.0007	0.00211	9.228e+03	-0.048	0.473	GO:0071824
337	23	11	0.0007	0.0021	2.118e+02	-0.033	0.453	GO:0045214
338	27	13	0.0007	0.00151	2.887e+02	-0.042	0.538	GO:0019935
339	24	15	0.00068	0.00205	1.809e+02	0.148	0.472	GO:1901989
340	31	15	0.00068	0.00125	3.776e+02	-0.028	0.451	GO:0090278
341	23	14	0.00066	0.00122	1.719e+02	0.021	0.538	GO:0001990
342	22	14	0.00064	0.00193	1.489e+02	0.097	0.549	GO:0003208
343	144	63	0.00064	0.00193	8.469e+03	-0.095	0.477	GO:0010927
344	34	25	0.00063	0.00188	2.708e+02	0.286	0.379	GO:0002889
345	21	11	0.00062	0.00187	1.659e+02	0.044	0.406	GO:0043029
346	49	26	0.00062	0.00119	8.736e+02	-0.051	0.518	GO:0097530
347	27	11	0.00061	0.00128	3.216e+02	-0.111	0.437	GO:0006505
348	98	53	0.0006	0.0018	3.410e+03	0.018	0.485	GO:0002831
349	28	11	0.0006	0.0018	3.526e+02	-0.063	0.342	GO:0046058
350	116	51	0.00058	0.00175	5.493e+03	-0.049	0.477	GO:0006334
351	62	28	0.00058	0.00174	1.556e+03	-0.064	0.452	GO:0032200
352	150	80	0.00058	0.00174	8.048e+03	0.061	0.42	GO:0050670
353	23	12	0.00058	0.00173	1.988e+02	0.028	0.519	GO:0006270
354	35	19	0.00056	0.00169	4.405e+02	-0.056	0.58	GO:0050848
355	29	16	0.00056	0.00167	2.997e+02	-0.038	0.543	GO:0006476
356	25	13	0.00056	0.00167	2.348e+02	0.076	0.441	GO:0048169
357	32	10	0.00055	0.00166	5.152e+02	-0.202	0.411	GO:0042461
358	24	13	0.00054	0.00161	2.098e+02	0.024	0.534	GO:0060397
359	101	53	0.00052	0.00155	3.709e+03	0.029	0.438	GO:0007088
360	21	14	0.00051	0.00152	1.269e+02	0.148	0.487	GO:0090022
361	73	33	0.00049	0.00146	2.151e+03	-0.04	0.492	GO:0006090
362	27	16	0.00049	0.00146	2.428e+02	0.076	0.47	GO:0010470
363	26	15	0.00048	0.00145	2.318e+02	0.044	0.531	GO:0043502
364	41	19	0.00048	0.00144	6.750e+02	-0.028	0.485	GO:0048168
365	24	11	0.00048	0.00143	2.368e+02	-0.009	0.389	GO:0009190
366	34	18	0.00048	0.00143	4.245e+02	-0.009	0.466	GO:0018107
367	22	11	0.00046	0.00126	1.878e+02	0.05	0.4	GO:0001961
368	42	22	0.00046	0.00137	6.501e+02	-0.092	0.542	GO:0023021
369	28	17	0.00046	0.00137	2.538e+02	0.158	0.466	GO:0031663
370	60	35	0.00046	0.00107	1.199e+03	0.073	0.48	GO:0032088
371	31	13	0.00045	0.00136	4.145e+02	-0.124	0.412	GO:0006206
372	115	57	0.00045	0.00136	4.999e+03	-0.001	0.526	GO:0033500
373	45	24	0.00045	0.00136	7.349e+02	0.008	0.488	GO:0048146
374	34	16	0.00044	0.00133	4.614e+02	0.098	0.369	GO:0032881
375	25	8	0.00043	0.0013	3.146e+02	-0.216	0.625	GO:0001937
376	21	8	0.00043	0.00128	2.048e+02	-0.135	0.554	GO:0031016
377	86	40	0.00042	0.00126	2.925e+03	-0.009	0.401	GO:0030326
378	52	31	0.00041	0.00122	8.817e+02	0.05	0.494	GO:0002690
379	53	28	0.00041	0.00122	1.024e+03	-0.016	0.545	GO:0060359
380	25	16	0.0004	0.00102	1.899e+02	0.128	0.508	GO:0007622
381	25	10	0.0004	0.0012	2.797e+02	-0.131	0.513	GO:0036151
382	28	14	0.0004	0.0012	3.017e+02	0.031	0.443	GO:0046326
383	39	15	0.0004	0.00119	6.849e+02	-0.025	0.328	GO:0035690
384	43	19	0.0004	0.00119	7.647e+02	-0.018	0.475	GO:0042157
385	29	20	0.00039	0.00078	2.258e+02	0.196	0.419	GO:0060043
386	36	18	0.00038	0.00115	4.954e+02	-0.028	0.484	GO:0007339
387	34	13	0.00038	0.00082	5.242e+02	-0.183	0.411	GO:0015914
388	27	15	0.00038	0.00111	2.588e+02	-0.009	0.49	GO:0051983
389	21	10	0.00038	0.00103	1.779e+02	-0.06	0.461	GO:0000272
390	24	9	0.00038	0.00113	2.677e+02	-0.109	0.415	GO:0001539
391	21	5	0.00036	0.00107	2.527e+02	-0.129	0.246	GO:0009084
392	57	32	0.00036	0.00107	1.124e+03	0.011	0.519	GO:0033555
393	35	18	0.00035	0.0007	4.594e+02	-0.002	0.471	GO:0007566
394	174	90	0.00035	0.00106	1.107e+04	0.025	0.47	GO:0071407
395	28	14	0.00035	0.00104	3.017e+02	-0.078	0.437	GO:0045055
396	24	14	0.00034	0.00103	1.959e+02	0.074	0.388	GO:0042537
397	33	16	0.00034	0.00102	4.265e+02	-0.009	0.454	GO:0033692
398	30	25	0.00034	0.00102	1.409e+02	0.391	0.372	GO:0048640
399	33	16	0.00034	0.00102	4.265e+02	-0.043	0.567	GO:0065002
400	51	31	0.00033	0.001	8.298e+02	0.062	0.524	GO:0007200
401	50	23	0.00033	0.001	1.004e+03	0.001	0.463	GO:0019362
402	21	14	0.00033	0.001	1.269e+02	0.133	0.543	GO:0051354
403	31	13	0.00033	0.00098	4.145e+02	-0.057	0.423	GO:0072529
404	35	26	0.00031	0.00094	2.798e+02	0.297	0.374	GO:0002712
405	22	10	0.00031	0.00094	2.008e+02	-0.065	0.472	GO:0015985
406	26	16	0.00031	0.00092	2.158e+02	0.119	0.494	GO:0032732
407	41	30	0.00031	0.00092	3.967e+02	0.265	0.426	GO:0043967
408	29	13	0.0003	0.00089	3.486e+02	-0.01	0.435	GO:0043486
409	57	27	0.00029	0.00088	1.277e+03	-0.027	0.449	GO:0042472
410	22	12	0.00028	0.00058	1.759e+02	0.049	0.452	GO:0044705
411	26	13	0.00028	0.00084	2.608e+02	-0.043	0.531	GO:0034333
412	34	21	0.00028	0.00083	3.646e+02	0.105	0.475	GO:0010633
413	23	7	0.00026	0.00078	2.737e+02	-0.158	0.411	GO:0006692
414	33	19	0.00026	0.00078	3.716e+02	0.112	0.471	GO:0032648
415	27	17	0.00026	0.00057	2.258e+02	0.098	0.468	GO:0060740
416	23	14	0.00026	0.00077	1.719e+02	0.055	0.538	GO:0061515
417	94	41	0.00025	0.00076	3.634e+03	-0.072	0.402	GO:0035023
418	26	11	0.00024	0.00073	2.917e+02	-0.102	0.442	GO:0046132
419	30	14	0.00024	0.00072	3.626e+02	-0.088	0.454	GO:0018410
420	54	26	0.00024	0.00071	1.135e+03	-0.029	0.488	GO:0045069
421	67	28	0.00023	0.00068	1.904e+03	-0.015	0.42	GO:0001570
422	25	17	0.00023	0.00068	1.729e+02	0.12	0.558	GO:0050691
423	25	14	0.00022	0.00067	2.208e+02	-0.088	0.604	GO:0044058
424	34	18	0.00022	0.00066	4.245e+02	0.092	0.469	GO:0014015
425	47	24	0.00022	0.00066	8.277e+02	0.014	0.452	GO:0061097
426	45	29	0.00022	0.00065	6.003e+02	0.22	0.423	GO:0045685
427	31	17	0.00021	0.00064	3.437e+02	0.082	0.483	GO:0060761
428	38	19	0.00021	0.00062	5.513e+02	-0.03	0.439	GO:0008156
429	34	17	0.00021	0.00062	4.425e+02	0.006	0.475	GO:0035019
430	22	17	0.0002	0.0006	1.010e+02	0.389	0.391	GO:1902229
431	88	45	0.0002	0.00059	2.874e+03	-0.011	0.463	GO:0001959
432	29	14	0.00018	0.00054	3.316e+02	-0.05	0.53	GO:0007157
433	20	9	0.00018	0.00054	1.679e+02	-0.013	0.455	GO:0009235
434	66	30	0.00018	0.00054	1.755e+03	-0.072	0.427	GO:0010811
435	20	14	0.00018	0.00054	1.059e+02	0.223	0.408	GO:0060045
436	32	16	0.00018	0.00053	3.926e+02	-0.001	0.436	GO:0032414
437	26	17	0.00017	0.00052	1.989e+02	0.143	0.506	GO:0007212
438	23	10	0.00017	0.00052	2.258e+02	-0.097	0.516	GO:0036152
439	21	11	0.00017	0.00052	1.659e+02	-0.028	0.54	GO:0045987
440	70	34	0.00017	0.0005	1.888e+03	-0.073	0.512	GO:0071356
441	32	15	0.00016	0.00049	4.105e+02	0.099	0.344	GO:0032885
442	67	30	0.00016	0.00049	1.825e+03	-0.046	0.445	GO:0090317
443	34	23	0.00016	0.00047	3.197e+02	0.138	0.503	GO:2000379
444	77	48	0.00016	0.00033	1.824e+03	0.072	0.529	GO:0050921
445	20	9	0.00015	0.00044	1.679e+02	-0.129	0.603	GO:0003341
446	31	15	0.00014	0.00043	3.776e+02	-0.024	0.549	GO:0030641
447	142	81	0.00014	0.00042	6.804e+03	0.089	0.443	GO:0030308
448	21	12	0.00014	0.00042	1.539e+02	0.086	0.45	GO:0042116
449	85	54	0.00013	0.0004	2.166e+03	0.139	0.415	GO:0031345
450	44	23	0.00013	0.0004	7.139e+02	0.039	0.481	GO:1903310
451	23	8	0.00012	0.00037	2.567e+02	-0.183	0.459	GO:0009148
452	40	19	0.00012	0.00037	6.321e+02	-0.104	0.527	GO:0055010
453	58	30	0.00012	0.00035	1.245e+03	-0.032	0.552	GO:0022613
454	32	11	0.00012	0.00035	4.923e+02	-0.141	0.408	GO:0097194
455	25	14	0.00011	0.00034	2.208e+02	0.061	0.531	GO:0019400
456	21	12	0.00011	0.00034	1.539e+02	0.105	0.457	GO:2000351
457	64	37	0.00011	0.00032	1.375e+03	-0.006	0.553	GO:0006446
458	21	12	0.00011	0.00032	1.539e+02	0.053	0.402	GO:0008045
459	54	28	0.00011	0.00032	1.078e+03	0.026	0.445	GO:0070664
460	27	12	0.0001	0.00031	3.047e+02	0.005	0.474	GO:0045923
461	30	18	0.0001	0.0003	2.947e+02	0.076	0.508	GO:0010596
462	27	13	0.0001	0.0003	2.887e+02	0.036	0.449	GO:0048738
463	39	20	9e-05	0.00028	5.702e+02	-0.067	0.57	GO:0001906
464	33	18	9e-05	0.00026	3.906e+02	-0.013	0.552	GO:0006271
465	24	11	9e-05	0.00026	2.368e+02	-0.141	0.518	GO:0006361
466	29	20	9e-05	0.00026	2.258e+02	0.078	0.598	GO:0042304
467	23	16	9e-05	0.00026	1.409e+02	0.172	0.537	GO:0050927
468	20	7	8e-05	0.00025	1.948e+02	-0.198	0.452	GO:0050892
469	40	22	8e-05	0.00025	5.673e+02	0.022	0.508	GO:0060401
470	61	28	8e-05	0.00024	1.492e+03	-0.05	0.452	GO:0000723
471	66	38	8e-05	0.00024	1.468e+03	0.041	0.507	GO:0002687
472	30	14	8e-05	0.00024	3.626e+02	-0.067	0.525	GO:0030261
473	31	18	8e-05	0.00024	3.257e+02	0.044	0.529	GO:0043666
474	35	19	8e-05	0.00023	4.405e+02	-0.018	0.565	GO:0043094
475	22	13	8e-05	0.00023	1.629e+02	0.032	0.591	GO:0045879
476	45	19	7e-05	0.00022	8.605e+02	-0.115	0.477	GO:0022600
477	41	25	7e-05	0.00022	5.364e+02	0.086	0.464	GO:0046637
478	89	53	7e-05	0.0002	2.569e+03	0.047	0.533	GO:0048520
479	42	18	6e-05	0.00018	7.438e+02	-0.128	0.45	GO:0072528
480	52	24	5e-05	0.00016	1.083e+03	-0.132	0.503	GO:0015748
481	21	7	5e-05	0.00014	2.198e+02	-0.213	0.52	GO:0000718
482	60	31	4e-05	0.00013	1.332e+03	0.095	0.391	GO:0042108
483	25	11	4e-05	0.00011	2.637e+02	-0.019	0.445	GO:0060998
484	28	14	4e-05	0.00011	3.017e+02	-0.042	0.491	GO:0072348
485	28	13	3e-05	0.0001	3.177e+02	0.011	0.468	GO:0018146
486	23	8	3e-05	0.0001	2.567e+02	-0.144	0.532	GO:0071695
487	21	10	3e-05	8e-05	1.779e+02	0.02	0.382	GO:0009651
488	34	15	3e-05	8e-05	4.814e+02	0.044	0.451	GO:0045646
489	36	19	2e-05	7e-05	4.764e+02	0.052	0.487	GO:0050999
490	22	11	2e-05	7e-05	1.878e+02	-0.082	0.633	GO:0051293
491	36	16	2e-05	6e-05	5.363e+02	-0.125	0.575	GO:0003007
492	21	12	2e-05	6e-05	1.539e+02	0.085	0.475	GO:0006110
493	53	22	2e-05	6e-05	1.201e+03	-0.063	0.428	GO:0042552
494	20	10	2e-05	6e-05	1.559e+02	0.02	0.532	GO:0070371
495	43	20	2e-05	5e-05	7.398e+02	-0.075	0.547	GO:0045682
496	20	9	1e-05	2e-05	1.679e+02	0.003	0.439	GO:0045648
497	30	14	0.0	1e-05	3.626e+02	-0.085	0.562	GO:0006370