Creation Time:	2022-12-29 19:54:11

INPUT:
File name:	crfe_v018.py
Annotations file:	/Users/JasonJia/Desktop/CRFE/Xinglin_insilico/data/human4/human_anno.txt
Gene file:	/Users/JasonJia/Desktop/CRFE/Xinglin_insilico/data/human4/human0.4_0.25_2_10_seed_28.txt
lower limit annotations/process:	20
upper limit annotations/process:	200
k (number of perturbed categories):	0 (i.e., each perturbed gene in its own category)
threshold:	0
threshold type:	levels
belief:	10.0
Method:	MCMC with parameter learning with an empty set as initial set
repeats:	10
burnin steps:	25000
MCMC steps:	25000
Maximal value for alpha and beta:	0.3548387096774194
Maximal possible value for alpha and beta:	0.3548387096774194
Probability parameter change:	0.2
seed for RNG:	1979104870

Initial set of processes:
Empty set

INPUT ANALYSIS:
Total number of processes:	2291
Total number of genes:	11704
Number of perturbed genes:	4990
Proportion perturbed genes:	0.42634996582365003

OUTPUT:
Learnt parameters:
alpha (FPR):	0.3548387096774194
beta (FNR):	0.3548387096774194
q (penalization parameter):	0.001


Best log-likelihood value (mean +- standard deviation across replicates):	-8483.789212867294 +- 3.7374490427225506

Order	#(Annotations)	#(Annotations of perturbed genes)	Mean Posterior Probability	Standard Deviation Posterior Probability	p-value	Average Expression Level	Average position perturbed genes	Term Name
1	121	94	1.0	0.0	2.911e+03	0.26	0.476	GO:0010721
2	105	57	1.0	0.0	3.900e+03	0.026	0.461	GO:0032479
3	100	77	1.0	0.0	2.044e+03	0.3	0.409	GO:0048705
4	158	85	0.97772	0.06685	8.863e+03	0.051	0.426	GO:0090287
5	184	133	0.94769	0.15692	8.080e+03	0.251	0.425	GO:0048002
6	106	75	0.83968	0.3327	2.816e+03	0.258	0.423	GO:0061061
7	32	18	0.78435	0.15739	3.576e+02	0.121	0.367	GO:0030101
8	60	35	0.78339	0.34574	1.199e+03	0.072	0.451	GO:0006672
9	133	75	0.7603	0.37472	6.038e+03	0.044	0.473	GO:0006986
10	40	30	0.74747	0.2923	3.557e+02	0.228	0.48	GO:0031018
11	110	60	0.72376	0.2259	4.261e+03	0.025	0.488	GO:0008360
12	49	29	0.70532	0.34819	7.899e+02	0.13	0.322	GO:0048588
13	135	67	0.70145	0.45606	6.872e+03	-0.011	0.455	GO:0006470
14	115	52	0.68379	0.30875	5.307e+03	-0.037	0.46	GO:0016051
15	50	30	0.66127	0.40867	8.098e+02	0.108	0.398	GO:0000725
16	69	50	0.56658	0.38954	1.139e+03	0.258	0.425	GO:0051897
17	79	40	0.56571	0.44595	2.335e+03	0.033	0.416	GO:0009566
18	24	14	0.50695	0.27264	1.959e+02	0.113	0.384	GO:0055090
19	38	29	0.49006	0.41771	3.068e+02	0.252	0.473	GO:1901800
20	68	40	0.46364	0.31117	1.524e+03	0.041	0.481	GO:0045598
21	82	72	0.45454	0.41949	7.754e+02	0.417	0.42	GO:0051443
22	96	61	0.43342	0.38954	2.759e+03	0.136	0.455	GO:0051896
23	40	21	0.39972	0.36089	5.892e+02	0.062	0.395	GO:0007259
24	75	42	0.34423	0.35368	1.944e+03	0.044	0.471	GO:0006892
25	107	66	0.33488	0.36825	3.558e+03	0.102	0.5	GO:0045047
26	25	15	0.30757	0.2603	2.058e+02	0.127	0.411	GO:0006893
27	156	75	0.29855	0.45606	9.358e+03	-0.017	0.46	GO:0016311
28	45	23	0.29804	0.34527	7.588e+02	-0.034	0.459	GO:0046717
29	105	65	0.29097	0.36408	3.411e+03	0.096	0.506	GO:0006614
30	96	79	0.28548	0.36492	1.495e+03	0.363	0.429	GO:0051438
31	24	12	0.26046	0.29327	2.228e+02	-0.04	0.376	GO:0035162
32	53	31	0.24485	0.34103	9.345e+02	0.03	0.505	GO:0044801
33	49	29	0.20654	0.34053	7.899e+02	0.108	0.381	GO:0000724
34	39	25	0.20308	0.21052	4.555e+02	0.173	0.382	GO:0048678
35	27	15	0.19851	0.20472	2.588e+02	0.062	0.412	GO:0050663
36	108	66	0.19268	0.38572	3.665e+03	0.099	0.5	GO:0072599
37	24	16	0.18827	0.22393	1.649e+02	0.221	0.41	GO:0051385
38	40	22	0.18329	0.21247	5.673e+02	-0.021	0.481	GO:0010676
39	107	66	0.18313	0.26664	3.558e+03	0.098	0.505	GO:0006613
40	100	81	0.17916	0.26926	1.728e+03	0.344	0.438	GO:0051340
41	140	78	0.17767	0.3292	6.761e+03	0.043	0.466	GO:0035966
42	46	22	0.17638	0.31301	8.296e+02	0.004	0.367	GO:0035036
43	40	22	0.16309	0.14509	5.673e+02	0.109	0.37	GO:0006901
44	102	74	0.16157	0.33212	2.474e+03	0.271	0.428	GO:0007517
45	32	20	0.16097	0.14866	3.187e+02	0.151	0.395	GO:0032720
46	54	29	0.14366	0.20486	1.049e+03	0.054	0.412	GO:0000186
47	29	17	0.13526	0.18849	2.827e+02	0.096	0.477	GO:0019370
48	31	17	0.13418	0.08905	3.437e+02	0.033	0.456	GO:0006730
49	99	54	0.13257	0.25763	3.455e+03	0.049	0.458	GO:0006302
50	174	83	0.13238	0.27172	1.169e+04	-0.02	0.446	GO:0048193
51	80	39	0.13124	0.09771	2.456e+03	0.03	0.425	GO:0051494
52	49	23	0.13084	0.23964	9.523e+02	-0.054	0.43	GO:0019319
53	126	67	0.12952	0.24636	5.701e+03	-0.014	0.48	GO:0000302
54	88	41	0.12922	0.23877	3.058e+03	-0.016	0.41	GO:0015850
55	142	82	0.12918	0.14611	6.723e+03	0.046	0.501	GO:0051924
56	54	24	0.12738	0.29659	1.196e+03	-0.033	0.371	GO:0009988
57	163	77	0.11656	0.28945	1.033e+04	-0.029	0.44	GO:0006869
58	131	71	0.10415	0.14934	6.066e+03	0.048	0.423	GO:0009636
59	36	23	0.1032	0.16146	3.906e+02	0.185	0.338	GO:0048675
60	63	32	0.10142	0.15895	1.486e+03	-0.028	0.434	GO:0043255
61	107	53	0.09826	0.10437	4.333e+03	0.001	0.425	GO:0048469
62	36	27	0.09683	0.1372	2.888e+02	0.238	0.476	GO:0032436
63	47	25	0.09514	0.15254	8.028e+02	-0.032	0.477	GO:0045913
64	22	14	0.09301	0.12859	1.489e+02	0.225	0.375	GO:0050829
65	30	18	0.08699	0.15917	2.947e+02	0.07	0.407	GO:0070873
66	23	13	0.08289	0.1847	1.859e+02	0.115	0.337	GO:0032504
67	86	74	0.08142	0.24427	9.661e+02	0.392	0.429	GO:0051351
68	20	10	0.07566	0.10979	1.559e+02	-0.089	0.398	GO:0006595
69	34	20	0.0744	0.08602	3.856e+02	0.002	0.54	GO:0030282
70	51	30	0.07379	0.11126	8.607e+02	0.079	0.476	GO:0048641
71	34	16	0.07252	0.13495	4.614e+02	0.028	0.36	GO:0015914
72	23	15	0.0692	0.07835	1.569e+02	0.284	0.323	GO:0034405
73	84	50	0.06892	0.17001	2.291e+03	0.021	0.499	GO:0010954
74	73	46	0.0683	0.15126	1.618e+03	0.057	0.512	GO:0045862
75	30	17	0.06516	0.07236	3.127e+02	0.091	0.428	GO:0032508
76	34	21	0.06173	0.15574	3.646e+02	0.108	0.392	GO:0032881
77	83	47	0.06079	0.18236	2.353e+03	0.045	0.476	GO:0030968
78	61	35	0.06022	0.07728	1.260e+03	0.108	0.452	GO:0043112
79	121	61	0.05553	0.1666	5.469e+03	-0.033	0.476	GO:0006665
80	36	17	0.05289	0.10708	5.153e+02	-0.028	0.382	GO:0007339
81	96	69	0.05255	0.15766	2.238e+03	0.217	0.478	GO:0002504
82	20	14	0.05028	0.11223	1.059e+02	0.253	0.424	GO:0051412
83	129	57	0.04993	0.13587	6.764e+03	-0.079	0.458	GO:0009308
84	34	18	0.04802	0.06786	4.245e+02	0.049	0.415	GO:0046686
85	37	18	0.04706	0.079	5.333e+02	0.05	0.431	GO:0031047
86	54	24	0.04544	0.06118	1.196e+03	-0.087	0.445	GO:0046364
87	86	52	0.04388	0.05558	2.358e+03	0.043	0.519	GO:0045732
88	28	13	0.04296	0.05843	3.177e+02	0.044	0.377	GO:0009225
89	31	17	0.04234	0.09284	3.437e+02	0.012	0.516	GO:0009452
90	34	18	0.03908	0.05824	4.245e+02	0.036	0.402	GO:0015909
91	50	25	0.03882	0.04268	9.494e+02	0.037	0.459	GO:0043242
92	32	15	0.03826	0.05451	4.105e+02	-0.012	0.34	GO:0046626
93	155	75	0.0378	0.08419	9.201e+03	-0.049	0.466	GO:0006643
94	85	43	0.03479	0.06833	2.702e+03	-0.03	0.438	GO:0042542
95	39	21	0.03365	0.06062	5.493e+02	0.012	0.477	GO:0060079
96	36	22	0.0332	0.05285	4.136e+02	0.074	0.523	GO:0021766
97	73	44	0.03268	0.09805	1.708e+03	0.118	0.496	GO:0061136
98	25	15	0.0326	0.04493	2.058e+02	0.076	0.496	GO:0050691
99	24	14	0.03248	0.04326	1.959e+02	0.077	0.436	GO:0060397
100	26	11	0.03223	0.0817	2.917e+02	-0.021	0.285	GO:1900077
101	47	23	0.0317	0.03767	8.526e+02	0.041	0.428	GO:1901880
102	32	17	0.03105	0.05403	3.756e+02	0.062	0.428	GO:0032392
103	41	29	0.0281	0.04224	4.266e+02	0.141	0.532	GO:0032652
104	70	36	0.02796	0.04308	1.816e+03	0.002	0.487	GO:0071356
105	23	15	0.02769	0.03467	1.569e+02	0.181	0.476	GO:0051180
106	29	14	0.02744	0.04344	3.316e+02	-0.041	0.488	GO:0030835
107	30	17	0.02704	0.0299	3.127e+02	0.017	0.516	GO:0006370
108	25	9	0.02688	0.04646	2.967e+02	-0.008	0.198	GO:0010543
109	36	16	0.02629	0.05006	5.363e+02	-0.083	0.395	GO:0001890
110	84	50	0.02521	0.05045	2.291e+03	0.077	0.486	GO:0032387
111	72	40	0.02341	0.04229	1.805e+03	0.013	0.501	GO:0050905
112	118	64	0.02238	0.05039	4.924e+03	0.042	0.495	GO:0000184
113	48	24	0.02209	0.04011	8.755e+02	0.036	0.393	GO:0007338
114	20	15	0.02202	0.03879	9.096e+01	0.321	0.321	GO:2000108
115	96	52	0.02188	0.06565	3.269e+03	0.042	0.442	GO:0017015
116	52	27	0.02173	0.04868	9.993e+02	0.079	0.358	GO:0007519
117	20	11	0.02156	0.03171	1.449e+02	0.037	0.418	GO:0009235
118	45	24	0.02139	0.05757	7.349e+02	-0.023	0.481	GO:0050885
119	45	21	0.021	0.06181	8.077e+02	-0.059	0.449	GO:0006094
120	26	14	0.02073	0.03212	2.468e+02	-0.049	0.625	GO:0034333
121	28	17	0.01876	0.02715	2.538e+02	0.056	0.424	GO:0005979
122	195	93	0.01751	0.04731	1.466e+04	-0.04	0.464	GO:0009143
123	137	64	0.01736	0.05074	7.363e+03	-0.031	0.451	GO:0021700
124	39	22	0.01731	0.02594	5.274e+02	0.032	0.517	GO:0031623
125	33	20	0.01728	0.04167	3.517e+02	0.084	0.498	GO:0032760
126	24	10	0.01526	0.02932	2.517e+02	-0.025	0.269	GO:0046627
127	22	17	0.01523	0.03427	1.010e+02	0.119	0.626	GO:0051926
128	34	14	0.01494	0.02397	5.023e+02	0.018	0.386	GO:0000271
129	41	26	0.01493	0.03167	5.104e+02	0.169	0.437	GO:0042059
130	88	44	0.01475	0.02655	2.918e+03	-0.044	0.51	GO:0034612
131	25	13	0.01431	0.02864	2.348e+02	-0.004	0.453	GO:0036151
132	60	27	0.01424	0.02876	1.462e+03	-0.039	0.458	GO:1903311
133	26	13	0.01399	0.02421	2.608e+02	0.009	0.395	GO:0000722
134	53	34	0.01348	0.033	8.358e+02	0.096	0.515	GO:0046427
135	22	12	0.01345	0.02084	1.759e+02	0.001	0.529	GO:0046847
136	25	12	0.01343	0.0236	2.488e+02	0.009	0.4	GO:0006760
137	76	42	0.01336	0.03439	2.019e+03	0.051	0.443	GO:0032680
138	28	19	0.01312	0.02378	2.168e+02	0.115	0.542	GO:0010453
139	93	45	0.01279	0.02948	3.330e+03	-0.05	0.502	GO:0007218
140	23	16	0.0116	0.0155	1.409e+02	0.093	0.546	GO:0033146
141	32	17	0.0112	0.02359	3.756e+02	0.084	0.339	GO:0072384
142	33	16	0.01095	0.02402	4.265e+02	0.038	0.314	GO:0016358
143	29	16	0.01087	0.01922	2.997e+02	0.098	0.429	GO:0071622
144	25	12	0.0108	0.01868	2.488e+02	-0.052	0.497	GO:0051693
145	64	36	0.01076	0.02757	1.412e+03	0.073	0.451	GO:1901184
146	31	19	0.01046	0.01636	3.067e+02	0.043	0.487	GO:0021954
147	24	9	0.01018	0.01471	2.677e+02	-0.097	0.294	GO:0035329
148	22	12	0.00997	0.02341	1.759e+02	0.08	0.336	GO:0071384
149	37	16	0.00986	0.01679	5.762e+02	-0.054	0.396	GO:0030837
150	32	17	0.0098	0.01489	3.756e+02	0.05	0.39	GO:0006312
151	24	10	0.00974	0.01509	2.517e+02	-0.105	0.417	GO:0006506
152	32	16	0.00954	0.01989	3.926e+02	0.001	0.422	GO:0070206
153	40	22	0.00932	0.01437	5.673e+02	0.041	0.462	GO:1902930
154	87	43	0.009	0.01651	2.875e+03	-0.034	0.467	GO:1902578
155	42	18	0.00896	0.02689	7.438e+02	-0.032	0.436	GO:0060271
156	20	12	0.00893	0.0268	1.329e+02	0.197	0.46	GO:0072676
157	115	62	0.00892	0.02605	4.701e+03	-0.013	0.508	GO:0034599
158	31	12	0.00884	0.01363	4.344e+02	-0.038	0.34	GO:0097581
159	41	23	0.00866	0.01319	5.852e+02	0.013	0.446	GO:0051492
160	41	21	0.00855	0.02551	6.301e+02	-0.016	0.498	GO:0009247
161	33	20	0.00831	0.01226	3.517e+02	0.105	0.435	GO:0032233
162	42	19	0.00817	0.01848	7.189e+02	-0.05	0.411	GO:0015908
163	77	41	0.0081	0.0243	2.138e+03	0.033	0.464	GO:0050921
164	27	15	0.00786	0.02001	2.588e+02	0.11	0.418	GO:0040020
165	92	45	0.00782	0.02091	3.236e+03	0.001	0.48	GO:0030595
166	24	10	0.00781	0.01206	2.517e+02	-0.072	0.358	GO:0042537
167	40	18	0.00779	0.01416	6.550e+02	-0.051	0.354	GO:1900076
168	31	17	0.00762	0.02076	3.437e+02	-0.014	0.427	GO:0045600
169	59	31	0.00759	0.02276	1.273e+03	-0.027	0.49	GO:0006687
170	73	42	0.00736	0.0167	1.795e+03	0.132	0.431	GO:0042990
171	37	26	0.00734	0.01131	3.527e+02	0.14	0.523	GO:0032651
172	39	18	0.00708	0.01345	6.131e+02	-0.015	0.486	GO:0051017
173	32	20	0.00704	0.01499	3.187e+02	0.097	0.406	GO:0032885
174	29	17	0.00699	0.02098	2.827e+02	0.062	0.493	GO:0001838
175	35	18	0.00678	0.01376	4.594e+02	0.039	0.337	GO:0051058
176	22	12	0.00671	0.0156	1.759e+02	-0.02	0.499	GO:0010799
177	22	10	0.00647	0.01466	2.008e+02	-0.067	0.398	GO:0032201
178	33	14	0.00632	0.01776	4.654e+02	0.027	0.386	GO:0033692
179	24	16	0.00606	0.01817	1.649e+02	0.165	0.511	GO:0032814
180	50	28	0.00605	0.01814	8.686e+02	0.034	0.502	GO:0034103
181	23	14	0.00582	0.01379	1.719e+02	0.071	0.507	GO:1901992
182	57	32	0.00566	0.01644	1.124e+03	-0.003	0.511	GO:0061025
183	24	9	0.00558	0.01034	2.677e+02	-0.025	0.302	GO:0001539
184	59	29	0.00543	0.01053	1.334e+03	0.028	0.469	GO:0009306
185	20	11	0.00541	0.00976	1.449e+02	0.116	0.449	GO:0045773
186	61	38	0.00536	0.01323	1.149e+03	0.122	0.517	GO:0032434
187	47	26	0.00526	0.0102	7.768e+02	0.018	0.47	GO:0032231
188	28	11	0.00513	0.00811	3.526e+02	-0.033	0.365	GO:0030032
189	21	12	0.00512	0.01535	1.539e+02	0.139	0.404	GO:0048665
190	29	18	0.00497	0.01199	2.648e+02	0.056	0.494	GO:0061448
191	23	16	0.00492	0.0142	1.409e+02	0.128	0.537	GO:0032731
192	68	41	0.00486	0.01145	1.483e+03	0.067	0.511	GO:0018108
193	75	39	0.0048	0.01441	2.066e+03	0.026	0.442	GO:0006200
194	21	12	0.00479	0.00985	1.539e+02	0.13	0.336	GO:0071385
195	29	17	0.00478	0.01342	2.827e+02	0.06	0.473	GO:0046513
196	44	23	0.00475	0.01135	7.139e+02	-0.005	0.489	GO:0060078
197	31	15	0.00475	0.01322	3.776e+02	-0.006	0.475	GO:0042558
198	80	40	0.00474	0.00999	2.414e+03	-0.007	0.459	GO:0044848
199	20	13	0.00428	0.00859	1.199e+02	0.108	0.464	GO:0090342
200	32	17	0.0042	0.0126	3.756e+02	-0.005	0.491	GO:0050732
201	45	27	0.00406	0.00826	6.571e+02	0.129	0.451	GO:0032655
202	22	14	0.00402	0.01007	1.489e+02	0.082	0.47	GO:0060612
203	34	15	0.00391	0.01035	4.814e+02	-0.017	0.355	GO:0033865
204	20	9	0.0039	0.01067	1.679e+02	-0.079	0.403	GO:0070371
205	23	12	0.00386	0.00876	1.988e+02	0.031	0.461	GO:0010677
206	63	36	0.00386	0.00908	1.348e+03	0.084	0.451	GO:0042058
207	24	14	0.00381	0.00606	1.959e+02	0.134	0.394	GO:0010712
208	39	20	0.00376	0.0084	5.702e+02	0.004	0.515	GO:0006691
209	75	40	0.00374	0.00794	2.026e+03	-0.04	0.496	GO:0034614
210	22	14	0.00373	0.008	1.489e+02	-0.056	0.639	GO:0006906
211	50	27	0.00368	0.00592	8.965e+02	0.038	0.469	GO:0010830
212	35	14	0.00365	0.01094	5.412e+02	-0.072	0.404	GO:0030800
213	36	18	0.00364	0.00893	4.954e+02	-0.057	0.485	GO:0055081
214	47	27	0.00356	0.00554	7.499e+02	0.042	0.521	GO:0045670
215	20	10	0.00353	0.00712	1.559e+02	-0.036	0.472	GO:0002825
216	27	14	0.00352	0.00774	2.737e+02	0.058	0.413	GO:0044253
217	30	13	0.00348	0.00719	3.805e+02	-0.121	0.473	GO:0022400
218	24	14	0.00344	0.00864	1.959e+02	0.033	0.507	GO:1901989
219	30	11	0.0034	0.00547	4.194e+02	-0.139	0.428	GO:0048260
220	24	12	0.0034	0.00909	2.228e+02	-0.029	0.504	GO:0000289
221	39	24	0.0033	0.00727	4.805e+02	0.127	0.443	GO:0002260
222	22	11	0.00316	0.00599	1.878e+02	0.057	0.388	GO:0002090
223	26	18	0.00308	0.00643	1.809e+02	0.233	0.412	GO:0048701
224	20	14	0.00306	0.00506	1.059e+02	0.197	0.355	GO:0060349
225	23	10	0.00303	0.0048	2.258e+02	-0.054	0.406	GO:1903313
226	25	14	0.00294	0.00587	2.208e+02	0.07	0.348	GO:0042481
227	23	13	0.00289	0.00868	1.859e+02	0.001	0.542	GO:0007062
228	70	35	0.00289	0.00734	1.852e+03	-0.008	0.496	GO:0097529
229	36	22	0.00286	0.00461	4.136e+02	0.1	0.495	GO:0030433
230	49	20	0.00277	0.00709	1.039e+03	-0.155	0.446	GO:0006835
231	22	13	0.00272	0.00468	1.629e+02	0.063	0.499	GO:0042490
232	45	18	0.00271	0.00694	8.883e+02	-0.078	0.495	GO:0007030
233	27	11	0.00267	0.008	3.216e+02	-0.142	0.423	GO:0006505
234	98	47	0.00263	0.00599	3.717e+03	0.044	0.457	GO:0006487
235	54	29	0.00257	0.0052	1.049e+03	-0.01	0.523	GO:0006458
236	29	18	0.00257	0.00528	2.648e+02	0.103	0.432	GO:0051496
237	20	9	0.00255	0.00602	1.679e+02	-0.081	0.413	GO:0050685
238	57	30	0.00255	0.00764	1.187e+03	0.074	0.374	GO:0042472
239	46	20	0.00243	0.00536	8.824e+02	-0.045	0.397	GO:0048259
240	56	27	0.00232	0.00696	1.219e+03	0.004	0.435	GO:0022403
241	72	33	0.00224	0.00346	2.075e+03	-0.043	0.468	GO:0045807
242	42	21	0.00222	0.00488	6.720e+02	-0.001	0.5	GO:0006909
243	68	34	0.00221	0.00662	1.748e+03	0.035	0.495	GO:0009100
244	89	42	0.0022	0.00415	3.102e+03	-0.012	0.438	GO:0006814
245	33	14	0.00219	0.0043	4.654e+02	-0.111	0.478	GO:0009620
246	26	12	0.00218	0.00655	2.757e+02	-0.037	0.378	GO:0015807
247	27	13	0.00217	0.0047	2.887e+02	0.111	0.342	GO:0031111
248	28	11	0.00216	0.00477	3.526e+02	-0.038	0.376	GO:0060348
249	91	44	0.00214	0.00642	3.191e+03	-0.064	0.478	GO:0006664
250	20	8	0.00212	0.00525	1.808e+02	-0.019	0.328	GO:0046640
251	24	11	0.00211	0.00478	2.368e+02	0.047	0.341	GO:0001916
252	46	20	0.0021	0.0054	8.824e+02	-0.05	0.402	GO:0032272
253	25	17	0.00206	0.00618	1.729e+02	0.188	0.474	GO:0061077
254	24	12	0.00203	0.0061	2.228e+02	0.063	0.349	GO:0008089
255	23	11	0.00202	0.00605	2.118e+02	-0.004	0.375	GO:0050927
256	101	57	0.00201	0.00431	3.488e+03	0.025	0.51	GO:0071219
257	32	18	0.002	0.00587	3.576e+02	0.093	0.411	GO:0044246
258	60	32	0.00195	0.00584	1.300e+03	-0.021	0.515	GO:0002673
259	21	10	0.00191	0.00574	1.779e+02	-0.128	0.479	GO:0046173
260	22	11	0.00188	0.00563	1.878e+02	-0.02	0.546	GO:0044089
261	58	35	0.00187	0.00562	1.080e+03	0.05	0.515	GO:0001816
262	24	16	0.0018	0.00541	1.649e+02	0.091	0.511	GO:0003206
263	24	12	0.0018	0.00541	2.228e+02	0.009	0.397	GO:0050926
264	21	14	0.0018	0.00361	1.269e+02	0.151	0.507	GO:0002675
265	21	10	0.00176	0.00312	1.779e+02	-0.027	0.5	GO:0001662
266	44	21	0.00176	0.00528	7.608e+02	-0.021	0.512	GO:0046635
267	22	10	0.00176	0.00431	2.008e+02	-0.022	0.331	GO:0030511
268	30	19	0.00172	0.00515	2.758e+02	0.058	0.436	GO:0045168
269	25	13	0.0017	0.00366	2.348e+02	-0.068	0.519	GO:0010907
270	81	41	0.00168	0.00333	2.454e+03	0.006	0.443	GO:0009128
271	67	55	0.00168	0.00469	7.383e+02	0.386	0.409	GO:0051436
272	93	55	0.00167	0.00338	2.824e+03	0.069	0.524	GO:0019058
273	33	16	0.00164	0.00431	4.265e+02	-0.032	0.5	GO:0046471
274	21	11	0.00162	0.00439	1.659e+02	0.098	0.339	GO:0051220
275	52	24	0.00161	0.00484	1.083e+03	-0.003	0.496	GO:0043647
276	20	9	0.00161	0.00484	1.679e+02	-0.147	0.49	GO:0098581
277	97	71	0.00158	0.00474	2.194e+03	0.268	0.428	GO:0071156
278	113	48	0.00156	0.00467	5.324e+03	-0.094	0.455	GO:0006865
279	23	11	0.00155	0.00466	2.118e+02	-0.013	0.439	GO:0036152
280	68	40	0.00153	0.0046	1.524e+03	0.044	0.481	GO:0045666
281	31	17	0.00152	0.00457	3.437e+02	0.068	0.461	GO:0051445
282	31	18	0.00152	0.00456	3.257e+02	0.096	0.364	GO:0060325
283	46	22	0.00152	0.00455	8.296e+02	-0.03	0.478	GO:0031341
284	22	10	0.00152	0.00455	2.008e+02	-0.029	0.408	GO:0033344
285	40	23	0.00149	0.00448	5.443e+02	0.064	0.463	GO:0046677
286	42	25	0.00149	0.00446	5.783e+02	0.019	0.537	GO:0048284
287	21	10	0.00148	0.00308	1.779e+02	-0.138	0.505	GO:0045446
288	41	20	0.00147	0.00442	6.520e+02	-0.068	0.519	GO:0019432
289	35	22	0.00145	0.00356	3.776e+02	0.091	0.449	GO:0002062
290	93	49	0.00138	0.00219	3.138e+03	0.05	0.425	GO:0090288
291	27	11	0.00137	0.00412	3.216e+02	-0.047	0.35	GO:0045494
292	57	25	0.00136	0.00409	1.342e+03	-0.042	0.453	GO:1901879
293	34	16	0.00136	0.00408	4.614e+02	-0.074	0.455	GO:0002889
294	67	31	0.00135	0.00271	1.788e+03	-0.08	0.481	GO:0072657
295	57	32	0.0013	0.00309	1.124e+03	0.064	0.462	GO:0046823
296	21	11	0.00129	0.00334	1.659e+02	-0.005	0.56	GO:0051354
297	98	54	0.00125	0.00374	3.357e+03	0.011	0.503	GO:0002831
298	66	35	0.00124	0.00373	1.579e+03	0.02	0.508	GO:0002687
299	49	18	0.00124	0.00373	1.102e+03	-0.104	0.42	GO:0006626
300	20	10	0.00124	0.0029	1.559e+02	-0.032	0.472	GO:0046839
301	20	7	0.00124	0.0032	1.948e+02	-0.214	0.535	GO:0060081
302	36	22	0.0012	0.00361	4.136e+02	0.092	0.467	GO:0032480
303	21	13	0.00119	0.0024	1.409e+02	0.122	0.477	GO:0019915
304	69	35	0.00119	0.00356	1.782e+03	-0.058	0.478	GO:0060606
305	29	15	0.00118	0.00354	3.157e+02	0.049	0.457	GO:0048742
306	23	13	0.00116	0.00349	1.859e+02	0.102	0.417	GO:0032965
307	197	107	0.00114	0.00209	1.364e+04	0.002	0.491	GO:0010959
308	47	25	0.00113	0.00235	8.028e+02	-0.011	0.478	GO:0050810
309	20	10	0.00112	0.00302	1.559e+02	-0.019	0.402	GO:0031102
310	22	15	0.00112	0.00244	1.339e+02	0.127	0.485	GO:0035412
311	26	15	0.0011	0.00276	2.318e+02	0.102	0.476	GO:0033209
312	57	26	0.00108	0.00237	1.309e+03	-0.048	0.462	GO:0050684
313	113	61	0.00108	0.00323	4.535e+03	0.009	0.488	GO:0071216
314	24	12	0.00107	0.0032	2.228e+02	0.015	0.485	GO:0006658
315	104	55	0.00106	0.00319	3.908e+03	0.022	0.459	GO:0016049
316	39	23	0.00106	0.00317	5.044e+02	0.023	0.525	GO:0002763
317	35	14	0.00106	0.00261	5.412e+02	-0.15	0.383	GO:0043266
318	24	15	0.00105	0.00316	1.809e+02	0.083	0.566	GO:0032735
319	21	10	0.00104	0.00312	1.779e+02	-0.081	0.41	GO:2000351
320	38	16	0.00104	0.00311	6.171e+02	-0.052	0.553	GO:0009311
321	22	11	0.00103	0.0031	1.878e+02	-0.134	0.573	GO:0060765
322	24	11	0.00103	0.00308	2.368e+02	-0.005	0.401	GO:0000045
323	21	13	0.00102	0.00298	1.409e+02	0.083	0.482	GO:0043029
324	43	24	0.001	0.003	6.461e+02	-0.008	0.529	GO:0007270
325	22	10	0.001	0.00299	2.008e+02	-0.04	0.433	GO:0019933
326	30	13	0.00099	0.0023	3.805e+02	-0.042	0.406	GO:0030818
327	27	16	0.00099	0.00298	2.428e+02	0.002	0.547	GO:0032410
328	29	16	0.00099	0.00271	2.997e+02	0.013	0.455	GO:0043491
329	20	9	0.00098	0.00294	1.679e+02	-0.116	0.577	GO:0007029
330	43	23	0.00095	0.00284	6.701e+02	-0.0	0.478	GO:0002244
331	23	8	0.00093	0.00278	2.567e+02	-0.185	0.416	GO:0009148
332	86	43	0.00092	0.00185	2.788e+03	-0.021	0.481	GO:0046467
333	20	11	0.00092	0.00187	1.449e+02	0.102	0.331	GO:0019724
334	31	19	0.00092	0.0022	3.067e+02	0.019	0.643	GO:0035094
335	46	22	0.00091	0.00187	8.296e+02	0.003	0.447	GO:0007588
336	77	55	0.00091	0.00272	1.462e+03	0.262	0.397	GO:0033238
337	27	15	0.0009	0.0027	2.588e+02	0.006	0.544	GO:0042517
338	68	54	0.00088	0.00265	8.611e+02	0.343	0.415	GO:0072401
339	32	14	0.00088	0.00264	4.295e+02	-0.051	0.418	GO:0032371
340	54	28	0.00087	0.00262	1.078e+03	0.0	0.467	GO:0001649
341	70	42	0.00084	0.00253	1.580e+03	0.065	0.517	GO:0018212
342	57	25	0.00084	0.00252	1.342e+03	-0.057	0.452	GO:0006497
343	28	15	0.00084	0.00251	2.867e+02	0.057	0.465	GO:0043462
344	47	26	0.00082	0.00247	7.768e+02	0.001	0.555	GO:0061097
345	34	17	0.00082	0.00245	4.425e+02	0.039	0.418	GO:0032729
346	32	15	0.00082	0.00245	4.105e+02	-0.002	0.384	GO:0090003
347	26	7	0.0008	0.00239	3.655e+02	-0.08	0.172	GO:0046503
348	52	23	0.00079	0.00236	1.113e+03	-0.067	0.505	GO:0060688
349	60	27	0.00078	0.00235	1.462e+03	-0.073	0.509	GO:0033013
350	20	10	0.00078	0.00172	1.559e+02	-0.023	0.541	GO:0031122
351	34	15	0.00077	0.0023	4.814e+02	-0.085	0.51	GO:0030834
352	64	31	0.00077	0.0023	1.583e+03	-0.034	0.493	GO:0051899
353	31	14	0.00076	0.00209	3.955e+02	-0.029	0.517	GO:0071825
354	196	89	0.00074	0.00221	1.528e+04	-0.039	0.471	GO:0043687
355	35	17	0.00073	0.0022	4.784e+02	-0.066	0.472	GO:0002712
356	47	26	0.00073	0.0022	7.768e+02	0.061	0.446	GO:0072163
357	89	64	0.00072	0.00217	1.922e+03	0.246	0.426	GO:0030330
358	69	55	0.00072	0.00217	8.751e+02	0.343	0.418	GO:0072395
359	37	22	0.00071	0.00214	4.505e+02	0.007	0.507	GO:0001944
360	29	14	0.0007	0.0021	3.316e+02	-0.0	0.478	GO:0050853
361	35	17	0.00068	0.00205	4.784e+02	-0.06	0.588	GO:0048286
362	33	16	0.00068	0.00203	4.265e+02	-0.065	0.543	GO:0006271
363	45	23	0.00066	0.00198	7.588e+02	0.093	0.423	GO:0031110
364	23	10	0.00066	0.00197	2.258e+02	-0.183	0.527	GO:0009595
365	39	21	0.00066	0.00197	5.493e+02	-0.059	0.527	GO:0060420
366	108	53	0.00065	0.00194	4.441e+03	-0.058	0.503	GO:0032409
367	36	17	0.00064	0.00193	5.153e+02	-0.079	0.447	GO:0010883
368	27	14	0.00064	0.00193	2.737e+02	0.011	0.486	GO:0045912
369	39	19	0.00063	0.0019	5.912e+02	0.031	0.4	GO:0008088
370	43	24	0.00063	0.00188	6.461e+02	0.055	0.497	GO:0043525
371	20	7	0.00063	0.00188	1.948e+02	-0.234	0.653	GO:0045736
372	27	12	0.00062	0.00187	3.047e+02	-0.125	0.414	GO:0019674
373	25	14	0.00062	0.00185	2.208e+02	0.093	0.451	GO:0060330
374	108	57	0.00061	0.00184	4.219e+03	-0.001	0.49	GO:0009266
375	23	7	0.00061	0.00184	2.737e+02	-0.147	0.506	GO:0071695
376	31	14	0.00061	0.00182	3.955e+02	-0.046	0.37	GO:0051966
377	21	10	0.0006	0.0018	1.779e+02	-0.072	0.359	GO:0033198
378	22	8	0.0006	0.00163	2.298e+02	-0.163	0.44	GO:0002886
379	110	50	0.00059	0.00178	4.841e+03	-0.091	0.45	GO:0006109
380	82	64	0.00059	0.00178	1.322e+03	0.311	0.432	GO:0071158
381	77	40	0.00058	0.00173	2.178e+03	0.026	0.511	GO:0042594
382	46	25	0.00057	0.0017	7.559e+02	0.043	0.46	GO:0072164
383	26	13	0.00056	0.00168	2.608e+02	-0.088	0.524	GO:0032873
384	88	40	0.00056	0.00156	3.107e+03	-0.035	0.482	GO:0006767
385	20	11	0.00056	0.00167	1.449e+02	0.098	0.426	GO:0010714
386	92	48	0.00056	0.00167	3.094e+03	0.007	0.446	GO:0031348
387	94	68	0.00054	0.00112	2.116e+03	0.223	0.477	GO:0002495
388	24	14	0.00054	0.00161	1.959e+02	0.052	0.514	GO:0043500
389	25	14	0.00053	0.0016	2.208e+02	0.061	0.51	GO:0042181
390	34	16	0.00052	0.00134	4.614e+02	-0.066	0.489	GO:0072659
391	49	27	0.00052	0.00155	8.467e+02	0.006	0.46	GO:0060485
392	23	15	0.00051	0.00105	1.569e+02	0.093	0.514	GO:0000083
393	43	18	0.00051	0.00152	7.906e+02	-0.049	0.394	GO:0045980
394	45	23	0.0005	0.00151	7.588e+02	-0.022	0.498	GO:2001243
395	22	16	0.0005	0.0015	1.179e+02	0.096	0.589	GO:0035249
396	94	37	0.0005	0.00149	3.858e+03	-0.138	0.438	GO:0030097
397	25	10	0.0005	0.00149	2.797e+02	-0.048	0.535	GO:0031952
398	72	39	0.0005	0.0011	1.845e+03	0.023	0.488	GO:0050688
399	29	18	0.0005	0.00149	2.648e+02	0.044	0.537	GO:0050690
400	100	42	0.00049	0.00148	4.204e+03	-0.076	0.416	GO:0017038
401	23	16	0.00049	0.00111	1.409e+02	0.113	0.525	GO:0007176
402	25	13	0.00048	0.00144	2.348e+02	0.029	0.442	GO:0070534
403	22	11	0.00048	0.00143	1.878e+02	-0.052	0.58	GO:0010718
404	29	25	0.00048	0.00143	1.110e+02	0.311	0.487	GO:0014014
405	56	36	0.00047	0.00095	9.296e+02	0.145	0.411	GO:2000106
406	46	29	0.00047	0.0014	6.462e+02	0.082	0.523	GO:0042531
407	20	11	0.00047	0.0014	1.449e+02	-0.004	0.586	GO:0045940
408	48	20	0.00046	0.00139	9.851e+02	-0.064	0.474	GO:0006073
409	21	8	0.00046	0.00139	2.048e+02	-0.127	0.44	GO:0043300
410	26	9	0.00046	0.00139	3.266e+02	-0.181	0.45	GO:0046132
411	24	11	0.00046	0.00138	2.368e+02	-0.027	0.361	GO:0006890
412	30	23	0.00046	0.00137	1.899e+02	0.306	0.422	GO:0048640
413	23	16	0.00045	0.00134	1.409e+02	0.139	0.561	GO:0010771
414	22	10	0.00044	0.00133	2.008e+02	-0.098	0.467	GO:0010880
415	33	18	0.00044	0.00131	3.906e+02	0.129	0.392	GO:0042992
416	27	13	0.00043	0.0013	2.887e+02	-0.065	0.525	GO:0046676
417	21	11	0.00043	0.00086	1.659e+02	0.053	0.487	GO:0090022
418	59	24	0.00043	0.00128	1.503e+03	-0.027	0.388	GO:0045454
419	53	20	0.00042	0.00127	1.268e+03	-0.147	0.446	GO:0019369
420	27	12	0.00042	0.00125	3.047e+02	-0.119	0.523	GO:0010743
421	23	13	0.00041	0.00124	1.859e+02	0.075	0.534	GO:0042346
422	82	49	0.00041	0.00124	2.174e+03	0.043	0.522	GO:0060562
423	25	11	0.00039	0.00118	2.637e+02	-0.024	0.504	GO:0044058
424	48	24	0.00039	0.00116	8.755e+02	0.006	0.495	GO:0071621
425	20	11	0.00038	0.00114	1.449e+02	-0.014	0.526	GO:0000381
426	92	66	0.00038	0.00114	2.064e+03	0.213	0.482	GO:0019886
427	64	36	0.00038	0.0009	1.412e+03	-0.036	0.584	GO:0031214
428	53	28	0.00038	0.00114	1.024e+03	0.017	0.444	GO:0071300
429	22	7	0.00036	0.00108	2.457e+02	-0.246	0.565	GO:0051898
430	26	16	0.00036	0.00108	2.158e+02	0.099	0.481	GO:0070979
431	25	11	0.00035	0.00106	2.637e+02	-0.02	0.317	GO:0030212
432	35	19	0.00035	0.00106	4.405e+02	-0.042	0.605	GO:2001239
433	48	29	0.00035	0.00097	7.410e+02	-0.013	0.566	GO:0033143
434	24	11	0.00034	0.00102	2.368e+02	-0.035	0.438	GO:0007194
435	22	10	0.00034	0.00102	2.008e+02	0.002	0.418	GO:0014065
436	168	107	0.00033	0.00073	8.383e+03	0.136	0.451	GO:0000209
437	42	22	0.00032	0.00096	6.501e+02	0.045	0.467	GO:0034644
438	22	8	0.00032	0.00096	2.298e+02	-0.156	0.503	GO:0060968
439	60	31	0.00032	0.00095	1.332e+03	-0.0	0.494	GO:0030148
440	24	11	0.00032	0.00079	2.368e+02	-0.054	0.484	GO:0042596
441	96	54	0.00031	0.00092	3.163e+03	0.069	0.474	GO:0031668
442	27	13	0.00031	0.00092	2.887e+02	0.001	0.522	GO:1901685
443	75	55	0.0003	0.00089	1.309e+03	0.293	0.39	GO:0002479
444	20	8	0.0003	0.00089	1.808e+02	-0.188	0.431	GO:0050892
445	35	21	0.00029	0.00086	3.996e+02	0.122	0.508	GO:0042993
446	23	15	0.00029	0.00086	1.569e+02	0.089	0.567	GO:0045581
447	46	19	0.00028	0.00085	9.103e+02	-0.095	0.498	GO:0030010
448	23	10	0.00028	0.00085	2.258e+02	-0.028	0.472	GO:0034367
449	101	75	0.00028	0.00084	2.298e+03	0.29	0.391	GO:0002474
450	20	13	0.00028	0.00084	1.199e+02	0.088	0.475	GO:0048546
451	22	15	0.00028	0.00056	1.339e+02	0.152	0.516	GO:0061005
452	71	30	0.00027	0.00082	2.122e+03	-0.09	0.417	GO:0006606
453	78	64	0.00027	0.0008	1.001e+03	0.374	0.418	GO:0051439
454	30	16	0.00027	0.0008	3.297e+02	0.028	0.515	GO:2000514
455	27	14	0.00026	0.00078	2.737e+02	-0.002	0.547	GO:0060740
456	103	57	0.00025	0.00076	3.692e+03	0.009	0.498	GO:0048634
457	64	28	0.00024	0.00072	1.691e+03	-0.106	0.482	GO:0007586
458	43	20	0.00024	0.00072	7.398e+02	-0.079	0.519	GO:0046460
459	27	16	0.00023	0.0007	2.428e+02	0.134	0.418	GO:0001960
460	90	45	0.00023	0.00068	3.052e+03	-0.059	0.505	GO:0070374
461	44	20	0.00022	0.00067	7.857e+02	-0.063	0.461	GO:0035872
462	34	19	0.00022	0.00066	4.056e+02	0.034	0.413	GO:2000379
463	53	29	0.00021	0.00064	9.953e+02	0.005	0.426	GO:0042552
464	89	46	0.00021	0.00064	2.916e+03	0.038	0.439	GO:0048520
465	28	16	0.00021	0.00062	2.708e+02	-0.011	0.612	GO:0070670
466	94	38	0.0002	0.00061	3.801e+03	-0.081	0.448	GO:0007163
467	61	22	0.0002	0.00059	1.715e+03	-0.121	0.443	GO:0009451
468	21	10	0.00018	0.00055	1.779e+02	0.021	0.51	GO:0006482
469	44	20	0.00018	0.00054	7.857e+02	-0.044	0.422	GO:0000018
470	126	73	0.00018	0.00053	5.282e+03	0.021	0.538	GO:0050731
471	35	22	0.00017	0.00052	3.776e+02	0.098	0.514	GO:0007628
472	49	26	0.00017	0.00043	8.736e+02	0.038	0.462	GO:0042308
473	30	17	0.00017	0.00052	3.127e+02	0.056	0.493	GO:0072175
474	29	13	0.00017	0.0005	3.486e+02	-0.122	0.443	GO:0042743
475	79	34	0.00016	0.00049	2.594e+03	-0.07	0.41	GO:0034138
476	137	68	0.00016	0.00048	7.076e+03	-0.026	0.493	GO:0007584
477	30	14	0.00016	0.00048	3.626e+02	0.008	0.446	GO:0022408
478	32	12	0.00016	0.00048	4.703e+02	-0.128	0.521	GO:0051489
479	51	30	0.00016	0.00047	8.607e+02	0.06	0.483	GO:0001947
480	40	15	0.00016	0.00047	7.297e+02	-0.162	0.461	GO:0060401
481	29	10	0.00016	0.00047	4.055e+02	-0.097	0.422	GO:2000278
482	22	13	0.00015	0.00046	1.629e+02	0.02	0.544	GO:0006829
483	43	35	0.00015	0.00046	3.168e+02	0.345	0.421	GO:0050771
484	53	25	0.00015	0.00044	1.109e+03	0.053	0.384	GO:0051640
485	26	12	0.00014	0.00043	2.757e+02	0.04	0.446	GO:0030166
486	26	12	0.00014	0.00043	2.757e+02	-0.014	0.276	GO:0044774
487	21	9	0.00014	0.00042	1.908e+02	-0.149	0.617	GO:0000718
488	67	36	0.00014	0.00041	1.610e+03	0.038	0.467	GO:0030512
489	30	15	0.00013	0.0004	3.456e+02	-0.072	0.543	GO:0010660
490	33	18	0.00013	0.0004	3.906e+02	0.026	0.522	GO:0032648
491	22	10	0.00013	0.00038	2.008e+02	-0.048	0.479	GO:0043576
492	20	12	0.00012	0.00037	1.329e+02	0.116	0.455	GO:0001782
493	69	35	0.00012	0.00026	1.782e+03	0.065	0.317	GO:0002250
494	22	12	0.00012	0.00037	1.759e+02	0.015	0.539	GO:0045622
495	89	46	0.00012	0.00037	2.916e+03	0.001	0.476	GO:0071241
496	34	14	0.00012	0.00036	5.023e+02	-0.033	0.466	GO:0009101
497	52	31	0.00012	0.00036	8.817e+02	0.009	0.568	GO:0032642
498	40	22	0.0001	0.00031	5.673e+02	0.008	0.558	GO:0010717
499	25	12	0.0001	0.00031	2.488e+02	-0.046	0.5	GO:0048169
500	20	11	0.0001	0.0003	1.449e+02	-0.006	0.547	GO:0072337
501	29	15	9e-05	0.00028	3.157e+02	-0.025	0.503	GO:0043588
502	169	91	9e-05	0.00028	1.013e+04	0.032	0.47	GO:0046822
503	27	11	9e-05	0.00026	3.216e+02	-0.101	0.431	GO:0019935
504	28	16	9e-05	0.00026	2.708e+02	0.016	0.554	GO:0042036
505	30	11	9e-05	0.00026	4.194e+02	-0.151	0.422	GO:0051209
506	55	23	8e-05	0.00024	1.287e+03	-0.044	0.372	GO:0002824
507	20	11	8e-05	0.00024	1.449e+02	0.021	0.546	GO:0051962
508	24	15	8e-05	0.00021	1.809e+02	0.081	0.447	GO:0003179
509	36	16	8e-05	0.00023	5.363e+02	-0.086	0.566	GO:0021515
510	22	8	8e-05	0.00023	2.298e+02	-0.191	0.522	GO:0060071
511	21	16	7e-05	0.00022	9.596e+01	0.131	0.599	GO:0050704
512	61	28	7e-05	0.0002	1.492e+03	-0.054	0.432	GO:0009408
513	99	47	7e-05	0.0002	3.819e+03	-0.038	0.447	GO:0046890
514	42	16	5e-05	0.00016	7.966e+02	-0.049	0.412	GO:0034637
515	21	10	5e-05	0.00016	1.779e+02	-0.019	0.405	GO:0071804
516	61	34	5e-05	0.00014	1.295e+03	0.031	0.487	GO:0016525
517	27	13	4e-05	0.00013	2.887e+02	0.035	0.405	GO:0001914
518	26	12	4e-05	0.00013	2.757e+02	-0.052	0.481	GO:0051350
519	33	18	4e-05	0.00013	3.906e+02	0.05	0.536	GO:0051963
520	26	15	4e-05	0.00012	2.318e+02	0.034	0.479	GO:0032350
521	20	12	4e-05	0.00011	1.329e+02	0.01	0.521	GO:0003341
522	34	20	4e-05	0.00011	3.856e+02	0.101	0.387	GO:0070228
523	20	13	3e-05	0.0001	1.199e+02	0.06	0.482	GO:0032413
524	23	10	3e-05	0.0001	2.258e+02	-0.077	0.439	GO:0032892
525	25	9	2e-05	7e-05	2.967e+02	-0.158	0.434	GO:0042771
526	26	10	2e-05	6e-05	3.086e+02	-0.125	0.543	GO:0070373
527	84	49	2e-05	5e-05	2.340e+03	0.046	0.557	GO:0019083
528	35	17	2e-05	5e-05	4.784e+02	-0.083	0.527	GO:0043094
529	40	23	2e-05	5e-05	5.443e+02	0.071	0.466	GO:0048639
530	23	7	1e-05	4e-05	2.737e+02	-0.15	0.317	GO:0009395
531	35	18	1e-05	4e-05	4.594e+02	-0.045	0.557	GO:0022616
532	23	11	1e-05	4e-05	2.118e+02	0.095	0.332	GO:0050974
533	22	10	1e-05	4e-05	2.008e+02	-0.007	0.441	GO:0051181
534	21	13	1e-05	4e-05	1.409e+02	0.002	0.527	GO:0060412
535	168	121	1e-05	2e-05	6.793e+03	0.243	0.44	GO:0002478
536	72	38	0.0	1e-05	1.884e+03	-0.02	0.479	GO:0032069