Creation Time:	2022-12-29 19:00:49

INPUT:
File name:	crfe_v018.py
Annotations file:	/Users/JasonJia/Desktop/CRFE/Xinglin_insilico/data/human4/human_anno.txt
Gene file:	/Users/JasonJia/Desktop/CRFE/Xinglin_insilico/data/human4/human0.4_0.25_2_10_seed_23.txt
lower limit annotations/process:	20
upper limit annotations/process:	200
k (number of perturbed categories):	0 (i.e., each perturbed gene in its own category)
threshold:	0
threshold type:	levels
belief:	10.0
Method:	MCMC with parameter learning with an empty set as initial set
repeats:	10
burnin steps:	25000
MCMC steps:	25000
Maximal value for alpha and beta:	0.3548387096774194
Maximal possible value for alpha and beta:	0.3548387096774194
Probability parameter change:	0.2
seed for RNG:	303568045

Initial set of processes:
Empty set

INPUT ANALYSIS:
Total number of processes:	2291
Total number of genes:	11704
Number of perturbed genes:	4847
Proportion perturbed genes:	0.4141319207108681

OUTPUT:
Learnt parameters:
alpha (FPR):	0.3548387096774194
beta (FNR):	0.3548387096774194
q (penalization parameter):	0.001


Best log-likelihood value (mean +- standard deviation across replicates):	-8435.93841909934 +- 4.377007729507096

Order	#(Annotations)	#(Annotations of perturbed genes)	Mean Posterior Probability	Standard Deviation Posterior Probability	p-value	Average Expression Level	Average position perturbed genes	Term Name
1	89	68	1.0	0.0	1.657e+03	0.263	0.454	GO:0002685
2	79	67	1.0	0.0	8.822e+02	0.381	0.4	GO:0007229
3	142	103	1.0	0.0	4.785e+03	0.205	0.481	GO:0031346
4	81	59	1.0	0.0	1.550e+03	0.206	0.483	GO:0051216
5	48	31	0.88907	0.18069	6.802e+02	0.204	0.432	GO:0007189
6	62	32	0.82604	0.24931	1.423e+03	0.029	0.461	GO:0009953
7	64	40	0.76108	0.32767	1.259e+03	0.107	0.498	GO:0010923
8	39	27	0.75147	0.38821	4.026e+02	0.201	0.43	GO:0048806
9	103	56	0.74711	0.25277	3.749e+03	0.05	0.444	GO:0032320
10	21	15	0.70291	0.2698	1.119e+02	0.353	0.358	GO:0042107
11	27	17	0.6955	0.30264	2.258e+02	0.166	0.428	GO:0007052
12	60	36	0.67467	0.44306	1.163e+03	0.071	0.471	GO:0042108
13	165	132	0.65475	0.44864	4.906e+03	0.307	0.446	GO:0045765
14	41	23	0.60282	0.39388	5.853e+02	0.064	0.437	GO:0009247
15	26	13	0.52722	0.28127	2.608e+02	0.035	0.351	GO:0015807
16	194	98	0.50128	0.49873	1.398e+04	0.011	0.444	GO:2001233
17	28	18	0.45292	0.3298	2.358e+02	0.158	0.459	GO:0009225
18	49	41	0.42777	0.44254	3.648e+02	0.365	0.433	GO:0006998
19	54	28	0.37315	0.38941	1.078e+03	0.071	0.39	GO:0000186
20	179	138	0.34552	0.4487	6.501e+03	0.277	0.449	GO:1901342
21	26	14	0.33852	0.28922	2.468e+02	0.108	0.404	GO:0042133
22	29	14	0.32283	0.16454	3.317e+02	0.031	0.362	GO:0008334
23	39	34	0.30961	0.39946	1.859e+02	0.439	0.4	GO:0030397
24	38	21	0.30857	0.32212	5.104e+02	0.051	0.433	GO:0046365
25	77	44	0.30199	0.44972	2.009e+03	0.107	0.423	GO:0008584
26	68	40	0.29456	0.41979	1.524e+03	0.086	0.498	GO:0045598
27	103	43	0.27946	0.38533	4.474e+03	-0.087	0.419	GO:0050808
28	91	45	0.27533	0.39088	3.143e+03	-0.014	0.458	GO:0006664
29	37	32	0.26711	0.37576	1.759e+02	0.434	0.399	GO:0007077
30	39	25	0.25037	0.23479	4.555e+02	0.168	0.501	GO:0060411
31	33	20	0.23715	0.30295	3.517e+02	0.1	0.435	GO:0090199
32	62	29	0.23703	0.1915	1.522e+03	-0.03	0.412	GO:0050907
33	94	51	0.22929	0.38581	3.131e+03	0.018	0.451	GO:0042035
34	71	39	0.2128	0.32157	1.773e+03	0.036	0.505	GO:0046620
35	46	21	0.2016	0.16208	8.556e+02	0.007	0.405	GO:1902600
36	82	43	0.19694	0.3185	2.452e+03	-0.017	0.505	GO:0090090
37	93	52	0.17524	0.20532	2.986e+03	0.014	0.493	GO:0030307
38	89	47	0.1716	0.26488	2.870e+03	0.039	0.428	GO:2001236
39	61	28	0.16739	0.15412	1.492e+03	0.007	0.429	GO:0006818
40	73	35	0.16563	0.24821	2.071e+03	-0.002	0.419	GO:0034134
41	33	18	0.16519	0.19275	3.906e+02	0.032	0.423	GO:0019320
42	93	46	0.16292	0.30361	3.282e+03	0.008	0.448	GO:0032412
43	71	34	0.16124	0.22038	1.961e+03	-0.004	0.422	GO:0038123
44	35	19	0.15048	0.19028	4.405e+02	0.096	0.405	GO:0007566
45	40	27	0.14455	0.15296	4.426e+02	0.155	0.474	GO:0055117
46	21	13	0.13652	0.20298	1.409e+02	0.265	0.425	GO:0060412
47	97	50	0.13224	0.2484	3.468e+03	0.031	0.444	GO:0022898
48	31	26	0.1321	0.16156	1.459e+02	0.309	0.48	GO:0030279
49	42	26	0.12733	0.16165	5.524e+02	0.066	0.523	GO:2001257
50	41	22	0.11388	0.14511	6.082e+02	0.012	0.433	GO:0051588
51	22	11	0.10174	0.08557	1.879e+02	0.087	0.369	GO:0006297
52	163	78	0.10077	0.22808	1.024e+04	-0.027	0.483	GO:0072511
53	30	21	0.10021	0.20762	2.348e+02	0.198	0.472	GO:0032856
54	57	30	0.09933	0.12908	1.187e+03	0.013	0.479	GO:0006497
55	21	14	0.0976	0.11815	1.269e+02	0.241	0.432	GO:0046329
56	30	19	0.09705	0.09972	2.758e+02	0.195	0.439	GO:0050873
57	65	37	0.09473	0.10732	1.440e+03	0.01	0.464	GO:0060333
58	142	75	0.08392	0.10693	7.271e+03	0.03	0.466	GO:0030308
59	38	21	0.07979	0.11552	5.104e+02	0.062	0.466	GO:0031577
60	154	83	0.07883	0.11999	8.410e+03	-0.002	0.462	GO:0009611
61	34	15	0.07852	0.07048	4.814e+02	-0.025	0.36	GO:0006695
62	86	47	0.077	0.12216	2.607e+03	0.015	0.525	GO:0030217
63	40	18	0.07598	0.10921	6.550e+02	-0.026	0.391	GO:0016126
64	86	46	0.07577	0.09039	2.654e+03	0.008	0.482	GO:0045995
65	30	18	0.07526	0.08512	2.947e+02	0.132	0.479	GO:0022400
66	67	33	0.07342	0.10375	1.715e+03	0.027	0.389	GO:1902106
67	34	22	0.06834	0.10616	3.427e+02	0.089	0.51	GO:0055021
68	33	18	0.06703	0.12092	3.906e+02	0.058	0.479	GO:0016056
69	46	23	0.06683	0.05058	8.047e+02	-0.052	0.463	GO:0006369
70	32	18	0.06664	0.08085	3.576e+02	0.056	0.432	GO:0046928
71	80	40	0.06622	0.07731	2.415e+03	0.01	0.461	GO:0022617
72	103	56	0.06611	0.1289	3.749e+03	0.023	0.519	GO:1901861
73	164	87	0.06598	0.12079	9.653e+03	0.037	0.483	GO:0042110
74	50	25	0.06593	0.06754	9.494e+02	-0.053	0.467	GO:0007498
75	27	15	0.06548	0.0328	2.588e+02	0.027	0.438	GO:0019935
76	24	14	0.06427	0.08773	1.959e+02	0.098	0.359	GO:0007616
77	32	22	0.0604	0.06622	2.758e+02	0.203	0.456	GO:0032722
78	100	46	0.05823	0.1199	3.976e+03	-0.047	0.413	GO:0050906
79	148	73	0.05628	0.10949	8.287e+03	-0.01	0.486	GO:0006816
80	39	20	0.0557	0.11617	5.703e+02	-0.017	0.461	GO:0060402
81	107	47	0.05415	0.10364	4.682e+03	-0.07	0.414	GO:0008203
82	41	25	0.05332	0.0876	5.364e+02	0.134	0.421	GO:0001709
83	52	29	0.05023	0.06989	9.425e+02	0.076	0.423	GO:2001237
84	39	25	0.04907	0.08186	4.555e+02	0.073	0.529	GO:0060420
85	32	17	0.04558	0.09327	3.756e+02	-0.012	0.381	GO:0008209
86	59	27	0.04512	0.0897	1.399e+03	-0.016	0.405	GO:0006687
87	93	44	0.0444	0.11815	3.380e+03	-0.027	0.448	GO:0051592
88	38	19	0.04416	0.05634	5.513e+02	-0.05	0.456	GO:0009066
89	29	20	0.04326	0.05036	2.258e+02	0.134	0.494	GO:0060043
90	93	50	0.04084	0.08389	3.088e+03	0.024	0.484	GO:0031098
91	38	19	0.04069	0.04986	5.513e+02	0.0	0.423	GO:0050911
92	45	21	0.03856	0.04848	8.077e+02	-0.04	0.433	GO:0000096
93	38	18	0.03733	0.06865	5.722e+02	0.039	0.365	GO:0048385
94	32	23	0.03541	0.04214	2.528e+02	0.293	0.389	GO:0048521
95	31	17	0.03379	0.05255	3.437e+02	-0.0	0.503	GO:0019692
96	26	13	0.03326	0.03306	2.608e+02	-0.0	0.387	GO:0016339
97	32	18	0.03296	0.07307	3.576e+02	0.101	0.441	GO:0045599
98	22	10	0.03259	0.02512	2.008e+02	-0.034	0.349	GO:0032201
99	57	29	0.03243	0.06599	1.217e+03	-0.02	0.5	GO:0072524
100	45	22	0.03169	0.06058	7.828e+02	-0.025	0.414	GO:0007416
101	36	26	0.03153	0.03218	3.158e+02	0.169	0.56	GO:0006040
102	28	16	0.03087	0.03995	2.708e+02	0.042	0.474	GO:0006309
103	27	13	0.03072	0.03643	2.887e+02	0.002	0.343	GO:0008625
104	48	26	0.03035	0.04703	8.247e+02	0.108	0.38	GO:0030218
105	156	74	0.02978	0.05994	9.441e+03	-0.008	0.436	GO:0032872
106	62	31	0.02975	0.03321	1.455e+03	0.029	0.407	GO:0032874
107	20	9	0.02921	0.02536	1.679e+02	-0.005	0.453	GO:0045939
108	25	19	0.02918	0.03513	1.359e+02	0.237	0.549	GO:1901071
109	71	33	0.02794	0.07789	2.000e+03	-0.034	0.422	GO:0030510
110	82	37	0.02655	0.07637	2.713e+03	-0.023	0.432	GO:0002755
111	24	12	0.02614	0.02761	2.228e+02	0.056	0.344	GO:0042537
112	38	22	0.02468	0.03128	4.884e+02	0.1	0.393	GO:0031532
113	46	24	0.02456	0.04802	7.808e+02	0.0	0.51	GO:0055024
114	26	16	0.02441	0.03934	2.158e+02	0.12	0.484	GO:0002088
115	26	17	0.02418	0.03252	1.989e+02	0.177	0.476	GO:0032873
116	155	81	0.02348	0.07045	8.727e+03	0.013	0.463	GO:0043547
117	35	20	0.02282	0.02996	4.206e+02	0.041	0.503	GO:0030317
118	62	25	0.0221	0.03144	1.667e+03	-0.086	0.372	GO:0032200
119	36	18	0.02138	0.04749	4.954e+02	-0.024	0.416	GO:0050999
120	37	16	0.02134	0.0294	5.762e+02	-0.081	0.403	GO:0051148
121	39	22	0.02077	0.04246	5.274e+02	0.089	0.476	GO:0008088
122	30	20	0.0206	0.05257	2.558e+02	0.179	0.42	GO:0045429
123	40	21	0.02059	0.02865	5.892e+02	0.004	0.445	GO:0060401
124	20	9	0.01992	0.04936	1.679e+02	-0.067	0.392	GO:0034243
125	63	32	0.01903	0.03805	1.486e+03	0.035	0.41	GO:0070304
126	187	86	0.01895	0.05684	1.381e+04	-0.037	0.419	GO:0050804
127	22	11	0.01848	0.02139	1.879e+02	0.014	0.348	GO:0042430
128	42	25	0.01804	0.03023	5.783e+02	0.124	0.423	GO:0045428
129	66	32	0.01764	0.02957	1.682e+03	-0.037	0.448	GO:0042060
130	22	13	0.01758	0.05198	1.629e+02	0.09	0.492	GO:0060314
131	27	13	0.01639	0.03794	2.887e+02	-0.039	0.416	GO:0046209
132	33	14	0.01634	0.03017	4.654e+02	-0.049	0.407	GO:0006271
133	26	14	0.01622	0.03272	2.468e+02	0.073	0.448	GO:0002286
134	108	54	0.0161	0.0405	4.386e+03	-0.011	0.467	GO:0032409
135	135	64	0.01606	0.03472	7.084e+03	0.011	0.42	GO:0046328
136	49	24	0.01595	0.02623	9.254e+02	-0.001	0.462	GO:0042787
137	78	38	0.01563	0.02429	2.337e+03	-0.056	0.46	GO:0043648
138	31	11	0.01453	0.02358	4.554e+02	-0.07	0.29	GO:0015682
139	159	77	0.01433	0.04298	9.675e+03	-0.026	0.487	GO:0070838
140	26	15	0.0139	0.02777	2.318e+02	0.076	0.475	GO:0048701
141	25	14	0.01381	0.02442	2.208e+02	0.115	0.424	GO:0042311
142	30	15	0.01362	0.0215	3.456e+02	-0.025	0.49	GO:0045104
143	50	26	0.0135	0.02646	9.235e+02	-0.014	0.494	GO:0019362
144	91	50	0.01294	0.02689	2.904e+03	0.037	0.484	GO:0051403
145	29	16	0.01282	0.01927	2.997e+02	0.023	0.474	GO:0000737
146	68	29	0.01265	0.02497	1.937e+03	-0.033	0.417	GO:0019218
147	27	14	0.01263	0.01514	2.737e+02	0.076	0.435	GO:0034453
148	157	75	0.0126	0.02143	9.519e+03	-0.005	0.437	GO:0070302
149	22	16	0.0115	0.029	1.179e+02	0.21	0.498	GO:0017145
150	100	63	0.0112	0.03294	3.027e+03	0.111	0.478	GO:0050770
151	33	16	0.01095	0.02307	4.265e+02	0.03	0.402	GO:0048387
152	29	17	0.01028	0.01783	2.828e+02	0.133	0.522	GO:0048747
153	27	13	0.01022	0.03066	2.887e+02	-0.071	0.496	GO:0060740
154	24	19	0.01019	0.02234	1.110e+02	0.372	0.383	GO:0050922
155	43	17	0.00979	0.02178	8.176e+02	-0.037	0.378	GO:0007270
156	76	40	0.00979	0.02454	2.102e+03	0.029	0.451	GO:0035666
157	101	55	0.0097	0.01943	3.601e+03	0.027	0.514	GO:0016202
158	25	20	0.0096	0.01768	1.160e+02	0.164	0.614	GO:0001937
159	27	16	0.00946	0.02175	2.428e+02	0.06	0.534	GO:0019674
160	59	30	0.00933	0.01794	1.303e+03	-0.024	0.517	GO:0051149
161	74	40	0.00929	0.02786	1.951e+03	-0.026	0.532	GO:0007051
162	52	22	0.00927	0.01402	1.144e+03	-0.077	0.41	GO:0051289
163	45	24	0.00907	0.02695	7.349e+02	0.026	0.503	GO:0001837
164	20	9	0.00907	0.02009	1.679e+02	0.007	0.383	GO:0043921
165	46	23	0.00884	0.01405	8.047e+02	-0.017	0.414	GO:0032768
166	30	13	0.00875	0.01338	3.806e+02	-0.001	0.395	GO:0000291
167	34	16	0.00875	0.02624	4.614e+02	-0.018	0.427	GO:0046580
168	28	17	0.00836	0.01355	2.538e+02	0.165	0.423	GO:2001244
169	106	55	0.0078	0.02328	4.118e+03	0.021	0.445	GO:0008406
170	46	22	0.00778	0.01607	8.297e+02	0.034	0.377	GO:0021782
171	72	34	0.00742	0.0158	2.035e+03	0.006	0.359	GO:0007613
172	29	16	0.0074	0.02119	2.997e+02	0.004	0.516	GO:0009394
173	38	23	0.00699	0.01161	4.655e+02	0.067	0.567	GO:0070936
174	22	12	0.0069	0.01409	1.759e+02	0.117	0.293	GO:0001961
175	28	17	0.00663	0.00919	2.538e+02	0.075	0.466	GO:0033077
176	85	42	0.00658	0.01974	2.746e+03	-0.027	0.514	GO:0007603
177	53	26	0.00658	0.01414	1.080e+03	0.025	0.408	GO:0046330
178	24	13	0.00651	0.01557	2.098e+02	0.077	0.398	GO:0042474
179	86	47	0.00621	0.01757	2.607e+03	-0.001	0.464	GO:0071346
180	94	41	0.00612	0.01255	3.634e+03	-0.088	0.446	GO:0009593
181	45	25	0.00604	0.01301	7.100e+02	0.01	0.528	GO:0007030
182	26	13	0.00604	0.01232	2.608e+02	-0.086	0.503	GO:0006739
183	23	13	0.00603	0.01403	1.859e+02	0.038	0.387	GO:0048484
184	43	19	0.00578	0.01179	7.648e+02	-0.066	0.463	GO:0070988
185	61	34	0.0057	0.01159	1.295e+03	0.052	0.468	GO:0010631
186	103	57	0.00559	0.01676	3.692e+03	0.031	0.52	GO:0048634
187	23	11	0.00551	0.00881	2.118e+02	0.075	0.34	GO:0003254
188	60	27	0.00551	0.00985	1.462e+03	-0.074	0.439	GO:1901616
189	26	16	0.00536	0.01215	2.158e+02	-0.043	0.563	GO:0050710
190	26	10	0.00499	0.00839	3.087e+02	-0.089	0.349	GO:0000722
191	22	12	0.00495	0.01484	1.759e+02	0.081	0.39	GO:0090200
192	20	11	0.00486	0.00729	1.449e+02	0.002	0.505	GO:0045940
193	29	12	0.00484	0.01037	3.666e+02	-0.035	0.344	GO:0015988
194	129	63	0.00482	0.01446	6.346e+03	-0.009	0.476	GO:0008277
195	21	8	0.0048	0.01337	2.048e+02	-0.118	0.444	GO:0032925
196	27	14	0.00477	0.01154	2.737e+02	0.016	0.485	GO:0030449
197	57	28	0.00473	0.0142	1.247e+03	0.016	0.5	GO:0002793
198	35	20	0.00468	0.01066	4.206e+02	0.134	0.407	GO:0002762
199	102	49	0.0046	0.0138	4.021e+03	-0.004	0.442	GO:0007517
200	21	10	0.00451	0.00946	1.779e+02	-0.067	0.37	GO:0042116
201	86	37	0.0044	0.01319	3.071e+03	-0.076	0.412	GO:0046467
202	63	36	0.00435	0.00903	1.348e+03	0.131	0.42	GO:0030819
203	20	11	0.00435	0.00895	1.449e+02	0.056	0.425	GO:0014743
204	83	43	0.00433	0.00726	2.534e+03	0.062	0.444	GO:0017157
205	22	15	0.00425	0.00901	1.339e+02	0.17	0.5	GO:0048048
206	21	11	0.00424	0.0092	1.659e+02	-0.017	0.507	GO:0033081
207	35	17	0.00418	0.00835	4.784e+02	0.009	0.405	GO:0051058
208	61	24	0.00411	0.00877	1.637e+03	-0.104	0.387	GO:0000723
209	20	14	0.00407	0.01138	1.059e+02	0.194	0.422	GO:0072676
210	24	13	0.00405	0.00842	2.098e+02	-0.059	0.457	GO:0055090
211	33	16	0.00404	0.00595	4.265e+02	-0.029	0.477	GO:0032648
212	21	10	0.00403	0.00658	1.779e+02	-0.032	0.452	GO:0006482
213	27	21	0.00403	0.00808	1.479e+02	0.326	0.42	GO:0030947
214	20	10	0.00401	0.01169	1.559e+02	0.014	0.448	GO:0032413
215	20	10	0.00399	0.01198	1.559e+02	-0.02	0.493	GO:0000413
216	21	12	0.00394	0.00824	1.539e+02	0.073	0.491	GO:0002832
217	25	14	0.00388	0.01021	2.208e+02	0.084	0.519	GO:0050691
218	118	56	0.00369	0.01108	5.416e+03	-0.022	0.453	GO:0010950
219	29	20	0.00368	0.00908	2.258e+02	0.162	0.429	GO:0043491
220	104	49	0.00366	0.01099	4.233e+03	-0.06	0.503	GO:0007602
221	21	10	0.00365	0.00897	1.779e+02	0.013	0.428	GO:0052312
222	37	15	0.00362	0.00764	5.991e+02	-0.075	0.383	GO:0030514
223	21	13	0.00359	0.00964	1.409e+02	0.197	0.369	GO:0019915
224	22	10	0.00335	0.00922	2.008e+02	-0.016	0.457	GO:0006829
225	119	65	0.00332	0.00997	4.978e+03	0.019	0.492	GO:0019932
226	21	11	0.00331	0.00853	1.659e+02	0.009	0.563	GO:0035088
227	49	25	0.00329	0.00676	8.995e+02	0.109	0.36	GO:0048588
228	28	12	0.00329	0.00986	3.346e+02	-0.095	0.367	GO:0042036
229	23	13	0.00327	0.00695	1.859e+02	0.077	0.543	GO:0072525
230	99	56	0.00322	0.00746	3.345e+03	0.022	0.524	GO:0032319
231	20	11	0.00318	0.00954	1.449e+02	-0.019	0.579	GO:0031102
232	25	11	0.00311	0.00715	2.637e+02	-0.085	0.475	GO:0051155
233	33	20	0.0031	0.00644	3.517e+02	0.097	0.508	GO:0009409
234	24	12	0.00307	0.00922	2.228e+02	-0.039	0.499	GO:0007492
235	33	14	0.00301	0.00904	4.654e+02	-0.113	0.469	GO:0002753
236	47	21	0.00295	0.00886	9.054e+02	-0.095	0.47	GO:0005977
237	25	17	0.00295	0.00495	1.729e+02	0.23	0.403	GO:0010543
238	29	16	0.00294	0.00521	2.997e+02	-0.039	0.518	GO:0001954
239	27	15	0.00292	0.00876	2.588e+02	0.007	0.528	GO:0006505
240	30	15	0.0029	0.00663	3.456e+02	0.016	0.462	GO:0048640
241	110	51	0.00287	0.00862	4.781e+03	-0.084	0.47	GO:0044724
242	25	9	0.00286	0.00649	2.967e+02	-0.06	0.394	GO:0006893
243	40	25	0.00286	0.00859	4.955e+02	0.204	0.353	GO:0007159
244	29	18	0.00286	0.00572	2.648e+02	0.043	0.578	GO:2000278
245	39	24	0.00284	0.00789	4.805e+02	0.12	0.536	GO:0030199
246	28	16	0.00281	0.00746	2.708e+02	0.049	0.474	GO:0035567
247	24	10	0.00276	0.00793	2.518e+02	-0.018	0.353	GO:0000045
248	35	15	0.00276	0.00716	5.193e+02	-0.101	0.444	GO:0006284
249	22	13	0.00274	0.00821	1.629e+02	0.099	0.502	GO:0035412
250	25	14	0.00273	0.00602	2.208e+02	0.023	0.46	GO:0060998
251	112	51	0.00267	0.00632	5.013e+03	-0.082	0.503	GO:0009583
252	64	31	0.00266	0.00797	1.584e+03	-0.07	0.515	GO:0030509
253	26	15	0.00263	0.00491	2.318e+02	0.094	0.451	GO:0043502
254	20	12	0.00258	0.00618	1.329e+02	0.081	0.348	GO:0060479
255	117	55	0.00257	0.00772	5.358e+03	-0.076	0.5	GO:0000904
256	23	9	0.00249	0.00721	2.408e+02	-0.095	0.472	GO:0006270
257	28	9	0.00241	0.00516	3.915e+02	-0.158	0.345	GO:0043462
258	28	15	0.00239	0.00718	2.867e+02	-0.037	0.445	GO:0031069
259	25	10	0.00238	0.00714	2.797e+02	-0.155	0.43	GO:0019400
260	26	12	0.00234	0.00703	2.757e+02	-0.019	0.446	GO:0051851
261	23	12	0.0023	0.00468	1.988e+02	0.071	0.293	GO:0060760
262	22	7	0.00227	0.00666	2.457e+02	-0.24	0.441	GO:1902229
263	26	13	0.00223	0.00668	2.608e+02	-0.004	0.505	GO:0070979
264	22	9	0.00222	0.00446	2.148e+02	-0.104	0.462	GO:0006400
265	47	20	0.00222	0.00528	9.333e+02	-0.013	0.399	GO:0050810
266	32	19	0.00222	0.00637	3.387e+02	-0.004	0.585	GO:0006488
267	35	18	0.00213	0.00638	4.595e+02	0.026	0.464	GO:0071174
268	25	12	0.00212	0.00635	2.488e+02	-0.021	0.501	GO:0006656
269	32	19	0.0021	0.00629	3.387e+02	0.029	0.507	GO:0032414
270	38	24	0.00195	0.00411	4.416e+02	0.121	0.396	GO:0030593
271	40	24	0.00195	0.00586	5.204e+02	0.047	0.498	GO:0010676
272	22	14	0.00192	0.0038	1.489e+02	0.118	0.482	GO:0032862
273	28	11	0.00191	0.00468	3.526e+02	-0.067	0.397	GO:0045739
274	55	27	0.0019	0.00571	1.162e+03	0.007	0.513	GO:0090277
275	28	16	0.00188	0.00555	2.708e+02	0.069	0.464	GO:0046058
276	37	22	0.00188	0.00378	4.505e+02	0.039	0.552	GO:0001944
277	29	14	0.00186	0.00558	3.317e+02	-0.041	0.425	GO:0010524
278	22	13	0.00183	0.0055	1.629e+02	0.05	0.484	GO:0008207
279	22	11	0.00183	0.0055	1.879e+02	0.016	0.444	GO:1901532
280	110	50	0.00182	0.00546	4.842e+03	-0.091	0.455	GO:0006694
281	48	31	0.00176	0.00529	6.802e+02	0.129	0.419	GO:0071621
282	36	16	0.00176	0.00528	5.363e+02	-0.094	0.472	GO:0010883
283	79	41	0.00175	0.00524	2.294e+03	0.014	0.457	GO:0002756
284	21	13	0.00171	0.00514	1.409e+02	0.125	0.433	GO:0050820
285	26	10	0.0017	0.00347	3.087e+02	-0.065	0.257	GO:0007215
286	55	27	0.00168	0.00503	1.162e+03	-0.01	0.397	GO:0050806
287	69	36	0.00164	0.00492	1.746e+03	-0.004	0.534	GO:0042102
288	33	18	0.00164	0.00333	3.906e+02	0.046	0.54	GO:0042339
289	22	9	0.00163	0.0034	2.148e+02	0.017	0.398	GO:0035249
290	86	54	0.00162	0.00487	2.252e+03	0.084	0.531	GO:0050714
291	72	40	0.00161	0.00322	1.805e+03	0.046	0.5	GO:0090100
292	40	18	0.0016	0.0048	6.550e+02	-0.116	0.546	GO:0055010
293	52	22	0.00158	0.00332	1.144e+03	-0.106	0.408	GO:0097191
294	32	18	0.00157	0.00441	3.576e+02	0.001	0.571	GO:0010828
295	38	17	0.00156	0.00469	5.942e+02	-0.034	0.403	GO:0043392
296	50	23	0.00156	0.00308	1.004e+03	-0.008	0.505	GO:0044728
297	46	29	0.00156	0.00434	6.462e+02	0.13	0.46	GO:0009187
298	60	35	0.00154	0.00462	1.199e+03	0.091	0.507	GO:0055001
299	29	13	0.00154	0.00461	3.486e+02	0.007	0.423	GO:0017156
300	60	33	0.00153	0.00233	1.268e+03	0.074	0.424	GO:2001235
301	123	58	0.00151	0.00454	5.907e+03	-0.017	0.422	GO:0043270
302	38	18	0.00151	0.00452	5.722e+02	-0.122	0.434	GO:0008156
303	45	22	0.0015	0.00449	7.828e+02	-0.005	0.531	GO:0032024
304	20	9	0.00149	0.00446	1.679e+02	-0.152	0.475	GO:0072337
305	32	13	0.00146	0.00297	4.494e+02	-0.11	0.425	GO:0006312
306	21	13	0.00146	0.00318	1.409e+02	0.001	0.559	GO:0048665
307	143	69	0.00144	0.00433	7.853e+03	-0.03	0.487	GO:2000027
308	41	16	0.00143	0.0043	7.497e+02	-0.063	0.388	GO:0048168
309	94	51	0.00143	0.00311	3.131e+03	0.002	0.509	GO:0035239
310	22	11	0.00142	0.00307	1.879e+02	0.061	0.47	GO:0015985
311	22	9	0.00141	0.00339	2.148e+02	-0.072	0.377	GO:0050912
312	84	56	0.0014	0.0029	1.971e+03	0.151	0.484	GO:0010827
313	36	19	0.00136	0.00409	4.764e+02	0.112	0.372	GO:0048675
314	31	20	0.00136	0.00408	2.868e+02	0.213	0.435	GO:0034109
315	26	15	0.00135	0.00404	2.318e+02	0.133	0.472	GO:0055013
316	24	9	0.00134	0.00274	2.677e+02	-0.122	0.407	GO:0071514
317	90	41	0.00132	0.00266	3.244e+03	-0.038	0.453	GO:2001234
318	33	16	0.00128	0.00302	4.265e+02	0.108	0.276	GO:0045776
319	31	19	0.00126	0.00379	3.067e+02	0.081	0.551	GO:0045600
320	51	30	0.00124	0.00372	8.607e+02	0.051	0.512	GO:0006942
321	34	19	0.0012	0.00359	4.056e+02	0.0	0.541	GO:0045668
322	61	47	0.00119	0.00356	7.632e+02	0.216	0.494	GO:0002688
323	25	12	0.00119	0.00356	2.488e+02	-0.045	0.55	GO:0010226
324	41	24	0.00117	0.0035	5.613e+02	0.069	0.44	GO:0010464
325	27	12	0.00116	0.00349	3.047e+02	-0.067	0.455	GO:0032410
326	57	31	0.00116	0.00349	1.156e+03	0.013	0.482	GO:0042472
327	40	23	0.00115	0.00231	5.443e+02	0.007	0.483	GO:0046677
328	34	18	0.00112	0.00243	4.245e+02	-0.017	0.509	GO:0009262
329	57	27	0.00112	0.00336	1.277e+03	-0.109	0.524	GO:0055092
330	66	29	0.00109	0.00326	1.793e+03	-0.067	0.524	GO:0006304
331	23	11	0.00109	0.00187	2.118e+02	-0.039	0.516	GO:0032504
332	21	11	0.00107	0.0032	1.659e+02	-0.036	0.48	GO:0051220
333	22	16	0.00106	0.00171	1.179e+02	0.25	0.45	GO:0002886
334	36	18	0.00106	0.00317	4.954e+02	0.038	0.473	GO:0030195
335	20	9	0.00104	0.00295	1.679e+02	-0.155	0.416	GO:0060291
336	39	13	0.00101	0.00304	7.377e+02	-0.115	0.343	GO:0090382
337	111	50	0.00101	0.00302	4.958e+03	-0.088	0.45	GO:0008544
338	42	25	0.00096	0.00289	5.783e+02	0.048	0.596	GO:0006029
339	31	15	0.00096	0.0022	3.776e+02	-0.051	0.49	GO:0045103
340	72	33	0.00095	0.00286	2.075e+03	-0.03	0.482	GO:0030574
341	40	20	0.00095	0.00286	6.102e+02	0.027	0.428	GO:1902930
342	49	31	0.00094	0.00283	7.291e+02	0.121	0.419	GO:0097530
343	25	10	0.00094	0.00281	2.797e+02	-0.122	0.496	GO:0006501
344	38	15	0.00092	0.00277	6.410e+02	-0.104	0.392	GO:1901800
345	106	78	0.00092	0.00205	2.586e+03	0.205	0.494	GO:0050920
346	37	17	0.0009	0.0027	5.542e+02	-0.066	0.431	GO:0010833
347	58	25	0.00088	0.00264	1.404e+03	-0.071	0.454	GO:0045833
348	53	23	0.00086	0.00231	1.170e+03	-0.011	0.369	GO:0060359
349	24	8	0.00085	0.00256	2.847e+02	-0.085	0.372	GO:0070588
350	20	11	0.00084	0.00253	1.449e+02	-0.056	0.54	GO:0009235
351	24	16	0.00082	0.00247	1.649e+02	0.06	0.587	GO:0050918
352	32	20	0.00081	0.00242	3.187e+02	0.017	0.615	GO:0006801
353	36	18	0.0008	0.00225	4.954e+02	-0.018	0.49	GO:0048024
354	65	30	0.00079	0.00238	1.686e+03	-0.006	0.41	GO:0034146
355	25	12	0.00078	0.00235	2.488e+02	-0.091	0.5	GO:0006611
356	44	18	0.00078	0.00235	8.385e+02	-0.117	0.452	GO:0060078
357	140	67	0.00078	0.00234	7.569e+03	0.01	0.41	GO:0030099
358	28	13	0.00078	0.00233	3.177e+02	-0.076	0.488	GO:0030032
359	32	13	0.00077	0.0023	4.494e+02	-0.057	0.376	GO:0021885
360	23	10	0.00076	0.00227	2.258e+02	-0.108	0.42	GO:0045581
361	22	10	0.00076	0.00227	2.008e+02	0.037	0.401	GO:0051926
362	26	14	0.00074	0.00222	2.468e+02	0.018	0.482	GO:0046825
363	22	11	0.00074	0.00221	1.879e+02	-0.083	0.583	GO:0010718
364	30	16	0.00073	0.0022	3.297e+02	0.037	0.447	GO:0071333
365	30	18	0.00071	0.00214	2.947e+02	0.214	0.363	GO:0007190
366	31	18	0.00071	0.00214	3.257e+02	0.04	0.484	GO:0035094
367	22	9	0.00071	0.00212	2.148e+02	-0.063	0.453	GO:0045879
368	23	11	0.0007	0.00211	2.118e+02	0.008	0.404	GO:0019835
369	29	11	0.0007	0.0021	3.855e+02	-0.086	0.38	GO:0042304
370	33	12	0.0007	0.00209	5.083e+02	-0.068	0.35	GO:0007131
371	26	12	0.00067	0.00202	2.757e+02	0.012	0.473	GO:0097028
372	38	18	0.00066	0.00198	5.722e+02	-0.016	0.441	GO:0007595
373	35	14	0.00066	0.00198	5.412e+02	-0.071	0.407	GO:0022616
374	21	10	0.00065	0.00196	1.779e+02	-0.022	0.549	GO:0050704
375	52	23	0.00065	0.00196	1.113e+03	-0.076	0.461	GO:0060688
376	24	17	0.00063	0.0019	1.479e+02	0.216	0.465	GO:0009190
377	21	13	0.00063	0.00182	1.409e+02	0.024	0.545	GO:0045823
378	24	9	0.00062	0.00187	2.677e+02	-0.035	0.517	GO:0001892
379	69	32	0.00062	0.00187	1.892e+03	-0.061	0.475	GO:0042886
380	20	11	0.00062	0.00185	1.449e+02	0.01	0.555	GO:0000381
381	39	16	0.0006	0.00179	6.600e+02	-0.102	0.431	GO:0060079
382	24	14	0.0006	0.00179	1.959e+02	0.08	0.505	GO:0060343
383	66	51	0.00058	0.00117	8.850e+02	0.264	0.473	GO:0002687
384	69	39	0.00056	0.00168	1.633e+03	0.01	0.518	GO:0001654
385	30	22	0.00056	0.00167	2.129e+02	0.156	0.515	GO:0010596
386	37	21	0.00055	0.00159	4.725e+02	0.042	0.435	GO:0021987
387	50	19	0.00055	0.00164	1.126e+03	-0.097	0.385	GO:0006826
388	60	43	0.00052	0.00114	8.839e+02	0.203	0.468	GO:0010976
389	21	16	0.00052	0.00157	9.596e+01	0.266	0.45	GO:0043300
390	24	11	0.00052	0.00155	2.368e+02	-0.067	0.44	GO:1900739
391	23	11	0.00051	0.00154	2.118e+02	-0.05	0.552	GO:0002026
392	58	27	0.00051	0.00152	1.337e+03	-0.084	0.502	GO:0045744
393	24	10	0.0005	0.00151	2.518e+02	-0.031	0.338	GO:1901989
394	31	13	0.00049	0.00146	4.145e+02	-0.027	0.442	GO:0000387
395	58	21	0.00049	0.00146	1.549e+03	-0.147	0.439	GO:0001816
396	50	22	0.00049	0.00146	1.033e+03	-0.103	0.445	GO:0046164
397	92	36	0.00048	0.00144	3.709e+03	-0.087	0.415	GO:0000041
398	26	13	0.00048	0.00144	2.608e+02	-0.017	0.527	GO:0042246
399	23	9	0.00048	0.00143	2.408e+02	-0.196	0.606	GO:0006536
400	93	46	0.00047	0.00142	3.282e+03	-0.021	0.497	GO:0018196
401	47	21	0.00047	0.00142	9.054e+02	-0.087	0.511	GO:0019233
402	25	9	0.00045	0.00136	2.967e+02	-0.184	0.483	GO:0046006
403	63	34	0.00045	0.00134	1.419e+03	0.038	0.486	GO:0010863
404	26	11	0.00044	0.00133	2.917e+02	-0.052	0.439	GO:0006904
405	49	27	0.00044	0.00132	8.467e+02	0.056	0.512	GO:0006636
406	43	22	0.00044	0.00132	6.930e+02	0.012	0.504	GO:0050771
407	99	49	0.00043	0.00128	3.715e+03	-0.049	0.545	GO:0006023
408	55	23	0.00043	0.00128	1.287e+03	-0.07	0.468	GO:0032941
409	20	9	0.00042	0.00085	1.679e+02	-0.119	0.508	GO:0030879
410	26	13	0.00042	0.00127	2.608e+02	-0.027	0.451	GO:0021955
411	20	11	0.00042	0.00127	1.449e+02	-0.045	0.628	GO:0030902
412	63	30	0.00042	0.00125	1.553e+03	-0.046	0.45	GO:0022404
413	83	35	0.00041	0.00124	2.897e+03	-0.066	0.461	GO:0031124
414	74	36	0.00041	0.00122	2.107e+03	-0.073	0.539	GO:0006289
415	24	19	0.0004	0.00121	1.110e+02	0.19	0.495	GO:0050926
416	48	20	0.0004	0.00119	9.851e+02	-0.087	0.417	GO:2001022
417	29	13	0.00038	0.00114	3.486e+02	-0.031	0.445	GO:0048278
418	20	9	0.00038	0.00114	1.679e+02	-0.025	0.37	GO:2000677
419	22	9	0.00038	0.00113	2.148e+02	-0.062	0.474	GO:0045622
420	30	11	0.00037	0.00112	4.194e+02	-0.15	0.466	GO:0018410
421	24	12	0.00036	0.00109	2.228e+02	0.022	0.534	GO:0008089
422	30	14	0.00036	0.00107	3.626e+02	-0.128	0.527	GO:0051209
423	60	32	0.00036	0.00108	1.301e+03	-0.012	0.509	GO:0001708
424	37	14	0.00036	0.00108	6.230e+02	-0.117	0.493	GO:0010043
425	27	10	0.00036	0.0009	3.396e+02	-0.188	0.436	GO:0034446
426	41	19	0.00036	0.00108	6.750e+02	-0.069	0.482	GO:0043967
427	26	17	0.00036	0.00108	1.989e+02	0.12	0.508	GO:1902692
428	22	11	0.00035	0.00104	1.879e+02	-0.072	0.526	GO:0051491
429	20	12	0.00034	0.00102	1.329e+02	0.01	0.628	GO:0006595
430	88	40	0.00034	0.00102	3.107e+03	-0.055	0.497	GO:0044259
431	40	19	0.00033	0.00098	6.321e+02	-0.105	0.566	GO:0010717
432	38	19	0.00032	0.00095	5.513e+02	-0.047	0.512	GO:0030049
433	107	56	0.00031	0.00094	4.169e+03	-0.012	0.503	GO:0006937
434	30	18	0.0003	0.00089	2.947e+02	0.032	0.541	GO:0008038
435	20	9	0.0003	0.00089	1.679e+02	-0.006	0.462	GO:0009268
436	77	33	0.00029	0.00088	2.472e+03	-0.08	0.499	GO:0030324
437	43	29	0.00029	0.00088	5.115e+02	0.17	0.493	GO:0030516
438	22	12	0.00029	0.00086	1.759e+02	0.093	0.422	GO:0045909
439	52	31	0.00028	0.00085	8.817e+02	0.077	0.511	GO:0032642
440	91	71	0.00028	0.00085	1.629e+03	0.275	0.464	GO:0045766
441	34	17	0.00028	0.00084	4.425e+02	-0.038	0.521	GO:0000003
442	42	19	0.00027	0.0008	7.189e+02	-0.088	0.523	GO:0001755
443	92	46	0.00027	0.0008	3.188e+03	-0.011	0.497	GO:0018279
444	50	27	0.00026	0.00079	8.966e+02	-0.018	0.496	GO:0010830
445	64	30	0.00026	0.00078	1.618e+03	-0.012	0.467	GO:0035150
446	41	20	0.00026	0.00078	6.521e+02	-0.054	0.547	GO:0046889
447	23	12	0.00026	0.00077	1.988e+02	0.019	0.458	GO:0045661
448	29	16	0.00026	0.00077	2.997e+02	-0.025	0.59	GO:0051496
449	23	12	0.00025	0.00052	1.988e+02	-0.134	0.6	GO:0000060
450	23	12	0.00025	0.00074	1.988e+02	-0.085	0.592	GO:0042346
451	21	11	0.00024	0.00073	1.659e+02	0.102	0.329	GO:0035813
452	75	35	0.00024	0.00073	2.224e+03	-0.067	0.512	GO:0043901
453	32	20	0.0002	0.00061	3.187e+02	0.068	0.482	GO:0033628
454	47	28	0.0002	0.0006	7.220e+02	0.049	0.537	GO:0045913
455	61	38	0.0002	0.0006	1.149e+03	0.065	0.544	GO:0060491
456	59	26	0.0002	0.00059	1.433e+03	-0.018	0.445	GO:0015992
457	31	9	0.00019	0.00058	5.002e+02	-0.221	0.426	GO:0030803
458	26	13	0.00018	0.00054	2.608e+02	-0.001	0.492	GO:0048013
459	51	23	0.00018	0.00053	1.058e+03	-0.024	0.428	GO:0007200
460	43	22	0.00015	0.00046	6.930e+02	0.073	0.499	GO:0002244
461	22	11	0.00015	0.00046	1.879e+02	-0.065	0.525	GO:0043330
462	20	16	0.00015	0.00046	7.497e+01	0.225	0.539	GO:0045773
463	113	54	0.00015	0.00044	4.947e+03	-0.043	0.49	GO:0051147
464	65	37	0.00012	0.00037	1.440e+03	0.13	0.416	GO:0030816
465	104	55	0.00012	0.00037	3.908e+03	-0.027	0.481	GO:0034341
466	50	29	0.00012	0.00037	8.398e+02	0.114	0.502	GO:0055002
467	28	12	0.00012	0.00037	3.346e+02	-0.132	0.54	GO:2000242
468	123	58	0.00012	0.00036	5.907e+03	-0.026	0.464	GO:0034765
469	42	21	0.00012	0.00035	6.720e+02	0.007	0.409	GO:0010332
470	26	13	0.00011	0.00032	2.608e+02	-0.018	0.448	GO:0010862
471	26	12	0.00011	0.00032	2.757e+02	-0.004	0.431	GO:0045806
472	24	12	0.0001	0.00031	2.228e+02	-0.031	0.464	GO:0006111
473	61	51	0.0001	0.00031	5.656e+02	0.359	0.441	GO:0016525
474	88	39	0.0001	0.00031	3.157e+03	-0.108	0.472	GO:0042384
475	30	15	0.0001	0.0003	3.456e+02	-0.068	0.634	GO:0006370
476	42	17	0.0001	0.0003	7.697e+02	-0.104	0.475	GO:0045861
477	21	10	0.0001	0.00029	1.779e+02	-0.008	0.597	GO:0030239
478	48	18	9e-05	0.00026	1.046e+03	-0.135	0.431	GO:0006220
479	92	55	9e-05	0.00026	2.732e+03	0.09	0.446	GO:0030595
480	30	14	8e-05	0.00025	3.626e+02	0.02	0.33	GO:0060135
481	29	14	8e-05	0.00024	3.317e+02	-0.035	0.469	GO:0001578
482	26	13	7e-05	0.0002	2.608e+02	0.151	0.32	GO:2000243
483	30	13	6e-05	0.00019	3.806e+02	-0.07	0.372	GO:0045168
484	36	18	6e-05	0.00018	4.954e+02	0.033	0.396	GO:0022406
485	22	12	5e-05	0.00016	1.759e+02	0.025	0.587	GO:0030511
486	134	64	5e-05	0.00016	6.946e+03	-0.017	0.427	GO:2000021
487	21	12	4e-05	0.00013	1.539e+02	-0.012	0.501	GO:0001502
488	32	18	4e-05	0.00012	3.576e+02	0.05	0.449	GO:0045931
489	33	15	4e-05	0.00011	4.454e+02	-0.008	0.38	GO:0032370
490	80	37	3e-05	0.0001	2.543e+03	-0.043	0.512	GO:0009124
491	35	14	3e-05	8e-05	5.412e+02	-0.129	0.482	GO:0017144
492	52	23	2e-05	7e-05	1.113e+03	-0.048	0.486	GO:0000288
493	31	14	2e-05	7e-05	3.955e+02	-0.088	0.505	GO:0006730
494	37	16	2e-05	7e-05	5.762e+02	-0.131	0.458	GO:0071479
495	49	24	2e-05	6e-05	9.254e+02	-0.13	0.548	GO:0007368
496	40	18	2e-05	5e-05	6.550e+02	-0.1	0.484	GO:0008206
497	20	12	1e-05	4e-05	1.329e+02	0.007	0.515	GO:0010714
498	85	46	1e-05	4e-05	2.568e+03	0.008	0.518	GO:0031345
499	47	22	1e-05	2e-05	8.785e+02	-0.044	0.524	GO:0006283
500	60	29	0.0	1e-05	1.395e+03	-0.05	0.479	GO:0007608
501	36	17	0.0	1e-05	5.153e+02	-0.041	0.44	GO:0032480