Creation Time:	2022-12-29 20:37:52

INPUT:
File name:	crfe_v018.py
Annotations file:	/Users/JasonJia/Desktop/CRFE/Xinglin_insilico/data/human4/human_anno.txt
Gene file:	/Users/JasonJia/Desktop/CRFE/Xinglin_insilico/data/human4/human0.4_0.25_2_10_seed_4.txt
lower limit annotations/process:	20
upper limit annotations/process:	200
k (number of perturbed categories):	0 (i.e., each perturbed gene in its own category)
threshold:	0
threshold type:	levels
belief:	10.0
Method:	MCMC with parameter learning with an empty set as initial set
repeats:	10
burnin steps:	25000
MCMC steps:	25000
Maximal value for alpha and beta:	0.3548387096774194
Maximal possible value for alpha and beta:	0.3548387096774194
Probability parameter change:	0.2
seed for RNG:	3096287764

Initial set of processes:
Empty set

INPUT ANALYSIS:
Total number of processes:	2291
Total number of genes:	11704
Number of perturbed genes:	4929
Proportion perturbed genes:	0.4211380724538619

OUTPUT:
Learnt parameters:
alpha (FPR):	0.3548387096774194
beta (FNR):	0.3548387096774194
q (penalization parameter):	0.001


Best log-likelihood value (mean +- standard deviation across replicates):	-8399.652647694804 +- 2.9298895034428107

Order	#(Annotations)	#(Annotations of perturbed genes)	Mean Posterior Probability	Standard Deviation Posterior Probability	p-value	Average Expression Level	Average position perturbed genes	Term Name
1	36	22	0.95009	0.08724	4.136e+02	0.145	0.357	GO:0006584
2	148	79	0.89096	0.16671	7.830e+03	0.047	0.435	GO:0048015
3	113	63	0.83096	0.34491	4.411e+03	0.054	0.424	GO:0044706
4	49	24	0.80015	0.22993	9.254e+02	0.017	0.377	GO:0042787
5	114	81	0.79844	0.34675	3.227e+03	0.231	0.421	GO:0016072
6	39	30	0.78509	0.23185	3.158e+02	0.284	0.476	GO:0001756
7	37	16	0.75112	0.3097	5.762e+02	-0.092	0.316	GO:0060338
8	35	19	0.74829	0.34511	4.405e+02	0.098	0.342	GO:0006284
9	106	85	0.71412	0.43763	2.014e+03	0.286	0.446	GO:0050920
10	187	94	0.69595	0.31805	1.303e+04	-0.02	0.488	GO:0051276
11	86	58	0.66654	0.43351	2.027e+03	0.17	0.441	GO:0032507
12	153	81	0.62326	0.42336	8.420e+03	0.031	0.412	GO:0071496
13	26	15	0.62129	0.34359	2.318e+02	0.112	0.37	GO:0044774
14	82	58	0.56302	0.42877	1.690e+03	0.194	0.464	GO:0060193
15	191	153	0.52208	0.48198	6.538e+03	0.313	0.449	GO:0009146
16	177	94	0.51775	0.39957	1.123e+04	0.019	0.467	GO:0000956
17	58	31	0.48037	0.31301	1.214e+03	-0.003	0.461	GO:0051297
18	151	107	0.4385	0.41948	5.681e+03	0.208	0.411	GO:0032944
19	68	51	0.43155	0.4202	1.020e+03	0.268	0.424	GO:0070167
20	74	53	0.40364	0.3947	1.343e+03	0.205	0.459	GO:0010518
21	53	30	0.38575	0.36104	9.654e+02	0.076	0.469	GO:0044801
22	40	20	0.37762	0.3846	6.102e+02	0.005	0.417	GO:0044273
23	61	38	0.36726	0.2909	1.149e+03	0.095	0.453	GO:0033273
24	64	44	0.35133	0.39066	1.089e+03	0.205	0.409	GO:0001952
25	40	38	0.33251	0.3652	7.998e+01	0.504	0.396	GO:0045778
26	22	14	0.31605	0.32871	1.489e+02	0.191	0.333	GO:0006906
27	156	111	0.3	0.45826	6.012e+03	0.215	0.411	GO:0070663
28	146	101	0.28588	0.43763	5.563e+03	0.182	0.452	GO:0050795
29	22	17	0.28369	0.29428	1.010e+02	0.289	0.392	GO:0048762
30	195	155	0.27792	0.42834	7.001e+03	0.301	0.451	GO:0009143
31	24	13	0.26584	0.24286	2.098e+02	0.032	0.407	GO:0006658
32	56	34	0.26457	0.28416	1.000e+03	0.117	0.435	GO:0009880
33	33	31	0.2497	0.35248	6.599e+01	0.499	0.393	GO:0070169
34	36	20	0.2408	0.25693	4.565e+02	0.099	0.405	GO:0055081
35	52	30	0.2393	0.30112	9.126e+02	0.087	0.41	GO:0009855
36	79	37	0.23259	0.21247	2.460e+03	-0.028	0.438	GO:0009791
37	41	25	0.22957	0.23084	5.364e+02	0.091	0.436	GO:0090002
38	58	33	0.22614	0.35855	1.149e+03	0.06	0.428	GO:0071260
39	150	106	0.22431	0.35592	5.637e+03	0.205	0.412	GO:0050670
40	33	17	0.22323	0.29894	4.085e+02	0.047	0.39	GO:0042339
41	101	63	0.21951	0.37488	3.128e+03	0.124	0.429	GO:0045185
42	187	97	0.21139	0.34459	1.275e+04	0.01	0.457	GO:0006402
43	108	77	0.20169	0.34693	2.878e+03	0.23	0.426	GO:0006364
44	23	13	0.19786	0.1145	1.859e+02	0.008	0.494	GO:0000083
45	42	23	0.19156	0.12509	6.272e+02	-0.022	0.495	GO:0006081
46	62	34	0.18605	0.16411	1.356e+03	0.015	0.469	GO:0031023
47	28	13	0.1853	0.15116	3.177e+02	0.014	0.38	GO:0060348
48	49	28	0.18306	0.24886	8.188e+02	0.087	0.392	GO:0007368
49	89	43	0.17954	0.32471	3.055e+03	0.012	0.399	GO:0055088
50	22	13	0.17266	0.20369	1.629e+02	0.053	0.381	GO:0035336
51	66	38	0.17224	0.18981	1.468e+03	0.127	0.399	GO:0010811
52	43	29	0.16411	0.17367	5.115e+02	0.148	0.431	GO:0045682
53	103	51	0.16247	0.2089	4.018e+03	-0.004	0.444	GO:0030814
54	58	36	0.16186	0.17397	1.044e+03	0.104	0.523	GO:0045833
55	27	18	0.16046	0.13855	2.079e+02	0.159	0.412	GO:0032855
56	38	21	0.15726	0.23031	5.104e+02	0.116	0.337	GO:0030858
57	53	31	0.15653	0.25819	9.345e+02	0.094	0.412	GO:0009799
58	39	20	0.15546	0.15853	5.702e+02	0.03	0.404	GO:0032006
59	37	25	0.1531	0.25542	3.787e+02	0.147	0.468	GO:0021987
60	63	41	0.13802	0.22622	1.154e+03	0.124	0.464	GO:0030193
61	78	48	0.1365	0.11274	1.902e+03	0.027	0.531	GO:0043648
62	114	70	0.13633	0.17827	4.059e+03	0.16	0.405	GO:0010810
63	144	66	0.13342	0.21292	8.229e+03	-0.058	0.436	GO:0044272
64	189	151	0.11796	0.2987	6.462e+03	0.311	0.45	GO:0009203
65	29	22	0.11427	0.19062	1.829e+02	0.263	0.394	GO:0001954
66	30	20	0.1023	0.14815	2.558e+02	0.154	0.419	GO:0045604
67	133	70	0.1	0.3	6.400e+03	0.019	0.437	GO:0044703
68	118	62	0.09578	0.19344	5.050e+03	0.025	0.474	GO:0000184
69	42	24	0.09566	0.1515	6.032e+02	0.04	0.453	GO:0001658
70	67	32	0.0902	0.18053	1.751e+03	-0.03	0.493	GO:0010469
71	39	24	0.08994	0.16465	4.805e+02	0.078	0.483	GO:0031623
72	33	21	0.08808	0.13526	3.307e+02	0.129	0.412	GO:0032648
73	114	93	0.08403	0.24636	2.182e+03	0.311	0.459	GO:0006184
74	108	54	0.08296	0.13616	4.386e+03	-0.006	0.433	GO:0072599
75	28	15	0.08085	0.15577	2.867e+02	0.061	0.406	GO:0018146
76	22	13	0.08064	0.06542	1.629e+02	0.141	0.348	GO:0032728
77	23	14	0.07561	0.09504	1.719e+02	0.114	0.381	GO:0045930
78	36	23	0.07401	0.12907	3.906e+02	0.105	0.458	GO:0021766
79	80	61	0.07328	0.21983	1.348e+03	0.284	0.442	GO:0009158
80	45	21	0.07023	0.12485	8.077e+02	-0.013	0.417	GO:0000096
81	97	60	0.06966	0.20899	2.916e+03	0.104	0.444	GO:0051651
82	26	15	0.06963	0.13469	2.318e+02	0.104	0.431	GO:0000188
83	51	27	0.06678	0.10238	9.474e+02	0.004	0.429	GO:0090263
84	86	47	0.06523	0.07391	2.607e+03	0.044	0.466	GO:0030326
85	25	13	0.06337	0.08861	2.348e+02	-0.039	0.413	GO:1901071
86	109	51	0.06277	0.1883	4.668e+03	-0.054	0.405	GO:0016050
87	23	12	0.05657	0.09847	1.988e+02	0.049	0.376	GO:0044773
88	107	53	0.05621	0.11139	4.333e+03	-0.014	0.441	GO:0045047
89	190	97	0.05513	0.08182	1.331e+04	-0.064	0.526	GO:0006260
90	33	18	0.05399	0.07585	3.906e+02	0.02	0.476	GO:0006271
91	25	18	0.05329	0.10393	1.549e+02	0.161	0.494	GO:0042311
92	35	19	0.05169	0.06189	4.405e+02	-0.004	0.495	GO:0022616
93	43	31	0.05156	0.08436	4.506e+02	0.221	0.483	GO:0035282
94	33	27	0.05005	0.0725	1.839e+02	0.225	0.575	GO:0010770
95	85	41	0.04918	0.10663	2.791e+03	-0.008	0.428	GO:0015718
96	105	52	0.04866	0.14597	4.174e+03	-0.012	0.44	GO:0006614
97	148	81	0.0466	0.1398	7.671e+03	0.03	0.478	GO:0009952
98	57	31	0.04619	0.07745	1.156e+03	0.058	0.479	GO:0061025
99	91	47	0.04576	0.08741	3.050e+03	0.024	0.417	GO:0045766
100	27	15	0.04491	0.04914	2.588e+02	0.02	0.418	GO:0098656
101	42	24	0.04438	0.06353	6.032e+02	0.076	0.398	GO:0015908
102	22	10	0.04413	0.0527	2.008e+02	-0.051	0.402	GO:0035249
103	31	15	0.04353	0.06252	3.776e+02	-0.062	0.408	GO:0052646
104	141	76	0.04304	0.12912	7.055e+03	0.041	0.421	GO:0051235
105	41	23	0.04057	0.0346	5.853e+02	0.041	0.457	GO:0019748
106	104	79	0.03924	0.1154	2.297e+03	0.274	0.391	GO:0070665
107	26	15	0.03901	0.0565	2.318e+02	0.136	0.39	GO:0042246
108	65	28	0.03868	0.07133	1.761e+03	-0.041	0.365	GO:0060337
109	75	41	0.03712	0.11135	1.985e+03	0.018	0.444	GO:0043200
110	87	56	0.0363	0.04207	2.228e+03	0.104	0.482	GO:0061041
111	91	52	0.03625	0.06293	2.801e+03	0.07	0.421	GO:0030856
112	23	13	0.036	0.04511	1.859e+02	0.007	0.47	GO:0086001
113	81	53	0.03442	0.10326	1.887e+03	0.16	0.459	GO:0010517
114	48	20	0.02997	0.08462	9.851e+02	-0.046	0.423	GO:0006749
115	49	22	0.02954	0.04389	9.802e+02	-0.028	0.365	GO:0051084
116	26	14	0.02849	0.04284	2.468e+02	0.163	0.3	GO:0051602
117	22	10	0.02836	0.04994	2.008e+02	-0.048	0.316	GO:0006400
118	34	19	0.02783	0.05664	4.056e+02	0.088	0.497	GO:0000003
119	70	33	0.02751	0.04593	1.926e+03	-0.061	0.441	GO:1901607
120	66	28	0.02723	0.07061	1.831e+03	-0.053	0.365	GO:0034340
121	25	13	0.02686	0.06605	2.348e+02	0.048	0.464	GO:0006501
122	32	20	0.02678	0.05047	3.187e+02	0.126	0.412	GO:0090003
123	43	21	0.02362	0.05381	7.159e+02	0.033	0.404	GO:0030521
124	21	12	0.02241	0.0232	1.539e+02	0.129	0.369	GO:0009651
125	36	23	0.02223	0.03473	3.906e+02	0.149	0.427	GO:0030195
126	42	26	0.02217	0.04982	5.524e+02	0.087	0.499	GO:0035136
127	22	20	0.02094	0.04153	4.399e+01	0.334	0.56	GO:0010718
128	42	22	0.02055	0.03116	6.501e+02	-0.0	0.459	GO:0048284
129	36	20	0.02045	0.04132	4.565e+02	0.074	0.456	GO:0002053
130	94	47	0.01982	0.05219	3.327e+03	0.003	0.449	GO:0030817
131	22	10	0.01968	0.02527	2.008e+02	-0.024	0.416	GO:0019933
132	43	21	0.01847	0.031	7.159e+02	0.019	0.449	GO:0007270
133	25	12	0.01844	0.03756	2.488e+02	0.035	0.462	GO:0031055
134	42	20	0.01793	0.03264	6.949e+02	0.056	0.35	GO:0050994
135	54	23	0.01778	0.03458	1.227e+03	-0.055	0.39	GO:0006458
136	59	29	0.01753	0.05258	1.334e+03	-0.007	0.414	GO:0014066
137	65	37	0.01685	0.05054	1.440e+03	0.118	0.377	GO:0009798
138	34	22	0.01619	0.02409	3.427e+02	0.175	0.434	GO:0042254
139	20	11	0.01601	0.02878	1.449e+02	0.021	0.451	GO:0006595
140	94	54	0.01536	0.0449	2.973e+03	0.085	0.441	GO:0045834
141	42	20	0.01533	0.046	6.949e+02	-0.105	0.429	GO:0031100
142	84	42	0.01532	0.02048	2.660e+03	-0.046	0.445	GO:0031099
143	22	13	0.01499	0.02163	1.629e+02	0.063	0.521	GO:0033108
144	29	21	0.01456	0.02978	2.049e+02	0.275	0.352	GO:0051893
145	32	16	0.01368	0.02791	3.926e+02	0.033	0.395	GO:0032414
146	120	81	0.01315	0.03302	3.929e+03	0.215	0.441	GO:0046034
147	60	44	0.01313	0.02837	8.400e+02	0.245	0.404	GO:0042108
148	56	31	0.01271	0.02313	1.099e+03	0.036	0.451	GO:0045582
149	100	55	0.01233	0.03442	3.500e+03	0.055	0.498	GO:0043524
150	51	35	0.012	0.03331	6.962e+02	0.207	0.414	GO:0030888
151	37	24	0.01188	0.03565	4.036e+02	0.102	0.511	GO:0032755
152	33	18	0.01133	0.034	3.906e+02	-0.027	0.528	GO:0051963
153	68	43	0.01126	0.0236	1.399e+03	0.095	0.465	GO:0048771
154	20	14	0.01088	0.02174	1.059e+02	0.221	0.443	GO:0045940
155	35	20	0.01066	0.03057	4.205e+02	0.065	0.465	GO:0050848
156	22	10	0.01028	0.01571	2.008e+02	0.057	0.328	GO:0016338
157	42	25	0.01025	0.02835	5.783e+02	0.127	0.418	GO:0032092
158	22	12	0.01018	0.02653	1.759e+02	0.134	0.269	GO:0032862
159	24	14	0.01003	0.01299	1.959e+02	0.071	0.364	GO:0007616
160	47	30	0.0099	0.0231	6.632e+02	0.171	0.429	GO:0045670
161	60	28	0.00982	0.01215	1.428e+03	-0.062	0.511	GO:0015833
162	31	17	0.00942	0.02794	3.437e+02	0.086	0.337	GO:0051057
163	37	26	0.00934	0.01572	3.527e+02	0.241	0.379	GO:1901888
164	35	16	0.0093	0.01926	4.983e+02	0.011	0.449	GO:0030317
165	50	23	0.00926	0.01319	1.004e+03	-0.061	0.405	GO:0006826
166	25	15	0.0089	0.02062	2.058e+02	0.064	0.526	GO:0042481
167	107	53	0.00879	0.02638	4.333e+03	-0.008	0.44	GO:0006613
168	161	71	0.0086	0.02444	1.052e+04	-0.071	0.457	GO:0015931
169	21	13	0.00829	0.02197	1.409e+02	0.168	0.411	GO:0071897
170	22	12	0.00808	0.02425	1.759e+02	0.022	0.453	GO:0061337
171	33	19	0.00783	0.02207	3.716e+02	0.063	0.458	GO:0042516
172	46	19	0.00771	0.02011	9.103e+02	-0.13	0.508	GO:0030072
173	22	13	0.0076	0.0152	1.629e+02	0.034	0.47	GO:0086002
174	60	31	0.0075	0.02249	1.332e+03	0.072	0.412	GO:0045761
175	34	24	0.00708	0.02111	2.958e+02	0.247	0.444	GO:0010812
176	33	23	0.00689	0.01241	2.858e+02	0.225	0.463	GO:0043550
177	34	22	0.00682	0.0188	3.427e+02	0.12	0.502	GO:0035115
178	61	32	0.00665	0.01695	1.361e+03	0.053	0.422	GO:0006818
179	40	23	0.00657	0.01314	5.443e+02	0.091	0.427	GO:0050819
180	20	14	0.0065	0.01949	1.059e+02	0.117	0.494	GO:0001782
181	28	19	0.00646	0.01418	2.168e+02	0.194	0.486	GO:0031069
182	37	20	0.00633	0.01345	4.934e+02	0.083	0.421	GO:0031644
183	23	15	0.00608	0.0145	1.569e+02	0.136	0.465	GO:0032965
184	24	15	0.00604	0.01434	1.809e+02	0.109	0.465	GO:0010712
185	87	44	0.00597	0.0084	2.831e+03	-0.01	0.491	GO:1903046
186	20	13	0.00595	0.00919	1.199e+02	0.146	0.449	GO:0010714
187	41	26	0.00594	0.01781	5.104e+02	0.101	0.495	GO:0050709
188	29	16	0.0058	0.0093	2.997e+02	0.103	0.443	GO:0008361
189	146	69	0.00577	0.01247	8.295e+03	-0.059	0.446	GO:0016197
190	147	75	0.00556	0.01667	7.990e+03	-0.014	0.467	GO:0006612
191	96	44	0.00545	0.00837	3.674e+03	-0.013	0.408	GO:0002504
192	59	32	0.00544	0.01621	1.241e+03	0.069	0.422	GO:0015992
193	23	13	0.00539	0.01355	1.859e+02	-0.025	0.487	GO:0006536
194	25	18	0.00537	0.00994	1.549e+02	0.239	0.457	GO:0043552
195	37	21	0.00536	0.01119	4.725e+02	0.036	0.534	GO:0072332
196	21	14	0.00536	0.00918	1.269e+02	0.12	0.532	GO:0031016
197	23	13	0.00529	0.01392	1.859e+02	0.143	0.476	GO:0032504
198	29	11	0.00526	0.00909	3.855e+02	-0.108	0.362	GO:0042168
199	22	16	0.00522	0.00929	1.179e+02	0.251	0.469	GO:0015985
200	36	11	0.00519	0.01555	6.559e+02	-0.198	0.393	GO:0010883
201	28	20	0.00513	0.01406	1.969e+02	0.241	0.455	GO:0043551
202	39	21	0.00502	0.01009	5.493e+02	0.082	0.435	GO:0060411
203	30	21	0.00492	0.00905	2.348e+02	0.113	0.561	GO:0032653
204	82	39	0.00488	0.01175	2.622e+03	-0.078	0.474	GO:0001676
205	21	9	0.00486	0.00665	1.908e+02	0.041	0.274	GO:0035088
206	69	32	0.00476	0.01127	1.892e+03	-0.072	0.518	GO:0042886
207	37	17	0.00472	0.01267	5.542e+02	-0.061	0.458	GO:0032784
208	21	14	0.00466	0.0099	1.269e+02	0.203	0.451	GO:0035813
209	22	10	0.0046	0.00808	2.008e+02	-0.101	0.397	GO:0006278
210	21	9	0.00456	0.01231	1.908e+02	-0.015	0.357	GO:0015844
211	29	16	0.00448	0.01021	2.997e+02	0.007	0.478	GO:0001578
212	21	13	0.00447	0.01157	1.409e+02	0.029	0.5	GO:0045616
213	22	16	0.00447	0.0134	1.179e+02	0.245	0.407	GO:0042417
214	21	7	0.00436	0.01102	2.198e+02	-0.111	0.239	GO:0006783
215	21	12	0.00432	0.01296	1.539e+02	0.012	0.526	GO:0046329
216	60	26	0.00431	0.00642	1.497e+03	-0.099	0.465	GO:0042440
217	42	22	0.00431	0.01294	6.501e+02	0.013	0.501	GO:0060271
218	21	12	0.0043	0.00863	1.539e+02	0.06	0.434	GO:0045907
219	39	23	0.00428	0.00948	5.044e+02	0.105	0.461	GO:0002763
220	52	30	0.00425	0.00886	9.126e+02	0.092	0.486	GO:0009145
221	87	46	0.0042	0.00998	2.740e+03	0.017	0.44	GO:0045580
222	94	43	0.00416	0.01214	3.528e+03	-0.011	0.41	GO:0002495
223	20	9	0.00403	0.01034	1.679e+02	-0.032	0.368	GO:0033574
224	69	40	0.0039	0.0117	1.593e+03	0.052	0.46	GO:0050868
225	38	17	0.00389	0.00977	5.941e+02	-0.074	0.404	GO:0009066
226	56	28	0.00388	0.01164	1.189e+03	-0.05	0.511	GO:0022403
227	59	35	0.00382	0.01068	1.139e+03	0.078	0.438	GO:0046634
228	29	16	0.0038	0.00632	2.997e+02	0.088	0.343	GO:2000179
229	33	18	0.00355	0.00716	3.906e+02	0.105	0.399	GO:0032233
230	24	14	0.00352	0.01056	1.959e+02	0.127	0.461	GO:0007194
231	84	52	0.00343	0.01028	2.188e+03	0.093	0.489	GO:0044085
232	20	10	0.00338	0.00726	1.559e+02	0.058	0.333	GO:0006949
233	25	12	0.00337	0.00597	2.488e+02	0.077	0.448	GO:0006378
234	61	34	0.00332	0.00996	1.295e+03	0.09	0.451	GO:0016525
235	23	13	0.00329	0.00598	1.859e+02	0.075	0.473	GO:0006692
236	21	12	0.00327	0.0059	1.539e+02	0.119	0.489	GO:0046834
237	35	17	0.00321	0.00962	4.784e+02	-0.021	0.448	GO:0007566
238	31	19	0.00307	0.0092	3.067e+02	0.122	0.479	GO:0045124
239	66	33	0.00303	0.00589	1.647e+03	-0.002	0.487	GO:0007043
240	41	24	0.00301	0.00867	5.613e+02	0.097	0.474	GO:0010464
241	69	38	0.00298	0.00895	1.671e+03	0.01	0.573	GO:0051897
242	34	17	0.00288	0.00496	4.425e+02	-0.025	0.42	GO:0045840
243	46	19	0.00276	0.00564	9.103e+02	-0.059	0.432	GO:0060041
244	102	56	0.00274	0.0056	3.647e+03	0.034	0.475	GO:1902107
245	34	20	0.0027	0.0062	3.856e+02	0.078	0.529	GO:0030815
246	21	10	0.00269	0.00808	1.779e+02	-0.027	0.482	GO:0006342
247	20	13	0.00268	0.00418	1.199e+02	0.169	0.376	GO:0032757
248	61	30	0.00268	0.00804	1.425e+03	-0.042	0.476	GO:0043112
249	47	25	0.00261	0.00784	8.028e+02	-0.008	0.5	GO:0019229
250	26	12	0.00256	0.00768	2.757e+02	-0.087	0.419	GO:0035384
251	21	11	0.00255	0.00766	1.659e+02	0.1	0.363	GO:0002040
252	23	9	0.00254	0.00762	2.408e+02	-0.1	0.368	GO:0036152
253	59	23	0.00252	0.00757	1.540e+03	-0.12	0.459	GO:0006687
254	41	24	0.0025	0.00576	5.613e+02	0.114	0.458	GO:0046889
255	31	13	0.00249	0.00534	4.145e+02	-0.115	0.487	GO:0030073
256	92	42	0.00243	0.00453	3.385e+03	-0.009	0.404	GO:0019886
257	57	25	0.00239	0.0053	1.342e+03	-0.03	0.441	GO:0055092
258	30	16	0.00239	0.00716	3.297e+02	-0.061	0.618	GO:0043331
259	129	98	0.00238	0.00713	3.527e+03	0.26	0.452	GO:0046039
260	22	14	0.00236	0.0054	1.489e+02	0.081	0.511	GO:0051491
261	45	24	0.00232	0.00597	7.349e+02	-0.073	0.571	GO:0050885
262	31	16	0.00232	0.00696	3.606e+02	0.089	0.388	GO:0051282
263	23	11	0.00228	0.00608	2.118e+02	-0.083	0.506	GO:0009395
264	76	38	0.00228	0.00685	2.180e+03	-0.02	0.516	GO:0072593
265	26	18	0.00228	0.00683	1.809e+02	0.215	0.457	GO:0090218
266	71	32	0.00227	0.0068	2.040e+03	-0.02	0.448	GO:0006405
267	30	17	0.00227	0.00277	3.127e+02	0.014	0.447	GO:2000514
268	45	30	0.00226	0.00517	5.704e+02	0.112	0.54	GO:0032655
269	31	15	0.00226	0.00677	3.776e+02	-0.048	0.467	GO:0033619
270	21	12	0.00224	0.00673	1.539e+02	-0.059	0.544	GO:2000351
271	50	31	0.00222	0.00665	7.789e+02	0.091	0.538	GO:0008630
272	64	32	0.00222	0.00665	1.550e+03	0.058	0.427	GO:0031279
273	21	13	0.00218	0.00493	1.409e+02	0.155	0.525	GO:0000272
274	87	48	0.00217	0.00652	2.646e+03	0.072	0.44	GO:0002761
275	64	25	0.00214	0.00484	1.807e+03	-0.122	0.422	GO:0006446
276	47	34	0.00212	0.00635	5.335e+02	0.118	0.574	GO:0072163
277	165	78	0.00211	0.00634	1.058e+04	-0.029	0.455	GO:1901991
278	26	12	0.00209	0.00439	2.757e+02	0.056	0.448	GO:0043631
279	88	43	0.00208	0.00624	2.964e+03	-0.048	0.476	GO:0001959
280	75	59	0.00205	0.00614	1.080e+03	0.319	0.44	GO:0006200
281	22	10	0.00204	0.00413	2.008e+02	-0.076	0.503	GO:0006297
282	31	18	0.00203	0.0061	3.257e+02	-0.016	0.6	GO:0070192
283	106	52	0.00203	0.00608	4.280e+03	-0.009	0.462	GO:0030802
284	23	11	0.00202	0.00606	2.118e+02	-0.092	0.508	GO:0007062
285	53	24	0.002	0.00532	1.139e+03	-0.108	0.503	GO:0019369
286	25	12	0.00194	0.00457	2.488e+02	-0.054	0.446	GO:0030206
287	66	31	0.00188	0.00564	1.718e+03	-0.029	0.493	GO:0006026
288	63	28	0.00188	0.00379	1.623e+03	-0.06	0.413	GO:0030819
289	22	12	0.00186	0.00559	1.759e+02	0.004	0.463	GO:0045622
290	58	30	0.00182	0.00547	1.245e+03	0.046	0.406	GO:2000648
291	38	15	0.00182	0.00546	6.410e+02	-0.159	0.496	GO:0008156
292	32	20	0.00178	0.00415	3.187e+02	0.029	0.567	GO:0048706
293	22	11	0.00178	0.00534	1.879e+02	0.032	0.441	GO:0071384
294	24	11	0.00176	0.00529	2.368e+02	-0.001	0.393	GO:0051385
295	32	15	0.00175	0.00526	4.105e+02	-0.066	0.508	GO:0006488
296	22	11	0.00171	0.00375	1.879e+02	0.049	0.474	GO:0010880
297	51	24	0.00171	0.00393	1.029e+03	-0.067	0.524	GO:0001508
298	23	17	0.00167	0.00502	1.239e+02	0.1	0.616	GO:0032689
299	91	45	0.00167	0.00456	3.143e+03	-0.047	0.516	GO:0045444
300	97	49	0.00166	0.00498	3.518e+03	0.013	0.449	GO:0090101
301	24	20	0.00164	0.00419	9.097e+01	0.316	0.438	GO:0050926
302	64	28	0.00161	0.00482	1.691e+03	-0.1	0.509	GO:0009914
303	67	37	0.00159	0.00322	1.573e+03	0.029	0.469	GO:0045621
304	37	19	0.00157	0.0047	5.134e+02	-0.012	0.427	GO:0030514
305	53	33	0.00155	0.00466	8.697e+02	0.128	0.466	GO:0042509
306	25	17	0.00154	0.0036	1.729e+02	0.109	0.532	GO:0042771
307	50	27	0.00153	0.0046	8.966e+02	0.059	0.401	GO:0009267
308	92	41	0.00149	0.00446	3.436e+03	-0.064	0.425	GO:0000041
309	112	58	0.00146	0.00438	4.601e+03	-0.005	0.479	GO:0045619
310	124	70	0.00145	0.00436	5.247e+03	0.079	0.454	GO:0050679
311	79	38	0.00144	0.00432	2.417e+03	-0.063	0.509	GO:0009566
312	68	33	0.00144	0.0034	1.784e+03	0.001	0.435	GO:0030518
313	20	11	0.0014	0.00419	1.449e+02	0.008	0.517	GO:0031122
314	120	59	0.00139	0.00418	5.471e+03	-0.004	0.452	GO:0030799
315	20	12	0.00137	0.00275	1.329e+02	0.095	0.485	GO:0070271
316	33	20	0.00135	0.0027	3.517e+02	0.024	0.546	GO:0032760
317	96	48	0.00134	0.00301	3.470e+03	0.01	0.402	GO:0031668
318	53	30	0.00132	0.00263	9.654e+02	0.031	0.466	GO:0048863
319	27	15	0.00131	0.00394	2.588e+02	0.064	0.42	GO:0044253
320	38	15	0.0013	0.00389	6.410e+02	-0.096	0.443	GO:0031532
321	24	18	0.00129	0.00388	1.299e+02	0.141	0.545	GO:0032735
322	20	10	0.00129	0.00356	1.559e+02	0.138	0.344	GO:0090559
323	29	19	0.00128	0.00385	2.458e+02	0.044	0.573	GO:0016331
324	51	26	0.00128	0.00384	9.743e+02	0.014	0.534	GO:0006942
325	112	55	0.00128	0.00384	4.773e+03	0.013	0.407	GO:0051495
326	36	21	0.00127	0.0038	4.355e+02	0.104	0.442	GO:0046850
327	22	7	0.00126	0.00379	2.457e+02	-0.178	0.321	GO:0046847
328	64	46	0.00126	0.00379	9.987e+02	0.205	0.459	GO:1900274
329	35	18	0.00124	0.00371	4.595e+02	-0.007	0.546	GO:0043044
330	136	68	0.00124	0.00371	6.939e+03	0.006	0.469	GO:0098655
331	88	41	0.00122	0.0031	3.058e+03	-0.06	0.461	GO:0042384
332	25	12	0.00121	0.00243	2.488e+02	-0.021	0.47	GO:0007622
333	53	24	0.0012	0.00359	1.139e+03	-0.065	0.439	GO:0042552
334	125	62	0.00117	0.00352	5.899e+03	-0.001	0.481	GO:0098660
335	22	13	0.00115	0.00319	1.629e+02	-0.052	0.633	GO:0043330
336	29	13	0.00113	0.0034	3.486e+02	-0.093	0.565	GO:0051402
337	31	14	0.00112	0.0028	3.955e+02	-0.136	0.505	GO:0042558
338	62	32	0.0011	0.00276	1.423e+03	0.022	0.473	GO:0002027
339	45	23	0.0011	0.00329	7.588e+02	0.014	0.504	GO:0046717
340	28	12	0.00107	0.00322	3.346e+02	-0.085	0.332	GO:0016925
341	77	40	0.00106	0.00318	2.179e+03	0.039	0.422	GO:0051099
342	22	13	0.00106	0.00317	1.629e+02	-0.123	0.664	GO:0010799
343	20	9	0.00105	0.00316	1.679e+02	-0.028	0.338	GO:0052652
344	24	10	0.00101	0.00304	2.518e+02	-0.092	0.46	GO:0055090
345	20	10	0.00101	0.00224	1.559e+02	-0.053	0.469	GO:2000677
346	48	23	0.001	0.00301	9.015e+02	-0.029	0.503	GO:0007338
347	21	14	0.001	0.00209	1.269e+02	0.182	0.413	GO:0060412
348	84	45	0.001	0.00244	2.529e+03	0.017	0.47	GO:0019083
349	193	99	0.001	0.00299	1.369e+04	0.014	0.446	GO:0071214
350	32	17	0.00098	0.00294	3.756e+02	-0.025	0.608	GO:0007528
351	86	41	0.00098	0.00294	2.878e+03	-0.023	0.45	GO:0071346
352	24	12	0.00098	0.00293	2.228e+02	0.011	0.421	GO:0006890
353	117	94	0.00098	0.00223	2.435e+03	0.289	0.464	GO:1901069
354	69	50	0.00097	0.0029	1.139e+03	0.22	0.403	GO:0042102
355	20	9	0.00096	0.00289	1.679e+02	-0.198	0.479	GO:0046461
356	24	14	0.00094	0.00282	1.959e+02	0.143	0.452	GO:0014031
357	20	10	0.00094	0.00241	1.559e+02	-0.031	0.38	GO:0046949
358	89	42	0.00094	0.00282	3.102e+03	-0.016	0.464	GO:0050680
359	62	34	0.00094	0.00281	1.356e+03	-0.006	0.508	GO:0035264
360	20	11	0.00093	0.0028	1.449e+02	0.133	0.477	GO:0030879
361	27	20	0.00092	0.00234	1.689e+02	0.214	0.438	GO:0034453
362	33	16	0.00092	0.00234	4.265e+02	-0.009	0.491	GO:0046471
363	28	15	0.00091	0.00219	2.867e+02	0.079	0.343	GO:0046579
364	22	12	0.00091	0.00272	1.759e+02	-0.003	0.465	GO:0008207
365	36	19	0.00091	0.00198	4.764e+02	0.05	0.427	GO:1901019
366	59	26	0.0009	0.00271	1.433e+03	-0.042	0.357	GO:0032273
367	40	22	0.00088	0.00265	5.673e+02	0.074	0.393	GO:0060401
368	30	15	0.00088	0.00264	3.456e+02	-0.058	0.537	GO:0046638
369	25	12	0.00087	0.00262	2.488e+02	-0.06	0.531	GO:0016575
370	36	16	0.00087	0.00184	5.363e+02	-0.114	0.448	GO:0006040
371	35	15	0.00084	0.00169	5.193e+02	-0.15	0.492	GO:0017144
372	29	23	0.00084	0.00253	1.599e+02	0.242	0.536	GO:0071622
373	22	14	0.00084	0.00168	1.489e+02	0.153	0.441	GO:0021915
374	23	11	0.00083	0.0025	2.118e+02	-0.021	0.449	GO:0048512
375	22	9	0.00083	0.00215	2.148e+02	-0.045	0.279	GO:0035924
376	29	15	0.00082	0.00246	3.157e+02	-0.009	0.561	GO:0000737
377	47	24	0.00082	0.00245	8.277e+02	0.033	0.375	GO:0032231
378	35	24	0.00081	0.00163	3.307e+02	0.143	0.457	GO:0048286
379	40	18	0.00081	0.00165	6.550e+02	-0.037	0.419	GO:0007159
380	40	27	0.0008	0.00235	4.426e+02	0.067	0.582	GO:0001657
381	69	46	0.0008	0.00239	1.333e+03	0.14	0.475	GO:0002250
382	26	11	0.00079	0.0017	2.917e+02	-0.061	0.449	GO:0002088
383	143	78	0.00079	0.00236	7.184e+03	0.065	0.447	GO:0045637
384	34	19	0.00078	0.00205	4.056e+02	0.059	0.404	GO:0015909
385	28	12	0.00078	0.00234	3.346e+02	-0.049	0.36	GO:0030032
386	36	20	0.00078	0.00162	4.565e+02	0.049	0.504	GO:0048538
387	29	12	0.00076	0.00227	3.666e+02	-0.042	0.341	GO:0015988
388	25	14	0.00076	0.00227	2.208e+02	0.036	0.479	GO:0060998
389	20	9	0.00075	0.00226	1.679e+02	-0.04	0.439	GO:0031497
390	41	22	0.00075	0.00226	6.082e+02	-0.01	0.497	GO:0046637
391	69	34	0.00074	0.0015	1.818e+03	-0.066	0.466	GO:0051591
392	25	10	0.00073	0.0022	2.797e+02	-0.122	0.417	GO:0036151
393	51	29	0.0007	0.00209	8.906e+02	0.023	0.472	GO:0032945
394	190	94	0.00069	0.00206	1.360e+04	-0.021	0.467	GO:0090150
395	25	11	0.00068	0.00204	2.637e+02	-0.072	0.38	GO:0000038
396	31	21	0.00068	0.00204	2.658e+02	0.221	0.405	GO:0030279
397	35	14	0.00067	0.00136	5.412e+02	-0.045	0.31	GO:0048871
398	35	25	0.00066	0.00197	3.058e+02	0.226	0.416	GO:0030890
399	187	99	0.00065	0.00196	1.255e+04	0.023	0.465	GO:1902105
400	24	15	0.00064	0.00192	1.809e+02	0.174	0.394	GO:0070098
401	100	75	0.00064	0.00131	2.197e+03	0.26	0.395	GO:0050671
402	51	27	0.00063	0.0019	9.474e+02	0.025	0.482	GO:0006970
403	44	26	0.00063	0.0019	6.392e+02	0.073	0.46	GO:0046635
404	22	10	0.00063	0.0019	2.008e+02	-0.098	0.414	GO:0048873
405	66	27	0.00063	0.0019	1.871e+03	-0.107	0.402	GO:0051291
406	25	11	0.00062	0.00186	2.637e+02	-0.056	0.395	GO:0001958
407	56	32	0.00062	0.00186	1.067e+03	0.097	0.4	GO:0046651
408	50	22	0.0006	0.0018	1.033e+03	-0.092	0.479	GO:0042398
409	34	18	0.00059	0.00176	4.245e+02	-0.085	0.528	GO:2000379
410	23	13	0.00058	0.00175	1.859e+02	0.209	0.238	GO:0043534
411	37	19	0.00058	0.00174	5.134e+02	0.057	0.445	GO:0007044
412	32	13	0.00056	0.00168	4.494e+02	-0.083	0.445	GO:0032371
413	58	33	0.00054	0.00163	1.149e+03	0.05	0.48	GO:0001816
414	25	11	0.00054	0.00163	2.637e+02	-0.174	0.543	GO:0006760
415	20	13	0.00054	0.00162	1.199e+02	0.193	0.499	GO:0019724
416	22	13	0.00054	0.00162	1.629e+02	0.03	0.52	GO:0030511
417	122	63	0.00054	0.00162	5.466e+03	-0.015	0.498	GO:0043241
418	47	25	0.00054	0.00162	8.028e+02	-0.041	0.572	GO:0050810
419	20	9	0.00054	0.00137	1.679e+02	0.004	0.343	GO:0051412
420	23	11	0.00054	0.00162	2.118e+02	0.032	0.413	GO:0090207
421	34	17	0.00054	0.00162	4.425e+02	-0.004	0.526	GO:1901028
422	83	33	0.00053	0.00158	2.997e+03	-0.064	0.453	GO:0031124
423	36	22	0.00052	0.00157	4.136e+02	0.085	0.542	GO:0042312
424	26	11	0.00052	0.00157	2.917e+02	-0.099	0.48	GO:0070979
425	163	81	0.00049	0.00148	9.992e+03	-0.009	0.489	GO:0006869
426	114	60	0.00049	0.00148	4.709e+03	0.015	0.476	GO:0031331
427	22	11	0.00048	0.00145	1.879e+02	-0.117	0.655	GO:0045879
428	70	42	0.00048	0.00145	1.580e+03	0.085	0.484	GO:0046425
429	36	21	0.00048	0.00144	4.355e+02	0.059	0.52	GO:0032330
430	22	9	0.00048	0.00143	2.148e+02	-0.086	0.436	GO:0032201
431	28	11	0.00048	0.00143	3.526e+02	-0.091	0.44	GO:0032845
432	21	7	0.00044	0.00132	2.198e+02	-0.145	0.497	GO:0009060
433	32	18	0.00043	0.0013	3.576e+02	0.002	0.553	GO:0045599
434	23	14	0.00043	0.00097	1.719e+02	0.063	0.483	GO:0048713
435	22	11	0.00042	0.00125	1.879e+02	-0.148	0.618	GO:0001961
436	21	12	0.00042	0.00125	1.539e+02	0.036	0.478	GO:0032673
437	20	8	0.00042	0.00125	1.808e+02	-0.177	0.403	GO:0042744
438	72	37	0.00042	0.00125	1.921e+03	-0.074	0.55	GO:0050905
439	35	17	0.00041	0.00122	4.784e+02	-0.108	0.488	GO:0043094
440	95	53	0.00041	0.00092	3.121e+03	0.029	0.484	GO:0051250
441	39	18	0.0004	0.00121	6.131e+02	-0.079	0.553	GO:0008088
442	20	13	0.0004	0.0012	1.199e+02	0.161	0.483	GO:0090342
443	42	23	0.0004	0.00119	6.272e+02	0.001	0.48	GO:0010332
444	26	10	0.0004	0.00083	3.087e+02	-0.1	0.368	GO:1900077
445	20	10	0.00039	0.00118	1.559e+02	0.009	0.362	GO:0008210
446	21	13	0.00039	0.00079	1.409e+02	0.079	0.491	GO:0031670
447	26	11	0.00038	0.00106	2.917e+02	-0.107	0.397	GO:0021955
448	162	91	0.00038	0.00114	8.974e+03	0.078	0.431	GO:0008543
449	27	13	0.00038	0.00114	2.887e+02	0.041	0.487	GO:0048738
450	22	10	0.00037	0.00112	2.008e+02	-0.067	0.509	GO:0014065
451	23	10	0.00037	0.00112	2.258e+02	-0.056	0.41	GO:0034367
452	32	13	0.00036	0.00109	4.494e+02	-0.103	0.407	GO:0006312
453	33	22	0.00036	0.00108	3.087e+02	0.191	0.412	GO:0042992
454	33	17	0.00036	0.00107	4.085e+02	0.02	0.437	GO:0009409
455	20	11	0.00034	0.00092	1.449e+02	0.097	0.501	GO:0046854
456	25	10	0.00034	0.00103	2.797e+02	-0.091	0.454	GO:0061077
457	37	16	0.00034	0.00102	5.762e+02	-0.028	0.357	GO:0001944
458	36	13	0.00034	0.00102	6.050e+02	-0.151	0.479	GO:0045333
459	84	36	0.00034	0.00101	2.938e+03	-0.084	0.441	GO:0006690
460	23	10	0.00033	0.00098	2.258e+02	0.037	0.445	GO:0032369
461	26	13	0.00033	0.00098	2.608e+02	-0.009	0.476	GO:0061178
462	33	19	0.00032	0.00096	3.716e+02	0.055	0.413	GO:0007131
463	20	12	0.00031	0.00094	1.329e+02	0.008	0.624	GO:0045939
464	21	8	0.00031	0.00092	2.048e+02	-0.269	0.536	GO:0014003
465	31	14	0.00031	0.00076	3.955e+02	-0.086	0.405	GO:0015682
466	35	20	0.00031	0.00092	4.205e+02	0.073	0.529	GO:0030800
467	30	15	0.00031	0.00092	3.456e+02	0.079	0.328	GO:0048260
468	22	16	0.0003	0.00091	1.179e+02	0.298	0.469	GO:0033032
469	24	9	0.0003	0.00089	2.677e+02	-0.106	0.451	GO:0018904
470	58	27	0.00028	0.00085	1.337e+03	0.03	0.412	GO:0010955
471	29	11	0.00028	0.00066	3.855e+02	-0.128	0.448	GO:0007157
472	27	9	0.00028	0.00083	3.585e+02	-0.192	0.401	GO:0030449
473	31	9	0.00027	0.0008	5.002e+02	-0.218	0.311	GO:0033014
474	23	13	0.00027	0.0008	1.859e+02	0.097	0.402	GO:0042346
475	21	10	0.00025	0.00076	1.779e+02	-0.046	0.531	GO:0045823
476	28	13	0.00025	0.00074	3.177e+02	-0.063	0.489	GO:0043388
477	79	36	0.00025	0.00074	2.504e+03	-0.059	0.449	GO:0044243
478	45	28	0.00024	0.00051	6.292e+02	0.061	0.562	GO:0001837
479	21	12	0.00024	0.00072	1.539e+02	-0.043	0.621	GO:0021522
480	26	12	0.00024	0.00071	2.757e+02	-0.046	0.526	GO:0032873
481	28	11	0.00024	0.00071	3.526e+02	-0.153	0.476	GO:0060674
482	63	30	0.00024	0.00067	1.553e+03	-0.005	0.466	GO:0006941
483	24	11	0.00023	0.0007	2.368e+02	0.029	0.417	GO:0043500
484	41	21	0.00023	0.0007	6.301e+02	-0.019	0.506	GO:0048168
485	77	36	0.00022	0.00067	2.341e+03	-0.101	0.57	GO:0010970
486	27	10	0.00022	0.00066	3.396e+02	-0.069	0.362	GO:0008625
487	86	42	0.00022	0.00066	2.833e+03	-0.011	0.451	GO:0045995
488	26	17	0.00022	0.00065	1.989e+02	0.151	0.529	GO:0050869
489	22	8	0.00021	0.00064	2.298e+02	-0.114	0.505	GO:0030201
490	24	13	0.00021	0.00064	2.098e+02	0.092	0.402	GO:0032228
491	22	13	0.00021	0.00064	1.629e+02	0.117	0.389	GO:1901532
492	21	13	0.00021	0.00062	1.409e+02	0.098	0.539	GO:0050820
493	27	14	0.0002	0.0006	2.737e+02	0.03	0.391	GO:0090329
494	26	15	0.00019	0.00058	2.318e+02	-0.018	0.572	GO:0043502
495	120	63	0.00019	0.00056	5.225e+03	-0.013	0.463	GO:0050866
496	37	17	0.00018	0.00039	5.542e+02	-0.078	0.475	GO:0071230
497	40	18	0.00018	0.00055	6.550e+02	-0.066	0.478	GO:1900076
498	87	46	0.00018	0.00055	2.740e+03	0.022	0.521	GO:1903362
499	46	25	0.00018	0.00053	7.559e+02	0.061	0.419	GO:1902600
500	60	33	0.00017	0.0005	1.268e+03	-0.001	0.522	GO:0030183
501	21	15	0.00017	0.0005	1.119e+02	0.209	0.524	GO:0042107
502	52	43	0.00016	0.00049	4.327e+02	0.315	0.474	GO:0002690
503	113	53	0.00016	0.00048	5.007e+03	-0.042	0.477	GO:0010212
504	21	8	0.00016	0.00047	2.048e+02	-0.102	0.497	GO:0046466
505	34	21	0.00016	0.00047	3.647e+02	0.056	0.574	GO:0051055
506	85	40	0.00015	0.00046	2.836e+03	-0.045	0.476	GO:0007160
507	106	74	0.00015	0.00044	2.890e+03	0.178	0.432	GO:0042129
508	23	12	0.00015	0.00044	1.988e+02	0.014	0.463	GO:0042755
509	20	7	0.00014	0.00043	1.948e+02	-0.178	0.605	GO:0003341
510	30	13	0.00014	0.00043	3.805e+02	-0.05	0.464	GO:0018410
511	26	10	0.00013	0.0004	3.087e+02	-0.124	0.432	GO:0046132
512	30	18	0.00013	0.00038	2.947e+02	0.084	0.549	GO:0030818
513	116	52	0.00012	0.00037	5.428e+03	-0.072	0.521	GO:0006334
514	55	31	0.00012	0.00037	1.043e+03	0.036	0.479	GO:0030216
515	31	13	0.00012	0.00037	4.145e+02	-0.059	0.392	GO:0097581
516	46	30	0.00012	0.00026	6.163e+02	0.135	0.49	GO:0042531
517	57	41	0.00012	0.00036	7.921e+02	0.212	0.459	GO:0007202
518	20	13	0.00012	0.00036	1.199e+02	0.128	0.388	GO:0046640
519	20	7	0.00012	0.00035	1.948e+02	-0.182	0.522	GO:0030902
520	40	25	0.00012	0.00035	4.955e+02	0.146	0.415	GO:0042345
521	21	16	0.00012	0.00035	9.596e+01	0.367	0.342	GO:0051220
522	50	26	0.00012	0.00035	9.235e+02	0.043	0.385	GO:2000177
523	43	21	0.00011	0.00034	7.159e+02	-0.08	0.549	GO:0048839
524	23	10	0.00011	0.00032	2.258e+02	-0.067	0.48	GO:1900449
525	31	20	0.0001	0.00031	2.868e+02	0.039	0.544	GO:0021675
526	32	13	0.0001	0.00031	4.494e+02	-0.006	0.42	GO:0070830
527	29	9	0.0001	0.0003	4.264e+02	-0.101	0.349	GO:0019370
528	31	21	0.0001	0.0003	2.658e+02	0.078	0.508	GO:0035094
529	20	6	9e-05	0.00028	2.098e+02	-0.318	0.562	GO:0007140
530	107	50	9e-05	0.00028	4.503e+03	-0.079	0.508	GO:0008652
531	32	22	9e-05	0.00028	2.758e+02	0.258	0.361	GO:0048521
532	22	14	9e-05	0.00026	1.489e+02	0.149	0.42	GO:0061005
533	107	59	8e-05	0.00025	3.996e+03	0.039	0.524	GO:0006937
534	45	27	8e-05	0.00023	6.572e+02	0.104	0.469	GO:0007193
535	54	26	8e-05	0.00023	1.135e+03	0.002	0.456	GO:0033138
536	42	19	8e-05	0.00023	7.189e+02	-0.016	0.403	GO:2001257
537	43	20	6e-05	0.00019	7.398e+02	-0.074	0.459	GO:0046460
538	31	15	6e-05	0.00014	3.776e+02	0.011	0.388	GO:0071825
539	103	51	6e-05	0.00018	4.018e+03	-0.007	0.458	GO:0006414
540	41	23	6e-05	0.00018	5.853e+02	0.073	0.473	GO:0043488
541	29	15	6e-05	0.00018	3.157e+02	0.001	0.522	GO:0044275
542	40	24	5e-05	0.00014	5.204e+02	0.107	0.459	GO:0035137
543	27	11	4e-05	0.00013	3.216e+02	-0.089	0.452	GO:0019935
544	21	12	4e-05	0.00013	1.539e+02	0.038	0.511	GO:0043029
545	111	57	4e-05	0.00012	4.547e+03	-0.017	0.48	GO:0045787
546	26	11	4e-05	0.00011	2.917e+02	-0.077	0.458	GO:0000722
547	25	11	4e-05	0.00011	2.637e+02	-0.008	0.244	GO:0001659
548	40	23	4e-05	0.00011	5.443e+02	0.024	0.536	GO:0050772
549	23	9	2e-05	7e-05	2.408e+02	-0.067	0.459	GO:1901661
550	101	76	2e-05	6e-05	2.222e+03	0.264	0.394	GO:0032946
551	25	18	2e-05	5e-05	1.549e+02	0.235	0.396	GO:0046006
552	20	10	2e-05	5e-05	1.559e+02	-0.144	0.665	GO:0048477
553	22	12	1e-05	4e-05	1.759e+02	0.029	0.484	GO:0000819
554	60	34	1e-05	4e-05	1.234e+03	-0.012	0.532	GO:0002443
555	26	12	1e-05	2e-05	2.757e+02	-0.058	0.494	GO:0044060
556	22	12	0.0	1e-05	1.759e+02	-0.053	0.494	GO:0001909
557	111	58	0.0	1e-05	4.490e+03	-0.016	0.479	GO:0002695
558	33	19	0.0	1e-05	3.716e+02	0.065	0.533	GO:0030809
559	32	23	0.0	1e-05	2.528e+02	0.125	0.528	GO:0032722
560	22	12	0.0	1e-05	1.759e+02	0.084	0.341	GO:0034105