Order	#(Annotations)	#(Annotations of perturbed genes)	Mean Posterior Probability	Standard Deviation Posterior Probability	p-value	Average Expression Level	Average position perturbed genes	Term Name
1	34	17	0.44509	0.28098	4.426e+02	0.635	0.327	GO:0000271
2	25	14	0.42906	0.25306	2.209e+02	0.64	0.343	GO:0071353
3	28	16	0.37479	0.24561	2.708e+02	0.631	0.376	GO:0070670
4	26	14	0.34126	0.19342	2.468e+02	0.674	0.385	GO:2000243
5	23	13	0.28365	0.21562	1.859e+02	0.627	0.423	GO:0032892
6	26	13	0.16953	0.11373	2.608e+02	0.608	0.303	GO:0002286
7	33	16	0.1486	0.11942	4.266e+02	0.629	0.315	GO:0033692
8	20	10	0.12223	0.09188	1.559e+02	0.672	0.318	GO:0045851
9	23	13	0.09416	0.0988	1.859e+02	0.588	0.467	GO:0007032
10	22	11	0.09142	0.09237	1.879e+02	0.653	0.287	GO:0010507
11	27	15	0.08139	0.09297	2.588e+02	0.621	0.504	GO:0021983
12	20	11	0.06226	0.0853	1.449e+02	0.679	0.361	GO:0006949
13	24	11	0.06079	0.06763	2.368e+02	0.592	0.273	GO:0014072
14	57	26	0.03408	0.03689	1.310e+03	0.566	0.383	GO:0045669
15	24	13	0.03325	0.07414	2.099e+02	0.669	0.464	GO:1901989
16	23	12	0.0274	0.03081	1.989e+02	0.638	0.371	GO:2000191
17	23	10	0.02553	0.0389	2.258e+02	0.575	0.294	GO:0043278
18	24	11	0.02542	0.05132	2.368e+02	0.596	0.344	GO:0030857
19	21	11	0.02354	0.02264	1.659e+02	0.613	0.375	GO:0046329
20	62	28	0.02276	0.04548	1.557e+03	0.597	0.352	GO:0031330
21	46	23	0.01978	0.02205	8.049e+02	0.575	0.446	GO:0007588
22	26	11	0.01871	0.01964	2.917e+02	0.597	0.242	GO:0032350
23	24	11	0.01444	0.02394	2.368e+02	0.625	0.31	GO:0003179
24	23	12	0.01394	0.02067	1.989e+02	0.661	0.463	GO:1901992
25	22	12	0.01202	0.01264	1.759e+02	0.612	0.452	GO:0090200
26	37	16	0.01125	0.01449	5.763e+02	0.549	0.35	GO:0071230
27	31	13	0.00961	0.02034	4.146e+02	0.625	0.287	GO:0030318
28	26	12	0.00851	0.0188	2.758e+02	0.589	0.354	GO:0032873
29	22	10	0.00824	0.0165	2.009e+02	0.615	0.378	GO:0048762
30	43	18	0.00814	0.02197	7.909e+02	0.594	0.326	GO:0070988
31	23	12	0.00729	0.00945	1.989e+02	0.581	0.46	GO:0010677
32	21	10	0.0071	0.00764	1.779e+02	0.591	0.353	GO:0006482
33	30	12	0.00686	0.01279	3.996e+02	0.547	0.264	GO:0050433
34	28	11	0.00676	0.01921	3.527e+02	0.565	0.258	GO:0043370
35	24	11	0.00629	0.01394	2.368e+02	0.591	0.384	GO:0003279
36	22	12	0.00604	0.0105	1.759e+02	0.571	0.604	GO:0010880
37	20	10	0.00584	0.01157	1.559e+02	0.58	0.373	GO:0045648
38	20	9	0.00481	0.00733	1.679e+02	0.583	0.368	GO:0051954
39	26	12	0.00403	0.01208	2.758e+02	0.592	0.419	GO:0018022
40	40	18	0.004	0.00881	6.552e+02	0.604	0.38	GO:0032890
41	22	8	0.00387	0.00793	2.298e+02	0.561	0.242	GO:0045622
42	28	13	0.00339	0.00933	3.177e+02	0.614	0.437	GO:0031069
43	42	18	0.00328	0.0078	7.440e+02	0.604	0.366	GO:0006081
44	22	11	0.0032	0.00523	1.879e+02	0.664	0.419	GO:0034105
45	25	12	0.00316	0.0053	2.488e+02	0.644	0.425	GO:0070534
46	22	10	0.0029	0.00594	2.009e+02	0.624	0.416	GO:0006509
47	54	25	0.00287	0.0052	1.165e+03	0.587	0.427	GO:0002285
48	22	9	0.00272	0.00758	2.148e+02	0.58	0.443	GO:0000819
49	35	15	0.00245	0.00385	5.194e+02	0.562	0.358	GO:0043094
50	31	14	0.00224	0.00552	3.956e+02	0.613	0.397	GO:0045600
51	37	17	0.00222	0.00326	5.544e+02	0.575	0.468	GO:1901264
52	30	16	0.00207	0.00314	3.297e+02	0.624	0.476	GO:0060135
53	27	13	0.00205	0.00557	2.888e+02	0.641	0.514	GO:0030449
54	42	17	0.00179	0.00439	7.699e+02	0.566	0.386	GO:0001658
55	21	9	0.00169	0.00508	1.909e+02	0.578	0.437	GO:0010165
56	24	10	0.00158	0.00454	2.518e+02	0.591	0.331	GO:0035162
57	22	11	0.00142	0.00313	1.879e+02	0.575	0.462	GO:0045909
58	29	11	0.0014	0.00419	3.856e+02	0.614	0.319	GO:0051453
59	24	13	0.00118	0.00239	2.099e+02	0.566	0.563	GO:0000045
60	50	23	0.00115	0.00346	1.004e+03	0.584	0.474	GO:0008630
61	25	10	0.00113	0.00321	2.798e+02	0.537	0.318	GO:0001958
62	24	9	0.00103	0.00308	2.678e+02	0.568	0.39	GO:0014031
63	22	9	0.00096	0.002	2.148e+02	0.591	0.324	GO:0032862
64	26	11	0.00095	0.0019	2.917e+02	0.593	0.381	GO:0048013
65	47	20	0.00095	0.00269	9.336e+02	0.556	0.411	GO:0001776
66	32	13	0.00092	0.00253	4.495e+02	0.62	0.287	GO:0050931
67	23	10	0.00091	0.00209	2.258e+02	0.584	0.471	GO:0045581
68	22	9	0.00088	0.00263	2.148e+02	0.538	0.415	GO:0042417
69	54	22	0.00084	0.00195	1.261e+03	0.576	0.33	GO:0001649
70	20	6	0.00082	0.00178	2.098e+02	0.544	0.384	GO:0002825
71	23	11	0.00078	0.00109	2.118e+02	0.552	0.511	GO:0036152
72	25	12	0.00075	0.00222	2.488e+02	0.572	0.53	GO:0060998
73	25	11	0.00074	0.00222	2.638e+02	0.536	0.511	GO:0036151
74	22	10	0.00064	0.00192	2.009e+02	0.57	0.473	GO:0061005
75	35	12	0.00059	0.00176	5.882e+02	0.572	0.354	GO:0048871
76	53	24	0.00056	0.00169	1.139e+03	0.586	0.487	GO:0050807
77	20	10	0.00056	0.00099	1.559e+02	0.594	0.482	GO:0060349
78	24	10	0.00056	0.00153	2.518e+02	0.594	0.462	GO:0032814
79	35	15	0.00048	0.00099	5.194e+02	0.518	0.412	GO:0071377
80	26	12	0.00045	0.00134	2.758e+02	0.641	0.475	GO:0048662
81	24	11	0.00043	0.0013	2.368e+02	0.568	0.58	GO:0010712
82	24	9	0.00042	0.00126	2.678e+02	0.535	0.479	GO:0032228
83	33	16	0.00042	0.00126	4.266e+02	0.565	0.499	GO:0046471
84	56	24	0.00041	0.00124	1.315e+03	0.602	0.402	GO:0045582
85	66	29	0.00041	0.00122	1.793e+03	0.592	0.419	GO:0010506
86	62	26	0.00041	0.00087	1.630e+03	0.564	0.464	GO:0016579
87	33	15	0.00038	0.00114	4.455e+02	0.556	0.414	GO:0090199
88	22	10	0.00036	0.00079	2.009e+02	0.534	0.491	GO:0030325
89	39	14	0.00035	0.00106	7.110e+02	0.568	0.382	GO:0038032
90	31	16	0.00035	0.00071	3.607e+02	0.614	0.528	GO:0070192
91	58	28	0.00034	0.00103	1.306e+03	0.618	0.495	GO:0010955
92	31	13	0.00034	0.00102	4.146e+02	0.559	0.48	GO:0030501
93	30	11	0.00034	0.00102	4.195e+02	0.546	0.258	GO:2000514
94	23	8	0.00033	0.00098	2.568e+02	0.563	0.371	GO:0002828
95	23	10	0.00032	0.00095	2.258e+02	0.572	0.446	GO:0008299
96	60	25	0.00032	0.00082	1.533e+03	0.582	0.42	GO:0002673
97	41	17	0.00032	0.00068	7.240e+02	0.578	0.336	GO:0046637
98	34	14	0.0003	0.00091	5.024e+02	0.563	0.386	GO:0045646
99	26	11	0.00027	0.00055	2.917e+02	0.553	0.553	GO:0050710
100	31	11	0.00025	0.00076	4.555e+02	0.592	0.319	GO:0030641
101	32	15	0.00024	0.00071	4.106e+02	0.57	0.514	GO:0033628
102	31	12	0.00023	0.0007	4.345e+02	0.525	0.352	GO:0006206
103	26	11	0.00023	0.0007	2.917e+02	0.587	0.381	GO:0042133
104	42	17	0.00023	0.00068	7.699e+02	0.598	0.332	GO:0034637
105	21	8	0.00023	0.00059	2.048e+02	0.5	0.419	GO:0046834
106	45	20	0.00022	0.00065	8.338e+02	0.583	0.513	GO:0007416
107	21	9	0.00022	0.00065	1.909e+02	0.627	0.408	GO:0072009
108	32	13	0.00021	0.00062	4.495e+02	0.55	0.439	GO:0045620
109	23	8	0.0002	0.0006	2.568e+02	0.512	0.475	GO:0002026
110	37	14	0.0002	0.00059	6.232e+02	0.546	0.395	GO:0006305
111	28	13	0.00019	0.0004	3.177e+02	0.6	0.484	GO:2001238
112	20	8	0.00018	0.00055	1.809e+02	0.608	0.45	GO:2000108
113	25	11	0.00017	0.00052	2.638e+02	0.547	0.576	GO:0042311
114	30	13	0.00017	0.0005	3.806e+02	0.59	0.394	GO:0046638
115	44	19	0.00016	0.00048	8.119e+02	0.584	0.441	GO:0046635
116	30	14	0.00016	0.00043	3.627e+02	0.609	0.542	GO:0050766
117	39	15	0.00016	0.00047	6.851e+02	0.544	0.438	GO:0002260
118	24	9	0.00015	0.00046	2.678e+02	0.521	0.421	GO:0043500
119	28	11	0.00015	0.00044	3.527e+02	0.576	0.337	GO:0046326
120	32	13	0.00014	0.00043	4.495e+02	0.548	0.326	GO:0048706
121	66	28	0.00013	0.0004	1.832e+03	0.582	0.435	GO:0006304
122	28	8	0.00013	0.0004	4.125e+02	0.533	0.253	GO:0016574
123	22	8	0.00012	0.00037	2.298e+02	0.544	0.49	GO:0018200
124	21	9	0.00012	0.00036	1.909e+02	0.571	0.613	GO:0043300
125	24	12	0.00012	0.00036	2.228e+02	0.587	0.627	GO:0060334
126	22	9	0.00012	0.00036	2.148e+02	0.562	0.291	GO:1901532
127	20	8	0.0001	0.0003	1.809e+02	0.581	0.547	GO:0046640
128	31	14	9e-05	0.00028	3.956e+02	0.559	0.581	GO:0006654
129	30	10	8e-05	0.00025	4.405e+02	0.536	0.314	GO:0032856
130	21	9	8e-05	0.00025	1.909e+02	0.566	0.46	GO:0050820
131	35	13	8e-05	0.00024	5.643e+02	0.534	0.336	GO:0002762
132	20	9	8e-05	0.00024	1.679e+02	0.501	0.534	GO:0031102
133	34	13	8e-05	0.00023	5.244e+02	0.543	0.453	GO:0045840
134	25	10	7e-05	0.0002	2.798e+02	0.565	0.488	GO:0001937
135	32	13	6e-05	0.00019	4.495e+02	0.551	0.427	GO:0007094
136	56	21	6e-05	0.00018	1.419e+03	0.526	0.403	GO:0016571
137	21	9	6e-05	0.00018	1.909e+02	0.613	0.482	GO:0046173
138	29	12	6e-05	0.00017	3.666e+02	0.544	0.477	GO:0016331
139	20	9	5e-05	0.00016	1.679e+02	0.579	0.49	GO:0021795
140	20	9	5e-05	0.00016	1.679e+02	0.569	0.631	GO:0060291
141	32	10	5e-05	0.00016	5.153e+02	0.561	0.402	GO:0070830
142	20	6	5e-05	0.00014	2.098e+02	0.623	0.355	GO:0097035
143	29	10	4e-05	0.00013	4.056e+02	0.579	0.474	GO:0006476
144	22	8	4e-05	0.00011	2.298e+02	0.471	0.406	GO:0030511
145	30	14	4e-05	0.00011	3.627e+02	0.559	0.446	GO:0048265
146	36	15	3e-05	0.0001	5.583e+02	0.561	0.453	GO:0042312
147	27	9	3e-05	0.0001	3.586e+02	0.534	0.396	GO:0042517
148	30	11	3e-05	0.0001	4.195e+02	0.547	0.466	GO:0048864
149	23	11	3e-05	8e-05	2.118e+02	0.613	0.504	GO:0006270
150	21	7	3e-05	8e-05	2.198e+02	0.445	0.455	GO:0045616
151	20	6	2e-05	7e-05	2.098e+02	0.534	0.263	GO:0046461
152	20	7	2e-05	7e-05	1.948e+02	0.475	0.459	GO:0070271
153	26	12	2e-05	6e-05	2.758e+02	0.592	0.532	GO:0021955
154	21	7	2e-05	6e-05	2.198e+02	0.605	0.431	GO:0042107
155	23	9	2e-05	6e-05	2.408e+02	0.555	0.351	GO:1901661
156	22	8	2e-05	5e-05	2.298e+02	0.556	0.588	GO:0030201
157	42	20	2e-05	5e-05	6.951e+02	0.598	0.467	GO:0045861
158	23	11	1e-05	4e-05	2.118e+02	0.604	0.414	GO:0032369
159	39	15	1e-05	2e-05	6.851e+02	0.547	0.428	GO:0042147
160	100	42	1e-05	2e-05	4.207e+03	0.551	0.405	GO:0045667
161	31	11	1e-05	2e-05	4.555e+02	0.518	0.299	GO:0072529
162	31	13	0.0	1e-05	4.146e+02	0.558	0.496	GO:0051966
