Order	#(Annotations)	#(Annotations of perturbed genes)	Mean Posterior Probability	Standard Deviation Posterior Probability	p-value	Average Expression Level	Average position perturbed genes	Term Name
1	26	17	0.07514	0.09134	1.989e+02	0.625	0.554	GO:0097028
2	90	47	0.05833	0.08937	2.960e+03	0.589	0.452	GO:0070374
3	23	15	0.0385	0.05155	1.569e+02	0.614	0.671	GO:0045214
4	20	13	0.03082	0.02673	1.199e+02	0.678	0.335	GO:0048546
5	43	24	0.02645	0.02649	6.462e+02	0.601	0.505	GO:0046460
6	20	13	0.02009	0.02178	1.199e+02	0.645	0.593	GO:0046949
7	22	14	0.01981	0.03481	1.489e+02	0.653	0.604	GO:0035336
8	76	38	0.01562	0.03295	2.181e+03	0.576	0.521	GO:0002573
9	20	13	0.01319	0.01309	1.199e+02	0.692	0.415	GO:0008210
10	123	58	0.01318	0.01826	5.910e+03	0.557	0.454	GO:0070372
11	78	39	0.01291	0.02865	2.297e+03	0.571	0.495	GO:0007565
12	41	23	0.01091	0.01758	5.853e+02	0.604	0.526	GO:0019432
13	22	13	0.00996	0.01166	1.629e+02	0.649	0.483	GO:0048710
14	23	13	0.0078	0.0125	1.859e+02	0.616	0.598	GO:0019098
15	22	13	0.00775	0.01217	1.629e+02	0.615	0.598	GO:0044705
16	113	54	0.00727	0.00878	4.949e+03	0.556	0.542	GO:0044706
17	26	14	0.00587	0.00843	2.468e+02	0.574	0.527	GO:0045814
18	33	17	0.00567	0.00687	4.086e+02	0.598	0.553	GO:0032648
19	22	12	0.0054	0.00624	1.759e+02	0.57	0.616	GO:0060071
20	29	17	0.00524	0.00923	2.828e+02	0.628	0.549	GO:0035337
21	23	13	0.00499	0.00755	1.859e+02	0.64	0.465	GO:0030316
22	26	14	0.00498	0.00885	2.468e+02	0.592	0.58	GO:0070979
23	22	12	0.00479	0.00827	1.759e+02	0.556	0.667	GO:0033032
24	61	30	0.00478	0.00652	1.425e+03	0.571	0.564	GO:0051705
25	65	31	0.0045	0.00743	1.651e+03	0.576	0.483	GO:0034146
26	111	51	0.00386	0.00616	4.899e+03	0.566	0.503	GO:0008544
27	21	11	0.00381	0.00669	1.659e+02	0.542	0.725	GO:0072009
28	31	16	0.00376	0.00464	3.607e+02	0.569	0.499	GO:0045103
29	21	11	0.00336	0.00537	1.659e+02	0.584	0.483	GO:0031670
30	32	17	0.00335	0.00533	3.756e+02	0.598	0.54	GO:0031572
31	20	11	0.0033	0.0059	1.449e+02	0.642	0.41	GO:0000413
32	24	13	0.0033	0.00559	2.099e+02	0.615	0.404	GO:0035162
33	20	11	0.00304	0.00421	1.449e+02	0.607	0.483	GO:0031497
34	32	16	0.00301	0.00534	3.926e+02	0.602	0.439	GO:0045620
35	29	15	0.003	0.00419	3.157e+02	0.552	0.531	GO:0008361
36	24	13	0.00277	0.0045	2.099e+02	0.655	0.45	GO:0045687
37	35	17	0.00266	0.00203	4.785e+02	0.549	0.579	GO:0001942
38	22	11	0.00261	0.0039	1.879e+02	0.571	0.59	GO:0045879
39	30	15	0.00244	0.00471	3.457e+02	0.573	0.434	GO:0018208
40	23	13	0.00242	0.00352	1.859e+02	0.614	0.554	GO:0007032
41	21	11	0.00237	0.00305	1.659e+02	0.652	0.415	GO:0046135
42	20	10	0.00236	0.00259	1.559e+02	0.594	0.736	GO:0030149
43	38	19	0.00233	0.0044	5.514e+02	0.533	0.623	GO:0009311
44	112	51	0.00233	0.00385	5.015e+03	0.578	0.462	GO:0040029
45	41	20	0.00229	0.00426	6.522e+02	0.563	0.453	GO:0071347
46	22	12	0.00228	0.00641	1.759e+02	0.581	0.585	GO:0001909
47	100	45	0.00227	0.00279	4.033e+03	0.566	0.473	GO:0046165
48	22	11	0.0022	0.00202	1.879e+02	0.534	0.638	GO:0042490
49	25	13	0.00217	0.00528	2.348e+02	0.6	0.451	GO:0006656
50	26	14	0.00216	0.00264	2.468e+02	0.63	0.526	GO:0048701
51	36	18	0.00214	0.00363	4.955e+02	0.567	0.516	GO:0007339
52	34	18	0.00213	0.00268	4.246e+02	0.629	0.451	GO:0014015
53	44	21	0.00209	0.00305	7.609e+02	0.556	0.468	GO:0048844
54	20	10	0.00204	0.00248	1.559e+02	0.616	0.335	GO:0007031
55	61	28	0.00202	0.00343	1.492e+03	0.592	0.453	GO:0014013
56	133	61	0.002	0.00266	7.028e+03	0.546	0.545	GO:0044703
57	26	13	0.00199	0.00267	2.608e+02	0.546	0.593	GO:0035384
58	33	16	0.00199	0.00439	4.266e+02	0.568	0.542	GO:0002753
59	90	40	0.00197	0.00314	3.296e+03	0.538	0.538	GO:0006639
60	21	11	0.00196	0.00357	1.659e+02	0.639	0.431	GO:0060412
61	30	15	0.00194	0.00262	3.457e+02	0.56	0.499	GO:0045104
62	46	22	0.00194	0.00477	8.298e+02	0.563	0.507	GO:0035036
63	31	15	0.00193	0.00327	3.776e+02	0.606	0.418	GO:0072529
64	29	13	0.00174	0.00467	3.487e+02	0.567	0.469	GO:0050853
65	60	28	0.00172	0.00213	1.428e+03	0.578	0.482	GO:0002698
66	20	10	0.0017	0.00249	1.559e+02	0.599	0.451	GO:0042744
67	21	11	0.00167	0.00193	1.659e+02	0.608	0.511	GO:0071804
68	25	12	0.00161	0.00296	2.488e+02	0.591	0.467	GO:0061077
69	20	10	0.0016	0.00233	1.559e+02	0.586	0.559	GO:0001953
70	20	11	0.00155	0.0024	1.449e+02	0.654	0.345	GO:0045577
71	21	10	0.00153	0.00171	1.779e+02	0.531	0.537	GO:0009651
72	24	12	0.00152	0.00252	2.228e+02	0.6	0.503	GO:0001892
73	25	11	0.00149	0.00311	2.638e+02	0.561	0.4	GO:0060444
74	58	27	0.00149	0.00238	1.338e+03	0.568	0.474	GO:2000648
75	39	17	0.00148	0.00389	6.362e+02	0.583	0.373	GO:0060402
76	32	14	0.00146	0.00303	4.295e+02	0.54	0.509	GO:0032722
77	23	11	0.00144	0.00149	2.118e+02	0.553	0.422	GO:0000060
78	49	23	0.00143	0.00192	9.525e+02	0.535	0.436	GO:0008637
79	140	62	0.00141	0.00327	7.954e+03	0.547	0.54	GO:0030099
80	28	13	0.0014	0.00198	3.177e+02	0.581	0.471	GO:0070670
81	30	14	0.00137	0.00303	3.626e+02	0.596	0.374	GO:0032508
82	34	17	0.00135	0.0021	4.425e+02	0.566	0.644	GO:0035176
83	20	10	0.00135	0.00189	1.559e+02	0.575	0.495	GO:0046461
84	40	18	0.00133	0.00208	6.551e+02	0.539	0.448	GO:0001657
85	23	11	0.00132	0.00227	2.118e+02	0.569	0.586	GO:0032689
86	29	14	0.00132	0.00277	3.317e+02	0.581	0.448	GO:0042743
87	34	16	0.00129	0.00179	4.615e+02	0.584	0.448	GO:0035019
88	31	15	0.00129	0.00251	3.776e+02	0.62	0.391	GO:0000387
89	27	13	0.00129	0.00222	2.887e+02	0.552	0.587	GO:0032855
90	22	11	0.00128	0.00151	1.879e+02	0.558	0.576	GO:0061005
91	28	13	0.00127	0.00191	3.177e+02	0.596	0.428	GO:1903309
92	67	30	0.00124	0.00192	1.826e+03	0.543	0.473	GO:0001570
93	23	11	0.0012	0.00162	2.118e+02	0.57	0.504	GO:0006071
94	22	10	0.00119	0.00237	2.008e+02	0.599	0.408	GO:0008207
95	20	8	0.00119	0.00196	1.809e+02	0.587	0.356	GO:0003341
96	24	11	0.00118	0.00256	2.368e+02	0.578	0.45	GO:0035329
97	69	32	0.00118	0.00264	1.893e+03	0.547	0.424	GO:0048514
98	30	15	0.00116	0.00232	3.457e+02	0.559	0.51	GO:0008038
99	25	11	0.00114	0.00128	2.638e+02	0.568	0.379	GO:0042181
100	25	12	0.00112	0.00222	2.488e+02	0.557	0.636	GO:0030212
101	22	10	0.00112	0.00133	2.008e+02	0.501	0.56	GO:0051293
102	27	12	0.00108	0.0025	3.047e+02	0.518	0.403	GO:0006775
103	27	14	0.00107	0.00254	2.738e+02	0.583	0.483	GO:0070423
104	22	11	0.00107	0.0019	1.879e+02	0.558	0.618	GO:0090200
105	20	9	0.00105	0.00153	1.679e+02	0.587	0.548	GO:2000677
106	27	12	0.00103	0.00232	3.047e+02	0.601	0.364	GO:0048536
107	29	13	0.00102	0.00169	3.487e+02	0.563	0.616	GO:0001578
108	30	14	0.00102	0.00171	3.626e+02	0.549	0.486	GO:0048864
109	20	9	0.00101	0.00161	1.679e+02	0.583	0.541	GO:0021795
110	25	12	0.00101	0.00212	2.488e+02	0.561	0.619	GO:0048169
111	26	12	0.001	0.00192	2.758e+02	0.538	0.474	GO:0043124
112	21	10	0.001	0.00161	1.779e+02	0.544	0.592	GO:0006342
113	25	12	0.00095	0.0017	2.488e+02	0.59	0.502	GO:0045058
114	22	11	0.00093	0.00197	1.879e+02	0.575	0.505	GO:1902229
115	79	33	0.00093	0.00195	2.642e+03	0.538	0.473	GO:0042439
116	45	20	0.00092	0.00178	8.338e+02	0.581	0.447	GO:0006120
117	63	28	0.00091	0.00108	1.624e+03	0.52	0.564	GO:0072073
118	29	13	0.0009	0.00121	3.487e+02	0.541	0.413	GO:0048278
119	22	9	0.0009	0.0014	2.148e+02	0.497	0.602	GO:0044089
120	23	11	0.00089	0.00123	2.118e+02	0.59	0.456	GO:0006692
121	27	12	0.00089	0.00197	3.047e+02	0.531	0.533	GO:0090398
122	34	15	0.00087	0.00133	4.814e+02	0.525	0.465	GO:1901983
123	33	15	0.00086	0.00105	4.455e+02	0.537	0.465	GO:2000756
124	25	12	0.00086	0.00131	2.488e+02	0.539	0.573	GO:0010907
125	21	10	0.00086	0.00177	1.779e+02	0.565	0.6	GO:0019915
126	29	13	0.00085	0.00128	3.487e+02	0.578	0.557	GO:0045777
127	22	11	0.00084	0.00156	1.879e+02	0.579	0.544	GO:0018200
128	32	14	0.00082	0.00171	4.295e+02	0.585	0.374	GO:0032392
129	20	8	0.00082	0.00195	1.809e+02	0.546	0.504	GO:0032413
130	36	17	0.00082	0.001	5.154e+02	0.595	0.555	GO:0006040
131	24	12	0.0008	0.00124	2.228e+02	0.591	0.466	GO:0007616
132	39	17	0.0008	0.00173	6.362e+02	0.543	0.522	GO:0007041
133	39	18	0.0008	0.00128	6.132e+02	0.563	0.544	GO:0001906
134	59	27	0.00079	0.00189	1.399e+03	0.543	0.631	GO:0006687
135	34	16	0.00079	0.00072	4.615e+02	0.59	0.511	GO:2001021
136	21	10	0.00079	0.0012	1.779e+02	0.581	0.736	GO:0046466
137	33	15	0.00078	0.00111	4.455e+02	0.533	0.542	GO:0046471
138	71	32	0.00078	0.00164	2.040e+03	0.558	0.461	GO:0038123
139	52	23	0.00077	0.00172	1.113e+03	0.551	0.43	GO:0055008
140	27	13	0.00077	0.00124	2.887e+02	0.643	0.442	GO:0034453
141	37	16	0.00075	0.00109	5.763e+02	0.505	0.485	GO:0001656
142	26	11	0.00075	0.00115	2.917e+02	0.547	0.475	GO:0033209
143	45	21	0.00074	0.00118	8.078e+02	0.602	0.485	GO:0045685
144	24	11	0.00074	0.00119	2.368e+02	0.561	0.485	GO:0051568
145	25	11	0.00074	0.00085	2.638e+02	0.571	0.457	GO:0031057
146	21	9	0.00072	0.00141	1.909e+02	0.547	0.501	GO:0042107
147	31	14	0.00072	0.00134	3.956e+02	0.597	0.509	GO:0033619
148	57	26	0.00071	0.00136	1.310e+03	0.569	0.477	GO:0003143
149	21	8	0.00071	0.00124	2.048e+02	0.525	0.465	GO:0046834
150	43	19	0.0007	0.00127	7.649e+02	0.575	0.464	GO:0008015
151	28	12	0.0007	0.00101	3.347e+02	0.622	0.356	GO:0010453
152	23	11	0.0007	0.00135	2.118e+02	0.55	0.549	GO:0061515
153	28	13	0.00069	0.00153	3.177e+02	0.576	0.552	GO:0048008
154	53	24	0.00068	0.00089	1.139e+03	0.537	0.471	GO:0001938
155	21	10	0.00068	0.00116	1.779e+02	0.585	0.64	GO:0008045
156	32	15	0.00066	0.00177	4.106e+02	0.588	0.496	GO:2000107
157	37	17	0.00066	0.00114	5.543e+02	0.493	0.58	GO:0043618
158	111	48	0.00066	0.00109	5.086e+03	0.565	0.519	GO:0022904
159	91	40	0.00066	0.00122	3.393e+03	0.533	0.538	GO:0006638
160	41	18	0.00066	0.00085	6.990e+02	0.587	0.458	GO:0034968
161	26	12	0.00065	0.00078	2.758e+02	0.533	0.411	GO:0006904
162	20	10	0.00065	0.00118	1.559e+02	0.548	0.467	GO:0002262
163	22	9	0.00065	0.00116	2.148e+02	0.509	0.498	GO:0001961
164	52	21	0.00065	0.00152	1.176e+03	0.535	0.417	GO:0042180
165	45	20	0.00065	0.00084	8.338e+02	0.546	0.503	GO:2001243
166	30	13	0.00064	0.00078	3.806e+02	0.545	0.53	GO:0007040
167	37	17	0.00064	0.00098	5.543e+02	0.54	0.589	GO:0061351
168	20	8	0.00064	0.00132	1.809e+02	0.623	0.288	GO:0009268
169	56	25	0.00063	0.00146	1.282e+03	0.6	0.431	GO:0016571
170	26	12	0.00063	0.00076	2.758e+02	0.519	0.54	GO:0021955
171	42	18	0.00063	0.00125	7.439e+02	0.491	0.602	GO:0043620
172	24	11	0.00063	0.00129	2.368e+02	0.53	0.497	GO:0014031
173	22	10	0.00062	0.00139	2.008e+02	0.595	0.551	GO:0032728
174	43	19	0.00062	0.00186	7.649e+02	0.551	0.411	GO:0002244
175	42	19	0.00062	0.00109	7.190e+02	0.549	0.356	GO:0010332
176	25	12	0.00062	0.00104	2.488e+02	0.53	0.489	GO:0001836
177	30	13	0.00061	0.00077	3.806e+02	0.528	0.522	GO:0072175
178	23	11	0.0006	0.00084	2.118e+02	0.595	0.472	GO:0045581
179	20	8	0.0006	0.00119	1.809e+02	0.52	0.355	GO:0072337
180	29	13	0.0006	0.00155	3.487e+02	0.533	0.535	GO:0051496
181	40	18	0.0006	0.00092	6.551e+02	0.588	0.385	GO:0060401
182	24	10	0.00059	0.00147	2.518e+02	0.528	0.342	GO:0001539
183	20	9	0.00059	0.00167	1.679e+02	0.578	0.409	GO:0007029
184	27	12	0.00059	0.0013	3.047e+02	0.528	0.468	GO:0040020
185	20	9	0.00058	0.00082	1.679e+02	0.556	0.508	GO:0031122
186	57	25	0.00058	0.00112	1.342e+03	0.53	0.531	GO:0051258
187	52	22	0.00058	0.00068	1.144e+03	0.518	0.462	GO:0051289
188	85	39	0.00058	0.00082	2.884e+03	0.548	0.551	GO:0006641
189	22	9	0.00056	0.00086	2.148e+02	0.595	0.408	GO:0006509
190	28	13	0.00056	0.00097	3.177e+02	0.58	0.486	GO:0046058
191	60	27	0.00056	0.00114	1.462e+03	0.55	0.595	GO:0002443
192	52	22	0.00055	0.00123	1.144e+03	0.538	0.51	GO:0007519
193	22	8	0.00055	0.00101	2.298e+02	0.535	0.395	GO:0060314
194	24	10	0.00055	0.00089	2.518e+02	0.526	0.453	GO:0032814
195	73	33	0.00054	0.00099	2.152e+03	0.556	0.512	GO:0034162
196	23	11	0.00054	0.00111	2.118e+02	0.584	0.299	GO:0051180
197	29	13	0.00053	0.00101	3.487e+02	0.588	0.519	GO:0022029
198	28	13	0.00053	0.00103	3.177e+02	0.531	0.617	GO:0035567
199	26	11	0.00052	0.00075	2.917e+02	0.554	0.606	GO:0061098
200	44	20	0.00052	0.00076	7.859e+02	0.553	0.518	GO:0007034
201	20	8	0.00052	0.00071	1.809e+02	0.491	0.551	GO:0031102
202	28	12	0.00052	0.00102	3.347e+02	0.48	0.623	GO:0061418
203	23	8	0.00052	0.00088	2.568e+02	0.542	0.391	GO:0009395
204	26	11	0.00051	0.00085	2.917e+02	0.539	0.413	GO:0046825
205	22	9	0.00051	0.00067	2.148e+02	0.556	0.467	GO:0060612
206	54	22	0.00051	0.00116	1.261e+03	0.519	0.535	GO:0046364
207	31	14	0.0005	0.00116	3.956e+02	0.546	0.456	GO:0051445
208	59	26	0.0005	0.00062	1.433e+03	0.555	0.635	GO:0006027
209	39	17	0.0005	0.00094	6.362e+02	0.541	0.569	GO:0042147
210	44	19	0.0005	0.00149	8.118e+02	0.525	0.617	GO:0007585
211	26	11	0.00049	0.00094	2.917e+02	0.547	0.5	GO:0046503
212	24	11	0.00049	0.00085	2.368e+02	0.572	0.582	GO:0042596
213	20	9	0.00048	0.00069	1.679e+02	0.545	0.485	GO:0046640
214	60	25	0.00048	0.00085	1.533e+03	0.536	0.434	GO:0006968
215	28	12	0.00048	0.00073	3.347e+02	0.517	0.652	GO:0072348
216	24	11	0.00047	0.00063	2.368e+02	0.557	0.499	GO:0071514
217	71	29	0.00047	0.00142	2.166e+03	0.528	0.551	GO:2001242
218	34	16	0.00047	0.0008	4.615e+02	0.545	0.486	GO:0051055
219	20	9	0.00046	0.00071	1.679e+02	0.585	0.301	GO:0000381
220	110	46	0.00046	0.00099	5.096e+03	0.546	0.474	GO:0006694
221	53	23	0.00046	0.00082	1.170e+03	0.561	0.416	GO:0019369
222	44	21	0.00046	0.00053	7.609e+02	0.575	0.525	GO:0035872
223	27	13	0.00046	0.00126	2.887e+02	0.563	0.437	GO:0034446
224	21	8	0.00045	0.00095	2.048e+02	0.558	0.416	GO:0015844
225	25	12	0.00045	0.00096	2.488e+02	0.592	0.509	GO:0071353
226	21	8	0.00044	0.00072	2.048e+02	0.583	0.43	GO:0043029
227	60	26	0.00044	0.0008	1.497e+03	0.555	0.486	GO:0046470
228	20	8	0.00044	0.00069	1.809e+02	0.538	0.544	GO:0051954
229	20	8	0.00044	0.00074	1.809e+02	0.534	0.446	GO:0006949
230	24	11	0.00044	0.00049	2.368e+02	0.532	0.489	GO:0060397
231	20	7	0.00043	0.00054	1.948e+02	0.548	0.479	GO:0031640
232	23	9	0.00043	0.00086	2.408e+02	0.558	0.457	GO:0048713
233	40	16	0.00043	0.00083	7.040e+02	0.547	0.559	GO:0006383
234	26	10	0.00043	0.00077	3.087e+02	0.549	0.485	GO:0006739
235	30	11	0.00043	0.00087	4.195e+02	0.503	0.521	GO:0042462
236	25	10	0.00042	0.00095	2.797e+02	0.538	0.608	GO:0000038
237	23	10	0.00042	0.00081	2.258e+02	0.537	0.426	GO:0006270
238	32	14	0.00042	0.00062	4.295e+02	0.566	0.533	GO:0021885
239	30	12	0.00042	0.00101	3.996e+02	0.539	0.379	GO:0060135
240	79	34	0.00042	0.00092	2.595e+03	0.548	0.459	GO:0009791
241	38	16	0.00041	0.00079	6.172e+02	0.494	0.615	GO:0070936
242	39	16	0.00041	0.00056	6.601e+02	0.53	0.504	GO:0008088
243	54	24	0.00041	0.00065	1.196e+03	0.555	0.471	GO:0009988
244	24	10	0.00041	0.0012	2.518e+02	0.56	0.401	GO:0033003
245	20	8	0.00041	0.0009	1.809e+02	0.528	0.644	GO:0033574
246	35	14	0.00041	0.00081	5.413e+02	0.524	0.546	GO:0071377
247	37	15	0.0004	0.00088	5.992e+02	0.564	0.394	GO:0042098
248	31	14	0.0004	0.0006	3.956e+02	0.544	0.604	GO:0052646
249	20	9	0.0004	0.00079	1.679e+02	0.526	0.383	GO:0046839
250	29	12	0.00039	0.00066	3.666e+02	0.496	0.539	GO:0002275
251	23	10	0.00039	0.00062	2.258e+02	0.583	0.535	GO:0009081
252	45	19	0.00039	0.00063	8.607e+02	0.503	0.529	GO:0001704
253	22	9	0.00039	0.00099	2.148e+02	0.551	0.469	GO:0006829
254	46	20	0.00039	0.00065	8.826e+02	0.556	0.458	GO:0009187
255	27	10	0.00038	0.00091	3.396e+02	0.509	0.386	GO:0008625
256	66	28	0.00038	0.00051	1.832e+03	0.545	0.466	GO:2000117
257	57	25	0.00038	0.00101	1.342e+03	0.555	0.476	GO:0007254
258	92	39	0.00037	0.00068	3.544e+03	0.562	0.433	GO:0000041
259	31	13	0.00037	0.00043	4.145e+02	0.591	0.372	GO:0051282
260	21	9	0.00037	0.00076	1.909e+02	0.56	0.603	GO:0001662
261	43	19	0.00037	0.00108	7.649e+02	0.53	0.531	GO:0032677
262	30	12	0.00037	0.00084	3.996e+02	0.542	0.497	GO:0032856
263	24	9	0.00037	0.00068	2.677e+02	0.54	0.498	GO:0003279
264	97	39	0.00036	0.00092	4.060e+03	0.544	0.489	GO:0033559
265	36	15	0.00036	0.001	5.583e+02	0.539	0.461	GO:0006323
266	32	14	0.00036	0.00046	4.295e+02	0.555	0.483	GO:0040018
267	41	17	0.00036	0.00107	7.240e+02	0.521	0.593	GO:0048168
268	48	20	0.00035	0.00067	9.854e+02	0.508	0.58	GO:0010822
269	53	24	0.00035	0.00074	1.139e+03	0.55	0.487	GO:0046330
270	21	7	0.00035	0.00064	2.198e+02	0.493	0.465	GO:0042573
271	32	15	0.00035	0.00066	4.106e+02	0.582	0.434	GO:0030101
272	31	13	0.00035	0.00044	4.145e+02	0.508	0.493	GO:0030901
273	33	13	0.00034	0.00053	4.864e+02	0.533	0.464	GO:0006271
274	36	15	0.00034	0.00054	5.583e+02	0.569	0.443	GO:0046131
275	25	10	0.00034	0.00052	2.797e+02	0.542	0.425	GO:0060998
276	23	9	0.00034	0.00056	2.408e+02	0.546	0.456	GO:0002828
277	41	18	0.00034	0.00057	6.990e+02	0.539	0.355	GO:0043488
278	22	8	0.00034	0.00072	2.298e+02	0.526	0.416	GO:0035924
279	31	13	0.00034	0.00061	4.145e+02	0.515	0.617	GO:0006654
280	24	10	0.00033	0.00051	2.518e+02	0.535	0.612	GO:0006658
281	24	11	0.00033	0.00078	2.368e+02	0.566	0.449	GO:0008089
282	28	10	0.00033	0.00069	3.716e+02	0.512	0.49	GO:0035637
283	47	20	0.00033	0.00057	9.335e+02	0.542	0.587	GO:0002449
284	32	12	0.00033	0.00066	4.704e+02	0.572	0.295	GO:0050732
285	23	9	0.00032	0.00063	2.408e+02	0.558	0.445	GO:0003254
286	24	9	0.00032	0.0005	2.677e+02	0.529	0.434	GO:0006890
287	162	69	0.00032	0.00065	1.089e+04	0.543	0.453	GO:0007018
288	20	8	0.00032	0.00066	1.809e+02	0.515	0.529	GO:0002833
289	46	19	0.00032	0.00081	9.105e+02	0.547	0.499	GO:0007632
290	20	9	0.00032	0.00042	1.679e+02	0.591	0.302	GO:0015721
291	53	24	0.00032	0.00074	1.139e+03	0.562	0.53	GO:0048863
292	22	7	0.00031	0.00068	2.458e+02	0.571	0.441	GO:0035249
293	25	9	0.00031	0.00056	2.967e+02	0.477	0.447	GO:0090311
294	25	9	0.00031	0.00064	2.967e+02	0.496	0.456	GO:0042771
295	72	31	0.0003	0.00065	2.158e+03	0.549	0.471	GO:0000077
296	22	9	0.0003	0.00064	2.148e+02	0.553	0.522	GO:0051898
297	47	20	0.0003	0.00074	9.335e+02	0.518	0.488	GO:0072163
298	96	41	0.0003	0.00078	3.840e+03	0.541	0.437	GO:0002504
299	26	11	0.0003	0.00036	2.917e+02	0.543	0.564	GO:0018022
300	30	12	0.0003	0.00053	3.996e+02	0.535	0.449	GO:0030261
301	23	9	0.00029	0.00055	2.408e+02	0.557	0.473	GO:0006662
302	42	17	0.00029	0.00043	7.698e+02	0.489	0.663	GO:0015908
303	73	32	0.00029	0.00052	2.194e+03	0.546	0.461	GO:0034134
304	24	10	0.00029	0.00046	2.518e+02	0.5	0.375	GO:0048147
305	21	9	0.00029	0.0006	1.909e+02	0.581	0.409	GO:0071312
306	22	7	0.00029	0.00037	2.458e+02	0.481	0.393	GO:0048762
307	39	15	0.00028	0.00075	6.850e+02	0.483	0.52	GO:0048678
308	22	8	0.00028	0.00085	2.298e+02	0.48	0.516	GO:0030511
309	36	16	0.00028	0.00042	5.364e+02	0.51	0.52	GO:0001890
310	23	9	0.00028	0.00061	2.408e+02	0.498	0.569	GO:0032504
311	23	9	0.00028	0.00061	2.408e+02	0.538	0.633	GO:0044062
312	33	13	0.00028	0.00065	4.864e+02	0.501	0.583	GO:0090199
313	41	16	0.00028	0.00063	7.499e+02	0.513	0.49	GO:0050709
314	21	8	0.00028	0.00043	2.048e+02	0.493	0.553	GO:0071897
315	64	25	0.00027	0.00055	1.808e+03	0.563	0.571	GO:0006987
316	28	12	0.00027	0.00054	3.347e+02	0.529	0.518	GO:0046579
317	79	33	0.00027	0.00055	2.642e+03	0.524	0.468	GO:0071482
318	77	33	0.00027	0.00041	2.473e+03	0.539	0.459	GO:0008584
319	25	11	0.00027	0.00046	2.638e+02	0.556	0.504	GO:0019400
320	36	14	0.00027	0.00054	5.812e+02	0.519	0.434	GO:0022406
321	35	13	0.00027	0.00037	5.642e+02	0.535	0.464	GO:0022616
322	21	8	0.00027	0.00068	2.048e+02	0.544	0.611	GO:0035813
323	20	8	0.00027	0.0005	1.809e+02	0.569	0.519	GO:0048477
324	29	11	0.00026	0.00057	3.856e+02	0.548	0.506	GO:0001975
325	36	15	0.00026	0.00032	5.583e+02	0.544	0.424	GO:0002053
326	42	16	0.00026	0.00043	7.968e+02	0.546	0.485	GO:0032663
327	47	18	0.00026	0.00055	9.923e+02	0.496	0.545	GO:0051146
328	26	10	0.00026	0.00078	3.087e+02	0.472	0.549	GO:0033144
329	20	7	0.00026	0.00043	1.948e+02	0.508	0.498	GO:0045736
330	21	8	0.00026	0.00045	2.048e+02	0.515	0.517	GO:0032715
331	21	9	0.00026	0.0005	1.909e+02	0.528	0.54	GO:0045987
332	32	12	0.00026	0.00054	4.704e+02	0.515	0.363	GO:0032414
333	20	8	0.00026	0.00064	1.809e+02	0.501	0.565	GO:0051962
334	37	15	0.00026	0.00053	5.992e+02	0.545	0.407	GO:0071230
335	27	10	0.00025	0.00076	3.396e+02	0.569	0.431	GO:0001914
336	93	39	0.00025	0.00064	3.644e+03	0.552	0.467	GO:0031098
337	29	10	0.00025	0.00056	4.055e+02	0.463	0.494	GO:0015988
338	29	11	0.00025	0.00074	3.856e+02	0.49	0.587	GO:0048742
339	22	7	0.00025	0.00044	2.458e+02	0.512	0.528	GO:0060765
340	29	12	0.00025	0.00064	3.666e+02	0.498	0.526	GO:1902115
341	22	8	0.00025	0.00061	2.298e+02	0.55	0.488	GO:2000401
342	24	9	0.00025	0.0005	2.677e+02	0.543	0.377	GO:0009190
343	23	9	0.00024	0.00038	2.408e+02	0.533	0.523	GO:0036152
344	22	9	0.00024	0.0005	2.148e+02	0.503	0.635	GO:0050856
345	23	11	0.00024	0.00044	2.118e+02	0.562	0.441	GO:1901661
346	28	11	0.00024	0.00043	3.526e+02	0.526	0.581	GO:2001244
347	66	29	0.00024	0.00051	1.793e+03	0.547	0.639	GO:0006026
348	60	24	0.00024	0.00041	1.570e+03	0.54	0.485	GO:0007608
349	35	11	0.00024	0.00044	6.131e+02	0.462	0.55	GO:0030800
350	20	8	0.00024	0.00038	1.809e+02	0.487	0.716	GO:0032757
351	26	8	0.00024	0.00032	3.456e+02	0.43	0.365	GO:0034333
352	91	39	0.00024	0.00044	3.446e+03	0.561	0.467	GO:0051403
353	27	11	0.00024	0.00039	3.217e+02	0.479	0.554	GO:0006505
354	94	41	0.00024	0.00063	3.636e+03	0.54	0.462	GO:0019827
355	20	7	0.00024	0.00037	1.948e+02	0.505	0.537	GO:0007220
356	39	15	0.00024	0.0005	6.850e+02	0.517	0.463	GO:0038032
357	26	9	0.00024	0.00066	3.267e+02	0.475	0.499	GO:0050710
358	22	9	0.00024	0.00029	2.148e+02	0.615	0.415	GO:0060968
359	64	28	0.00024	0.00069	1.691e+03	0.54	0.444	GO:0070555
360	21	8	0.00023	0.00041	2.048e+02	0.506	0.611	GO:0033198
361	38	16	0.00023	0.00037	6.172e+02	0.553	0.547	GO:0043392
362	21	6	0.00023	0.00048	2.358e+02	0.444	0.564	GO:0045616
363	20	8	0.00023	0.00034	1.809e+02	0.537	0.465	GO:0046854
364	30	11	0.00023	0.00056	4.195e+02	0.471	0.469	GO:0003156
365	22	7	0.00023	0.00042	2.458e+02	0.47	0.476	GO:0030325
366	30	12	0.00023	0.00038	3.996e+02	0.52	0.491	GO:0048485
367	76	31	0.00023	0.00052	2.480e+03	0.559	0.417	GO:0071103
368	24	9	0.00022	0.00049	2.677e+02	0.548	0.473	GO:0018904
369	35	14	0.00022	0.00026	5.413e+02	0.484	0.27	GO:0048286
370	34	14	0.00022	0.00066	5.024e+02	0.473	0.57	GO:0001707
371	40	16	0.00022	0.00053	7.040e+02	0.523	0.493	GO:0007259
372	27	12	0.00022	0.00031	3.047e+02	0.527	0.514	GO:0045933
373	40	16	0.00022	0.00036	7.040e+02	0.556	0.477	GO:0006833
374	21	8	0.00022	0.00038	2.048e+02	0.54	0.638	GO:0045907
375	77	34	0.00022	0.0003	2.428e+03	0.544	0.485	GO:0072091
376	91	39	0.00022	0.00049	3.446e+03	0.518	0.615	GO:0006664
377	29	11	0.00022	0.00046	3.856e+02	0.533	0.531	GO:0009218
378	39	17	0.00022	0.00034	6.362e+02	0.548	0.539	GO:0032006
379	27	11	0.00022	0.00058	3.217e+02	0.522	0.493	GO:0042517
380	43	17	0.00021	0.00057	8.177e+02	0.583	0.424	GO:0001910
381	46	19	0.00021	0.00036	9.105e+02	0.528	0.526	GO:0006940
382	27	10	0.00021	0.00035	3.396e+02	0.529	0.499	GO:0008333
383	22	6	0.00021	0.00043	2.627e+02	0.461	0.564	GO:0021915
384	26	10	0.00021	0.00033	3.087e+02	0.515	0.51	GO:2000243
385	164	69	0.00021	0.00028	1.124e+04	0.529	0.513	GO:0030522
386	23	7	0.00021	0.00037	2.737e+02	0.497	0.547	GO:0019835
387	25	10	0.00021	0.00049	2.797e+02	0.502	0.524	GO:0036151
388	105	44	0.0002	0.0004	4.640e+03	0.501	0.524	GO:0007409
389	125	53	0.0002	0.00046	6.518e+03	0.539	0.46	GO:0043543
390	20	6	0.0002	0.0005	2.098e+02	0.433	0.421	GO:0045939
391	32	13	0.0002	0.00035	4.495e+02	0.547	0.46	GO:0009948
392	31	13	0.0002	0.00038	4.145e+02	0.584	0.415	GO:0031060
393	22	8	0.0002	0.00046	2.298e+02	0.505	0.525	GO:0032862
394	21	8	0.0002	0.00025	2.048e+02	0.547	0.382	GO:0035088
395	28	10	0.0002	0.00048	3.716e+02	0.507	0.59	GO:0043114
396	22	8	0.0002	0.00041	2.298e+02	0.578	0.297	GO:0048873
397	31	13	0.0002	0.00033	4.145e+02	0.518	0.483	GO:0051057
398	44	16	0.0002	0.00041	8.955e+02	0.504	0.44	GO:0002920
399	62	25	0.0002	0.00033	1.667e+03	0.54	0.469	GO:0035264
400	25	11	0.0002	0.00059	2.638e+02	0.488	0.522	GO:0001958
401	20	7	0.0002	0.00026	1.948e+02	0.53	0.38	GO:0002861
402	78	33	0.0002	0.00029	2.556e+03	0.567	0.461	GO:0006479
403	63	25	0.0002	0.00046	1.737e+03	0.525	0.434	GO:0019395
404	21	9	0.0002	0.00029	1.909e+02	0.566	0.472	GO:0045446
405	43	18	0.0002	0.00042	7.908e+02	0.522	0.535	GO:0048839
406	24	9	0.0002	0.00055	2.677e+02	0.525	0.494	GO:0051385
407	37	15	0.00019	0.00048	5.992e+02	0.553	0.413	GO:0006305
408	133	56	0.00019	0.00058	7.404e+03	0.524	0.534	GO:0010466
409	152	65	0.00019	0.00036	9.568e+03	0.563	0.548	GO:0022900
410	34	13	0.00019	0.00047	5.243e+02	0.476	0.613	GO:0042254
411	41	17	0.00019	0.00046	7.240e+02	0.483	0.525	GO:0048661
412	31	10	0.00019	0.0004	4.774e+02	0.469	0.427	GO:0030279
413	76	31	0.00019	0.00036	2.480e+03	0.548	0.534	GO:0035666
414	20	8	0.00019	0.0004	1.809e+02	0.525	0.404	GO:0051881
415	45	17	0.00019	0.00034	9.175e+02	0.516	0.454	GO:0006635
416	54	22	0.00019	0.00047	1.261e+03	0.531	0.519	GO:0045665
417	26	8	0.00019	0.00034	3.456e+02	0.486	0.488	GO:0061178
418	28	10	0.00019	0.00044	3.716e+02	0.494	0.494	GO:0045739
419	35	14	0.00018	0.00031	5.413e+02	0.536	0.446	GO:0007566
420	62	25	0.00018	0.00055	1.667e+03	0.529	0.477	GO:0032874
421	26	10	0.00018	0.00055	3.087e+02	0.477	0.675	GO:1902692
422	27	9	0.00018	0.00041	3.586e+02	0.473	0.494	GO:0030449
423	62	26	0.00018	0.00036	1.630e+03	0.551	0.517	GO:0002027
424	20	8	0.00018	0.00031	1.809e+02	0.501	0.459	GO:0016241
425	21	7	0.00018	0.00039	2.198e+02	0.477	0.565	GO:0030239
426	40	17	0.00018	0.00036	6.791e+02	0.578	0.414	GO:0008206
427	34	13	0.00017	0.00042	5.243e+02	0.487	0.668	GO:0000003
428	27	11	0.00017	0.00034	3.217e+02	0.544	0.516	GO:0021549
429	30	10	0.00017	0.00038	4.405e+02	0.5	0.435	GO:0048260
430	22	8	0.00017	0.00032	2.298e+02	0.515	0.533	GO:0014065
431	34	14	0.00017	0.00039	5.024e+02	0.581	0.514	GO:0014823
432	21	7	0.00017	0.00026	2.198e+02	0.487	0.631	GO:0045453
433	21	8	0.00017	0.00048	2.048e+02	0.542	0.451	GO:0046320
434	38	14	0.00017	0.00027	6.660e+02	0.516	0.391	GO:0048385
435	32	12	0.00017	0.00035	4.704e+02	0.494	0.464	GO:0072384
436	46	20	0.00017	0.00036	8.826e+02	0.523	0.488	GO:0072164
437	23	9	0.00016	0.00031	2.408e+02	0.547	0.562	GO:0032459
438	25	8	0.00016	0.00043	3.147e+02	0.509	0.588	GO:0043043
439	61	25	0.00016	0.00032	1.600e+03	0.534	0.486	GO:0007569
440	60	25	0.00016	0.00031	1.533e+03	0.563	0.482	GO:0030183
441	33	14	0.00016	0.00044	4.655e+02	0.521	0.534	GO:0032233
442	39	15	0.00016	0.00028	6.850e+02	0.529	0.364	GO:0032411
443	27	11	0.00016	0.00021	3.217e+02	0.553	0.46	GO:0043516
444	26	9	0.00016	0.00026	3.267e+02	0.487	0.526	GO:0015807
445	36	13	0.00016	0.00033	6.052e+02	0.514	0.613	GO:0030433
446	22	6	0.00016	0.00036	2.627e+02	0.538	0.318	GO:0010880
447	43	17	0.00016	0.00026	8.177e+02	0.527	0.375	GO:0030521
448	49	18	0.00016	0.00034	1.102e+03	0.531	0.417	GO:0042787
449	100	41	0.00016	0.0004	4.265e+03	0.571	0.486	GO:0048705
450	23	10	0.00016	0.0003	2.258e+02	0.518	0.497	GO:0043534
451	21	8	0.00016	0.00033	2.048e+02	0.549	0.428	GO:0090022
452	88	37	0.00015	0.00043	3.260e+03	0.52	0.514	GO:0000079
453	34	12	0.00015	0.00039	5.473e+02	0.486	0.476	GO:0009101
454	71	28	0.00015	0.00046	2.209e+03	0.539	0.513	GO:0018105
455	31	13	0.00015	0.00035	4.145e+02	0.543	0.613	GO:0034109
456	46	19	0.00015	0.0003	9.105e+02	0.544	0.465	GO:0042446
457	20	7	0.00015	0.00024	1.948e+02	0.543	0.335	GO:0050685
458	25	11	0.00015	0.00027	2.638e+02	0.567	0.502	GO:0070534
459	76	33	0.00015	0.00037	2.390e+03	0.552	0.538	GO:0072593
460	24	8	0.00015	0.0002	2.847e+02	0.528	0.356	GO:0032735
461	31	13	0.00015	0.00033	4.145e+02	0.523	0.426	GO:0035065
462	20	5	0.00015	0.00033	2.258e+02	0.507	0.369	GO:0045940
463	37	14	0.00015	0.0004	6.231e+02	0.472	0.573	GO:0003151
464	45	18	0.00015	0.00041	8.886e+02	0.546	0.529	GO:0032655
465	24	10	0.00015	0.00031	2.518e+02	0.559	0.553	GO:0014072
466	33	13	0.00015	0.00025	4.864e+02	0.486	0.448	GO:0016056
467	33	11	0.00015	0.00037	5.313e+02	0.481	0.451	GO:0016358
468	85	34	0.00015	0.00044	3.133e+03	0.525	0.514	GO:0042542
469	29	11	0.00015	0.00017	3.856e+02	0.515	0.478	GO:0048747
470	53	21	0.00015	0.00031	1.235e+03	0.518	0.508	GO:0051640
471	24	9	0.00014	0.00043	2.677e+02	0.544	0.397	GO:0006261
472	34	12	0.00014	0.00043	5.473e+02	0.47	0.678	GO:0015909
473	34	10	0.00014	0.00043	5.961e+02	0.517	0.443	GO:0035115
474	49	19	0.00014	0.00043	1.070e+03	0.548	0.503	GO:0051084
475	24	10	0.00014	0.00025	2.518e+02	0.509	0.572	GO:0006111
476	31	13	0.00014	0.00034	4.145e+02	0.486	0.584	GO:0021675
477	41	15	0.00014	0.00032	7.768e+02	0.479	0.528	GO:0051492
478	29	12	0.00014	0.00041	3.666e+02	0.543	0.451	GO:0071622
479	50	20	0.00014	0.00024	1.094e+03	0.515	0.638	GO:0031032
480	28	10	0.00014	0.00036	3.716e+02	0.441	0.718	GO:2000242
481	22	8	0.00014	0.00037	2.298e+02	0.526	0.434	GO:0002886
482	49	19	0.00014	0.00027	1.070e+03	0.539	0.547	GO:0006626
483	22	8	0.00014	0.00021	2.298e+02	0.542	0.431	GO:0006699
484	92	39	0.00014	0.00041	3.544e+03	0.538	0.443	GO:0019886
485	31	11	0.00014	0.00022	4.554e+02	0.494	0.459	GO:0033014
486	21	8	0.00014	0.00022	2.048e+02	0.549	0.483	GO:0046173
487	43	16	0.00014	0.00041	8.456e+02	0.476	0.609	GO:0050771
488	117	47	0.00013	0.00037	5.896e+03	0.523	0.481	GO:0000904
489	22	8	0.00013	0.00023	2.298e+02	0.518	0.446	GO:0001702
490	66	26	0.00013	0.00033	1.912e+03	0.548	0.458	GO:0002687
491	21	6	0.00013	0.0002	2.358e+02	0.477	0.556	GO:0002720
492	21	8	0.00013	0.00037	2.048e+02	0.549	0.434	GO:0043300
493	23	9	0.00013	0.0002	2.408e+02	0.544	0.586	GO:0043278
494	27	10	0.00013	0.00037	3.396e+02	0.492	0.357	GO:0048010
495	21	8	0.00013	0.00017	2.048e+02	0.52	0.543	GO:0050820
496	24	10	0.00013	0.00036	2.518e+02	0.563	0.637	GO:0000045
497	40	12	0.00013	0.0003	8.136e+02	0.457	0.477	GO:1902930
498	111	46	0.00012	0.00029	5.216e+03	0.551	0.426	GO:0002695
499	60	25	0.00012	0.00027	1.533e+03	0.546	0.495	GO:0008306
500	20	7	0.00012	0.00021	1.948e+02	0.485	0.423	GO:0090559
501	32	12	0.00012	0.00027	4.704e+02	0.542	0.481	GO:0007528
502	25	8	0.00012	0.00025	3.147e+02	0.522	0.514	GO:0010226
503	68	29	0.00012	0.00029	1.938e+03	0.543	0.461	GO:0018108
504	38	11	0.00012	0.00031	7.468e+02	0.458	0.416	GO:0031532
505	22	9	0.00012	0.00037	2.148e+02	0.554	0.449	GO:0045686
506	69	26	0.00012	0.00037	2.141e+03	0.514	0.538	GO:0051897
507	21	7	0.00012	0.00025	2.198e+02	0.526	0.411	GO:1901099
508	84	33	0.00012	0.00018	3.091e+03	0.54	0.48	GO:0006690
509	98	43	0.00012	0.00024	3.935e+03	0.535	0.542	GO:0007612
510	21	8	0.00012	0.00025	2.048e+02	0.487	0.483	GO:0010165
511	25	9	0.00012	0.00027	2.967e+02	0.567	0.448	GO:0031055
512	63	26	0.00012	0.00024	1.698e+03	0.536	0.483	GO:0043154
513	29	10	0.00012	0.00031	4.055e+02	0.443	0.57	GO:0043491
514	26	9	0.00012	0.00025	3.267e+02	0.481	0.415	GO:0044774
515	36	13	0.00012	0.00032	6.052e+02	0.509	0.417	GO:0048024
516	27	10	0.00012	0.0002	3.396e+02	0.538	0.427	GO:0050663
517	120	50	0.00012	0.00024	6.071e+03	0.553	0.434	GO:0050866
518	27	10	0.00012	0.00014	3.396e+02	0.505	0.554	GO:0055007
519	23	9	0.00012	0.00036	2.408e+02	0.489	0.498	GO:0060760
520	23	8	0.00012	0.00019	2.568e+02	0.549	0.307	GO:1903313
521	29	9	0.00012	0.00026	4.265e+02	0.534	0.489	GO:0043486
522	50	21	0.00012	0.00024	1.063e+03	0.553	0.448	GO:0006826
523	22	5	0.00012	0.00025	2.807e+02	0.449	0.507	GO:0010718
524	29	11	0.00012	0.00026	3.856e+02	0.54	0.402	GO:0014014
525	36	12	0.00012	0.0003	6.301e+02	0.476	0.529	GO:0048675
526	26	10	0.00012	0.00029	3.087e+02	0.54	0.323	GO:0050869
527	30	13	0.00012	0.00023	3.806e+02	0.59	0.372	GO:0051209
528	52	20	0.00012	0.00022	1.209e+03	0.492	0.422	GO:0060688
529	32	11	0.00012	0.00023	4.924e+02	0.568	0.562	GO:0070830
530	51	19	0.00012	0.00027	1.184e+03	0.539	0.547	GO:0072655
531	40	16	0.00011	0.00025	7.040e+02	0.542	0.546	GO:0016126
532	74	28	0.00011	0.00022	2.453e+03	0.534	0.553	GO:0032481
533	32	11	0.00011	0.00018	4.924e+02	0.503	0.527	GO:0045599
534	36	15	0.00011	0.0002	5.583e+02	0.552	0.394	GO:1901019
535	63	24	0.00011	0.00023	1.777e+03	0.5	0.526	GO:0022404
536	30	10	0.00011	0.00029	4.405e+02	0.475	0.532	GO:0045604
537	58	23	0.00011	0.00016	1.475e+03	0.538	0.481	GO:0045833
538	95	37	0.00011	0.0003	3.966e+03	0.534	0.415	GO:0051250
539	21	8	0.00011	0.00018	2.048e+02	0.454	0.607	GO:0001502
540	82	35	0.00011	0.00017	2.808e+03	0.54	0.488	GO:0002755
541	46	20	0.00011	0.00024	8.826e+02	0.571	0.466	GO:0006333
542	39	15	0.00011	0.00032	6.850e+02	0.487	0.483	GO:0006778
543	42	17	0.00011	0.00031	7.698e+02	0.538	0.504	GO:0007249
544	34	11	0.00011	0.00017	5.712e+02	0.5	0.563	GO:0008154
545	33	12	0.00011	0.00022	5.083e+02	0.512	0.525	GO:0010770
546	29	9	0.00011	0.00032	4.265e+02	0.511	0.592	GO:0019370
547	41	17	0.00011	0.00022	7.240e+02	0.567	0.49	GO:0051588
548	29	11	0.00011	0.00013	3.856e+02	0.538	0.449	GO:0061448
549	22	10	0.00011	0.00018	2.008e+02	0.494	0.652	GO:0090103
550	31	10	0.00011	0.00023	4.774e+02	0.46	0.706	GO:0097581
551	22	7	0.00011	0.00017	2.458e+02	0.517	0.574	GO:1901532
552	37	15	0.00011	0.00024	5.992e+02	0.505	0.383	GO:1901888
553	37	14	0.0001	0.00021	6.231e+02	0.563	0.442	GO:0001912
554	45	17	0.0001	0.00025	9.175e+02	0.532	0.556	GO:0007030
555	31	13	0.0001	0.00018	4.145e+02	0.525	0.552	GO:0015682
556	42	15	0.0001	0.00023	8.247e+02	0.525	0.469	GO:0032092
557	31	10	0.0001	0.00021	4.774e+02	0.525	0.397	GO:0035094
558	41	14	0.0001	0.00027	8.047e+02	0.476	0.428	GO:0043967
559	26	9	0.0001	0.00017	3.267e+02	0.491	0.459	GO:0055013
560	62	20	0.0001	0.00031	1.871e+03	0.467	0.495	GO:0003014
561	23	7	0.0001	0.00029	2.737e+02	0.541	0.399	GO:0002026
562	38	14	0.0001	0.0003	6.660e+02	0.53	0.537	GO:0007595
563	87	33	0.0001	0.0003	3.378e+03	0.506	0.466	GO:0018393
564	27	8	0.0001	0.00016	3.785e+02	0.412	0.525	GO:0019935
565	45	16	0.0001	0.0002	9.473e+02	0.467	0.585	GO:0032024
566	64	26	0.0001	0.00026	1.768e+03	0.529	0.438	GO:0034440
567	34	13	0.0001	0.00017	5.243e+02	0.519	0.532	GO:0010812
568	30	12	0.0001	0.0002	3.996e+02	0.513	0.507	GO:0048640
569	38	14	0.0001	0.00029	6.660e+02	0.498	0.556	GO:0006997
570	114	47	0.0001	0.00029	5.516e+03	0.534	0.449	GO:0030258
571	24	8	0.0001	0.00029	2.847e+02	0.442	0.435	GO:0043500
572	34	11	0.0001	0.00029	5.712e+02	0.448	0.536	GO:0045921
573	23	7	0.0001	0.00026	2.737e+02	0.491	0.601	GO:0050974
574	82	34	0.0001	0.00026	2.857e+03	0.54	0.523	GO:0060562
575	47	18	0.0001	0.00026	9.923e+02	0.547	0.505	GO:0061097
576	42	16	0.0001	0.00029	7.968e+02	0.539	0.407	GO:2001257
577	34	13	0.0001	0.00017	5.243e+02	0.524	0.563	GO:0051865
578	51	21	0.0001	0.00016	1.119e+03	0.546	0.425	GO:0090263
579	22	7	9e-05	0.00012	2.458e+02	0.44	0.656	GO:0003208
580	67	27	9e-05	0.00028	1.945e+03	0.512	0.466	GO:0006879
581	24	10	9e-05	0.00017	2.518e+02	0.543	0.556	GO:0032228
582	25	9	9e-05	0.00021	2.967e+02	0.515	0.473	GO:0040036
583	64	23	9e-05	0.00028	1.890e+03	0.54	0.594	GO:0060021
584	21	7	9e-05	0.00017	2.198e+02	0.507	0.714	GO:0051354
585	42	15	9e-05	0.00021	8.247e+02	0.482	0.62	GO:0006081
586	60	22	9e-05	0.00016	1.646e+03	0.518	0.495	GO:0006637
587	61	24	9e-05	0.00026	1.637e+03	0.524	0.443	GO:0006733
588	102	43	9e-05	0.00015	4.365e+03	0.529	0.481	GO:0008037
589	41	17	9e-05	0.00018	7.240e+02	0.543	0.544	GO:0008542
590	25	6	9e-05	0.00026	3.536e+02	0.452	0.606	GO:0009065
591	20	7	9e-05	0.00011	1.948e+02	0.539	0.587	GO:0019724
592	22	8	9e-05	0.00014	2.298e+02	0.458	0.402	GO:0043567
593	40	14	9e-05	0.00016	7.568e+02	0.451	0.639	GO:0050772
594	36	13	9e-05	0.00022	6.052e+02	0.491	0.591	GO:0050999
595	41	17	9e-05	0.00019	7.240e+02	0.582	0.478	GO:0070542
596	24	8	9e-05	0.00018	2.847e+02	0.527	0.482	GO:0070588
597	23	10	8e-05	0.00025	2.258e+02	0.571	0.342	GO:0000083
598	26	7	8e-05	0.00017	3.656e+02	0.47	0.548	GO:0000722
599	40	14	8e-05	0.00023	7.568e+02	0.502	0.371	GO:0001541
600	29	9	8e-05	0.00025	4.265e+02	0.487	0.413	GO:0001954
601	21	7	8e-05	0.00017	2.198e+02	0.557	0.33	GO:0006482
602	30	9	8e-05	0.00025	4.624e+02	0.46	0.621	GO:0010660
603	28	8	8e-05	0.00024	4.125e+02	0.458	0.595	GO:0033077
604	25	9	8e-05	0.00025	2.967e+02	0.476	0.544	GO:0043552
605	47	16	8e-05	0.00019	1.055e+03	0.499	0.478	GO:0045670
606	27	10	8e-05	0.00019	3.396e+02	0.544	0.46	GO:0046676
607	48	17	8e-05	0.00016	1.078e+03	0.485	0.569	GO:0048565
608	26	9	8e-05	0.00016	3.267e+02	0.466	0.544	GO:0090218
609	32	12	8e-05	0.00016	4.704e+02	0.499	0.488	GO:0097194
610	74	27	8e-05	0.00023	2.501e+03	0.517	0.515	GO:1990267
611	26	8	8e-05	0.00019	3.456e+02	0.488	0.559	GO:0002702
612	50	16	8e-05	0.00019	1.227e+03	0.511	0.437	GO:0009267
613	44	18	8e-05	0.00019	8.387e+02	0.523	0.355	GO:0043487
614	36	12	8e-05	0.0002	6.301e+02	0.533	0.49	GO:0002711
615	20	7	8e-05	0.00012	1.948e+02	0.447	0.622	GO:0006595
616	26	10	8e-05	0.00016	3.087e+02	0.514	0.447	GO:0030166
617	21	7	8e-05	0.00016	2.198e+02	0.48	0.602	GO:0031016
618	45	15	8e-05	0.00024	9.782e+02	0.503	0.531	GO:0031110
619	79	33	8e-05	0.00016	2.642e+03	0.536	0.46	GO:0031570
620	75	27	8e-05	0.00024	2.587e+03	0.525	0.455	GO:0031669
621	22	8	8e-05	0.00024	2.298e+02	0.54	0.523	GO:0045909
622	30	10	8e-05	0.00024	4.405e+02	0.5	0.43	GO:0050766
623	36	13	8e-05	0.0002	6.052e+02	0.507	0.421	GO:0050909
624	34	10	8e-05	0.00023	5.961e+02	0.462	0.48	GO:1901028
625	20	6	8e-05	0.00024	2.098e+02	0.492	0.597	GO:2000779
626	54	20	8e-05	0.00018	1.329e+03	0.545	0.493	GO:0006458
627	44	16	8e-05	0.00018	8.955e+02	0.494	0.508	GO:1903310
628	74	27	8e-05	0.00015	2.501e+03	0.537	0.47	GO:0010518
629	39	15	8e-05	0.00021	6.850e+02	0.564	0.442	GO:0031623
630	36	11	8e-05	0.00016	6.560e+02	0.464	0.526	GO:0048538
631	46	18	8e-05	0.0002	9.394e+02	0.53	0.458	GO:0060041
632	20	6	8e-05	0.00016	2.098e+02	0.485	0.415	GO:0060291
633	26	7	8e-05	0.00023	3.656e+02	0.433	0.268	GO:0070373
634	29	10	8e-05	0.00023	4.055e+02	0.464	0.575	GO:2000179
635	28	10	8e-05	0.00016	3.716e+02	0.517	0.395	GO:0060348
636	34	12	7e-05	0.00022	5.473e+02	0.492	0.445	GO:0001569
637	35	14	7e-05	0.00022	5.413e+02	0.521	0.52	GO:0007628
638	20	7	7e-05	0.00019	1.948e+02	0.574	0.296	GO:0009235
639	59	22	7e-05	0.00014	1.579e+03	0.527	0.389	GO:0009306
640	61	21	7e-05	0.00022	1.757e+03	0.5	0.535	GO:0016525
641	27	9	7e-05	0.00022	3.586e+02	0.472	0.337	GO:0019674
642	31	10	7e-05	0.00019	4.774e+02	0.509	0.545	GO:0019692
643	31	11	7e-05	0.00015	4.554e+02	0.484	0.483	GO:0030318
644	22	7	7e-05	0.00015	2.458e+02	0.488	0.548	GO:0032201
645	30	8	7e-05	0.00022	4.853e+02	0.482	0.443	GO:0032653
646	23	8	7e-05	0.0002	2.568e+02	0.511	0.446	GO:0034405
647	21	7	7e-05	0.00022	2.198e+02	0.511	0.413	GO:0046329
648	50	18	7e-05	0.00015	1.159e+03	0.539	0.403	GO:0051784
649	42	16	7e-05	0.00016	7.968e+02	0.503	0.498	GO:0002718
650	40	14	7e-05	0.0002	7.568e+02	0.519	0.369	GO:0007159
651	23	7	7e-05	0.00014	2.737e+02	0.474	0.324	GO:0007530
652	26	9	7e-05	0.00014	3.267e+02	0.536	0.48	GO:0009954
653	30	10	7e-05	0.0002	4.405e+02	0.54	0.428	GO:0018149
654	42	16	7e-05	0.00015	7.968e+02	0.521	0.476	GO:0023021
655	27	11	7e-05	0.00013	3.217e+02	0.568	0.479	GO:0032410
656	52	19	7e-05	0.00014	1.243e+03	0.502	0.507	GO:0032642
657	57	20	7e-05	0.0002	1.522e+03	0.518	0.499	GO:0033555
658	42	13	7e-05	0.00015	8.834e+02	0.493	0.491	GO:0045428
659	38	14	7e-05	0.00014	6.660e+02	0.496	0.467	GO:0046365
660	22	7	7e-05	0.00013	2.458e+02	0.449	0.427	GO:0046847
661	20	8	7e-05	0.0002	1.809e+02	0.52	0.484	GO:0048857
662	28	10	7e-05	0.00014	3.716e+02	0.497	0.59	GO:0050854
663	21	5	7e-05	0.0002	2.527e+02	0.466	0.668	GO:0051220
664	26	8	7e-05	0.0002	3.456e+02	0.476	0.415	GO:0051602
665	88	33	7e-05	0.00018	3.477e+03	0.515	0.418	GO:0055072
666	32	11	7e-05	0.0002	4.924e+02	0.464	0.587	GO:0090003
667	37	13	7e-05	0.00014	6.481e+02	0.53	0.271	GO:1901264
668	92	36	6e-05	0.00019	3.711e+03	0.544	0.448	GO:0006518
669	88	32	6e-05	0.00011	3.533e+03	0.51	0.428	GO:0006767
670	113	47	6e-05	0.00014	5.393e+03	0.547	0.408	GO:0010212
671	31	11	6e-05	0.00011	4.554e+02	0.479	0.471	GO:0015701
672	22	6	6e-05	0.00019	2.627e+02	0.433	0.646	GO:0016338
673	52	16	6e-05	0.00013	1.350e+03	0.442	0.49	GO:0043010
674	22	9	6e-05	0.00019	2.148e+02	0.559	0.51	GO:0043576
675	25	9	6e-05	0.00013	2.967e+02	0.492	0.43	GO:0044058
676	43	15	6e-05	0.00013	8.745e+02	0.479	0.472	GO:0045682
677	41	16	6e-05	0.00012	7.499e+02	0.519	0.463	GO:0060563
678	22	7	6e-05	0.00019	2.458e+02	0.547	0.508	GO:1901655
679	33	12	6e-05	0.00012	5.083e+02	0.513	0.467	GO:1901796
680	66	26	6e-05	0.00016	1.912e+03	0.549	0.425	GO:0006304
681	104	43	6e-05	0.00017	4.589e+03	0.529	0.476	GO:0006473
682	46	16	6e-05	0.00018	1.000e+03	0.55	0.382	GO:0030010
683	22	7	6e-05	0.00017	2.458e+02	0.494	0.459	GO:0048048
684	51	17	6e-05	0.00018	1.252e+03	0.483	0.485	GO:0061387
685	40	16	6e-05	0.00017	7.040e+02	0.537	0.482	GO:2001251
686	29	13	6e-05	0.00014	3.487e+02	0.539	0.522	GO:0001838
687	57	22	6e-05	0.00012	1.447e+03	0.503	0.42	GO:0006497
688	137	57	6e-05	0.0001	7.908e+03	0.552	0.512	GO:0007584
689	25	9	6e-05	0.0001	2.967e+02	0.508	0.44	GO:0010543
690	22	7	6e-05	0.0001	2.458e+02	0.503	0.354	GO:0017145
691	37	14	6e-05	0.00011	6.231e+02	0.514	0.603	GO:0021987
692	28	8	6e-05	0.00014	4.125e+02	0.513	0.499	GO:0043370
693	28	9	6e-05	0.00012	3.915e+02	0.483	0.586	GO:0043462
694	32	12	6e-05	0.0001	4.704e+02	0.499	0.457	GO:0050931
695	45	16	6e-05	0.00014	9.473e+02	0.508	0.443	GO:0072089
696	47	17	6e-05	0.00018	1.023e+03	0.524	0.398	GO:0001776
697	24	8	6e-05	0.00018	2.847e+02	0.475	0.52	GO:0003179
698	79	30	6e-05	0.00018	2.788e+03	0.486	0.503	GO:0007229
699	48	17	6e-05	0.00018	1.078e+03	0.489	0.513	GO:0007338
700	86	34	6e-05	0.00018	3.227e+03	0.518	0.505	GO:0045995
701	30	9	6e-05	0.00017	4.624e+02	0.503	0.438	GO:0048265
702	39	13	6e-05	0.00018	7.378e+02	0.517	0.505	GO:0060420
703	111	45	6e-05	0.00018	5.283e+03	0.522	0.452	GO:0071478
704	50	20	6e-05	0.00016	1.094e+03	0.5	0.542	GO:2000177
705	23	8	6e-05	0.00011	2.568e+02	0.469	0.571	GO:0007176
706	42	16	6e-05	0.00014	7.968e+02	0.532	0.414	GO:0034644
707	36	11	6e-05	0.00013	6.560e+02	0.515	0.555	GO:0042312
708	35	12	6e-05	0.00012	5.882e+02	0.537	0.462	GO:0043094
709	22	7	6e-05	9e-05	2.458e+02	0.41	0.454	GO:0043536
710	45	18	6e-05	0.00011	8.886e+02	0.567	0.496	GO:0002709
711	37	12	6e-05	0.00017	6.740e+02	0.533	0.512	GO:0007292
712	102	39	6e-05	0.00017	4.613e+03	0.53	0.472	GO:0007517
713	38	12	6e-05	0.00016	7.189e+02	0.484	0.58	GO:0009066
714	112	43	6e-05	0.00017	5.543e+03	0.511	0.466	GO:0009583
715	26	10	6e-05	0.00016	3.087e+02	0.506	0.441	GO:0010559
716	61	24	6e-05	0.00011	1.637e+03	0.528	0.538	GO:0033273
717	91	38	6e-05	0.00017	3.499e+03	0.557	0.464	GO:0034754
718	27	6	6e-05	0.00016	4.214e+02	0.444	0.548	GO:0045923
719	89	35	6e-05	0.00017	3.465e+03	0.533	0.455	GO:0046916
720	20	5	6e-05	0.00017	2.258e+02	0.415	0.552	GO:0051953
721	117	46	5e-05	0.00012	5.967e+03	0.517	0.503	GO:0001822
722	37	15	5e-05	0.00011	5.992e+02	0.526	0.478	GO:0001944
723	29	9	5e-05	0.00011	4.265e+02	0.524	0.458	GO:0007157
724	20	7	5e-05	0.00011	1.948e+02	0.55	0.478	GO:0009208
725	28	9	5e-05	0.00011	3.915e+02	0.519	0.564	GO:0009225
726	23	7	5e-05	0.00014	2.737e+02	0.434	0.621	GO:0010677
727	28	9	5e-05	0.00011	3.915e+02	0.469	0.72	GO:0030032
728	27	10	5e-05	7e-05	3.396e+02	0.515	0.605	GO:0032570
729	27	10	5e-05	0.00014	3.396e+02	0.501	0.237	GO:0043489
730	22	8	5e-05	0.00014	2.298e+02	0.532	0.499	GO:0045622
731	20	8	5e-05	8e-05	1.809e+02	0.527	0.538	GO:0045648
732	41	15	5e-05	0.00011	7.768e+02	0.54	0.598	GO:0046637
733	107	43	5e-05	0.00012	4.936e+03	0.532	0.427	GO:0048469
734	35	14	5e-05	0.00012	5.413e+02	0.554	0.463	GO:0048871
735	29	8	5e-05	0.00013	4.484e+02	0.491	0.406	GO:0050690
736	37	14	5e-05	0.00012	6.231e+02	0.527	0.46	GO:0051148
737	40	16	5e-05	0.00013	7.040e+02	0.548	0.374	GO:0055010
738	21	6	5e-05	0.00016	2.358e+02	0.463	0.563	GO:0000272
739	41	16	5e-05	0.00016	7.499e+02	0.549	0.543	GO:0001678
740	25	7	5e-05	0.00016	3.336e+02	0.477	0.418	GO:0001937
741	24	7	5e-05	0.00016	3.027e+02	0.439	0.656	GO:0003206
742	73	27	5e-05	0.00016	2.417e+03	0.539	0.436	GO:0006090
743	25	6	5e-05	0.00016	3.536e+02	0.456	0.522	GO:0006893
744	27	6	5e-05	0.00016	4.214e+02	0.411	0.448	GO:0007052
745	40	14	5e-05	0.00016	7.568e+02	0.548	0.442	GO:0031343
746	66	25	5e-05	0.00016	1.954e+03	0.511	0.426	GO:0043407
747	49	17	5e-05	0.00016	1.135e+03	0.491	0.541	GO:0045740
748	91	34	5e-05	0.00016	3.724e+03	0.516	0.486	GO:0045766
749	34	11	5e-05	0.00016	5.712e+02	0.539	0.459	GO:0045841
750	47	17	5e-05	0.00016	1.023e+03	0.486	0.555	GO:0045913
751	59	22	5e-05	0.00016	1.579e+03	0.542	0.561	GO:0046634
752	24	6	5e-05	0.00016	3.216e+02	0.435	0.286	GO:0050926
753	39	17	5e-05	0.00016	6.362e+02	0.555	0.463	GO:0060411
754	22	6	5e-05	0.0001	2.627e+02	0.491	0.422	GO:0006297
755	26	9	5e-05	0.00014	3.267e+02	0.49	0.438	GO:0000188
756	32	11	5e-05	0.00014	4.924e+02	0.491	0.548	GO:0000578
757	32	11	5e-05	0.00012	4.924e+02	0.527	0.463	GO:0002792
758	45	18	5e-05	0.00011	8.886e+02	0.502	0.571	GO:0006094
759	69	24	5e-05	0.00014	2.231e+03	0.46	0.565	GO:0010906
760	28	8	5e-05	0.00013	4.125e+02	0.435	0.673	GO:0018146
761	47	16	5e-05	0.00014	1.055e+03	0.523	0.552	GO:0019229
762	37	9	5e-05	0.00014	7.577e+02	0.442	0.518	GO:0022008
763	44	14	5e-05	0.00014	9.563e+02	0.494	0.478	GO:0031424
764	35	11	5e-05	0.00014	6.131e+02	0.505	0.531	GO:0032312
765	68	27	5e-05	0.00011	2.020e+03	0.517	0.526	GO:0032321
766	29	11	5e-05	0.00012	3.856e+02	0.544	0.482	GO:0043588
767	21	8	5e-05	0.0001	2.048e+02	0.538	0.52	GO:0045823
768	45	16	5e-05	0.00014	9.473e+02	0.485	0.659	GO:0046717
769	23	7	5e-05	0.00014	2.737e+02	0.437	0.471	GO:0048484
770	22	6	5e-05	0.00014	2.627e+02	0.473	0.525	GO:0051491
771	57	23	5e-05	0.00014	1.411e+03	0.53	0.43	GO:0060415
772	20	5	5e-05	0.00014	2.258e+02	0.488	0.603	GO:0072676
773	34	11	5e-05	0.00013	5.712e+02	0.475	0.483	GO:2000379
774	34	12	5e-05	0.0001	5.473e+02	0.529	0.562	GO:0006695
775	39	15	5e-05	9e-05	6.850e+02	0.524	0.529	GO:0048806
776	30	9	4e-05	0.00013	4.624e+02	0.474	0.558	GO:0000291
777	25	10	4e-05	0.00013	2.797e+02	0.567	0.505	GO:0001659
778	39	13	4e-05	0.00013	7.378e+02	0.517	0.426	GO:0002763
779	56	25	4e-05	0.00011	1.282e+03	0.566	0.559	GO:0007033
780	112	45	4e-05	9e-05	5.405e+03	0.544	0.441	GO:0007417
781	20	5	4e-05	0.00012	2.258e+02	0.45	0.458	GO:0010714
782	130	53	4e-05	0.00013	7.209e+03	0.516	0.546	GO:0010951
783	129	47	4e-05	0.00013	7.546e+03	0.501	0.505	GO:0018205
784	33	12	4e-05	9e-05	5.083e+02	0.495	0.435	GO:0019320
785	69	28	4e-05	0.00013	2.054e+03	0.556	0.419	GO:0019722
786	24	7	4e-05	0.00011	3.027e+02	0.499	0.451	GO:0030857
787	22	7	4e-05	0.00013	2.458e+02	0.52	0.628	GO:0042417
788	35	9	4e-05	0.0001	6.659e+02	0.445	0.466	GO:0042993
789	30	8	4e-05	0.00013	4.853e+02	0.447	0.502	GO:0045168
790	23	9	4e-05	0.00012	2.408e+02	0.491	0.644	GO:0045930
791	30	8	4e-05	0.00013	4.853e+02	0.425	0.608	GO:0046632
792	20	8	4e-05	9e-05	1.809e+02	0.58	0.352	GO:0052652
793	31	11	4e-05	0.00012	4.554e+02	0.491	0.476	GO:0070192
794	37	13	4e-05	0.00013	6.481e+02	0.486	0.456	GO:0072332
795	27	6	4e-05	0.00013	4.214e+02	0.382	0.566	GO:0098656
796	40	13	4e-05	0.0001	7.847e+02	0.473	0.556	GO:1900543
797	27	11	4e-05	0.00013	3.217e+02	0.521	0.424	GO:1903018
798	56	20	4e-05	9e-05	1.456e+03	0.522	0.498	GO:2000106
799	29	9	4e-05	0.00013	4.265e+02	0.49	0.562	GO:2000278
800	54	19	4e-05	0.00012	1.365e+03	0.505	0.53	GO:0001649
801	60	21	4e-05	0.00012	1.686e+03	0.51	0.5	GO:0001708
802	51	22	4e-05	7e-05	1.088e+03	0.567	0.476	GO:0001947
803	24	8	4e-05	0.00012	2.847e+02	0.437	0.554	GO:0006506
804	39	12	4e-05	0.00012	7.657e+02	0.494	0.582	GO:0006691
805	70	29	4e-05	0.00012	2.088e+03	0.537	0.461	GO:0018212
806	22	7	4e-05	0.0001	2.458e+02	0.442	0.559	GO:0019933
807	30	12	4e-05	0.00012	3.996e+02	0.502	0.418	GO:0022400
808	57	21	4e-05	0.00012	1.484e+03	0.536	0.538	GO:0030204
809	37	12	4e-05	8e-05	6.740e+02	0.48	0.603	GO:0030837
810	40	12	4e-05	8e-05	8.136e+02	0.485	0.558	GO:0035137
811	26	9	4e-05	0.00012	3.267e+02	0.477	0.461	GO:0042133
812	53	20	4e-05	0.00012	1.269e+03	0.563	0.405	GO:0043038
813	73	30	4e-05	8e-05	2.280e+03	0.567	0.475	GO:0048704
814	25	8	4e-05	0.0001	3.147e+02	0.498	0.523	GO:0051693
815	20	6	4e-05	8e-05	2.098e+02	0.491	0.398	GO:0060045
816	39	14	4e-05	8e-05	7.109e+02	0.49	0.602	GO:0090382
817	23	9	4e-05	7e-05	2.408e+02	0.587	0.442	GO:1900449
818	25	7	4e-05	0.00012	3.336e+02	0.515	0.574	GO:1901071
819	23	8	4e-05	0.00012	2.568e+02	0.475	0.641	GO:1901992
820	21	8	4e-05	6e-05	2.048e+02	0.485	0.446	GO:2000351
821	21	5	4e-05	9e-05	2.527e+02	0.374	0.668	GO:0006783
822	31	10	4e-05	0.00011	4.774e+02	0.518	0.512	GO:0006206
823	53	20	4e-05	0.0001	1.269e+03	0.549	0.465	GO:0006213
824	46	16	4e-05	0.00011	1.000e+03	0.483	0.637	GO:0007588
825	32	12	4e-05	5e-05	4.704e+02	0.529	0.396	GO:0008209
826	48	19	4e-05	0.00011	1.015e+03	0.532	0.502	GO:0008589
827	31	10	4e-05	6e-05	4.774e+02	0.481	0.474	GO:0010977
828	84	31	4e-05	0.00011	3.197e+03	0.5	0.476	GO:0016573
829	86	30	4e-05	0.0001	3.448e+03	0.502	0.547	GO:0030217
830	72	26	4e-05	0.00011	2.382e+03	0.498	0.51	GO:0031333
831	66	25	4e-05	0.00011	1.954e+03	0.552	0.571	GO:0032075
832	23	4	4e-05	0.0001	3.306e+02	0.439	0.275	GO:0032369
833	22	7	4e-05	6e-05	2.458e+02	0.498	0.229	GO:0033344
834	29	9	4e-05	0.00011	4.265e+02	0.47	0.494	GO:0042304
835	23	8	4e-05	0.00011	2.568e+02	0.51	0.344	GO:0044773
836	26	8	4e-05	0.00011	3.456e+02	0.469	0.426	GO:0048662
837	44	16	4e-05	0.00011	8.955e+02	0.512	0.43	GO:0051279
838	26	8	4e-05	0.00011	3.456e+02	0.495	0.444	GO:0051350
839	32	12	4e-05	0.00011	4.704e+02	0.524	0.51	GO:0071320
840	37	14	4e-05	0.00011	6.231e+02	0.526	0.431	GO:0071479
841	78	28	4e-05	0.00011	2.800e+03	0.531	0.478	GO:0072527
842	22	9	4e-05	8e-05	2.148e+02	0.488	0.439	GO:0002090
843	67	25	4e-05	8e-05	2.030e+03	0.523	0.556	GO:0010469
844	24	8	4e-05	8e-05	2.847e+02	0.525	0.461	GO:0042537
845	20	8	4e-05	8e-05	1.809e+02	0.542	0.479	GO:0060349
846	24	8	3e-05	6e-05	2.847e+02	0.546	0.411	GO:0001916
847	56	19	3e-05	0.0001	1.494e+03	0.516	0.463	GO:0002708
848	47	14	3e-05	0.0001	1.122e+03	0.494	0.543	GO:0006283
849	25	7	3e-05	7e-05	3.336e+02	0.45	0.483	GO:0006611
850	23	4	3e-05	0.0001	3.306e+02	0.378	0.591	GO:0006706
851	41	12	3e-05	0.0001	8.635e+02	0.481	0.542	GO:0008593
852	27	10	3e-05	7e-05	3.396e+02	0.528	0.561	GO:0009220
853	65	21	3e-05	0.0001	2.054e+03	0.494	0.434	GO:0009798
854	41	16	3e-05	0.0001	7.499e+02	0.518	0.443	GO:0010464
855	37	14	3e-05	0.0001	6.231e+02	0.549	0.554	GO:0014075
856	52	18	3e-05	0.0001	1.277e+03	0.536	0.379	GO:0015748
857	30	6	3e-05	0.0001	5.342e+02	0.388	0.537	GO:0022408
858	20	5	3e-05	0.0001	2.258e+02	0.402	0.724	GO:0030104
859	37	13	3e-05	0.0001	6.481e+02	0.524	0.339	GO:0030514
860	84	32	3e-05	0.0001	3.143e+03	0.508	0.503	GO:0032387
861	20	3	3e-05	0.0001	2.607e+02	0.394	0.309	GO:0034243
862	66	24	3e-05	6e-05	1.997e+03	0.488	0.509	GO:0040014
863	23	7	3e-05	0.0001	2.737e+02	0.436	0.465	GO:0042346
864	23	6	3e-05	0.0001	2.917e+02	0.402	0.507	GO:0043030
865	28	9	3e-05	0.0001	3.915e+02	0.468	0.544	GO:0043551
866	131	51	3e-05	0.0001	7.511e+03	0.522	0.467	GO:0043627
867	22	5	3e-05	0.0001	2.807e+02	0.467	0.462	GO:0046688
868	72	28	3e-05	0.0001	2.289e+03	0.494	0.417	GO:0050673
869	22	7	3e-05	0.0001	2.458e+02	0.502	0.411	GO:0050829
870	21	6	3e-05	0.0001	2.358e+02	0.503	0.47	GO:0050832
871	65	20	3e-05	0.0001	2.099e+03	0.514	0.596	GO:0060337
872	70	28	3e-05	0.0001	2.131e+03	0.513	0.489	GO:0071356
873	23	7	3e-05	0.0001	2.737e+02	0.47	0.713	GO:0090207
874	24	7	3e-05	0.0001	3.027e+02	0.456	0.536	GO:1900739
875	73	27	3e-05	0.0001	2.417e+03	0.486	0.519	GO:2000241
876	47	18	3e-05	8e-05	9.923e+02	0.477	0.537	GO:0032231
877	26	9	3e-05	8e-05	3.267e+02	0.514	0.427	GO:0044060
878	21	6	3e-05	8e-05	2.358e+02	0.457	0.566	GO:0048665
879	29	8	3e-05	7e-05	4.484e+02	0.45	0.542	GO:0006099
880	42	13	3e-05	6e-05	8.834e+02	0.495	0.536	GO:0006909
881	24	7	3e-05	6e-05	3.027e+02	0.471	0.451	GO:0010712
882	21	7	3e-05	7e-05	2.198e+02	0.575	0.307	GO:0014003
883	31	11	3e-05	6e-05	4.554e+02	0.469	0.468	GO:0021954
884	48	17	3e-05	6e-05	1.078e+03	0.48	0.568	GO:0030218
885	25	5	3e-05	6e-05	3.745e+02	0.375	0.529	GO:0042311
886	32	11	3e-05	6e-05	4.924e+02	0.497	0.521	GO:0042461
887	53	21	3e-05	7e-05	1.235e+03	0.535	0.518	GO:0042552
888	47	16	3e-05	6e-05	1.055e+03	0.548	0.563	GO:0042733
889	29	10	3e-05	6e-05	4.055e+02	0.508	0.598	GO:0044275
890	28	6	3e-05	6e-05	4.574e+02	0.447	0.455	GO:0046326
891	30	11	3e-05	7e-05	4.195e+02	0.54	0.625	GO:0046638
892	32	13	3e-05	6e-05	4.495e+02	0.557	0.533	GO:0046928
893	28	10	3e-05	6e-05	3.716e+02	0.492	0.489	GO:0055006
894	50	18	3e-05	7e-05	1.159e+03	0.507	0.545	GO:0070301
895	30	9	3e-05	6e-05	4.624e+02	0.529	0.485	GO:2000514
896	64	24	3e-05	8e-05	1.849e+03	0.528	0.476	GO:0001952
897	57	19	3e-05	8e-05	1.560e+03	0.487	0.471	GO:0002065
898	89	33	3e-05	8e-05	3.577e+03	0.533	0.472	GO:0002685
899	34	11	3e-05	8e-05	5.712e+02	0.505	0.586	GO:0006221
900	22	6	3e-05	8e-05	2.627e+02	0.52	0.663	GO:0006278
901	35	10	3e-05	8e-05	6.390e+02	0.443	0.611	GO:0006284
902	49	17	3e-05	8e-05	1.135e+03	0.484	0.511	GO:0006835
903	22	6	3e-05	8e-05	2.627e+02	0.479	0.588	GO:0006906
904	57	19	3e-05	8e-05	1.560e+03	0.524	0.407	GO:0007202
905	38	9	3e-05	8e-05	8.055e+02	0.423	0.533	GO:0030049
906	93	33	3e-05	8e-05	3.993e+03	0.521	0.44	GO:0032412
907	21	6	3e-05	8e-05	2.358e+02	0.502	0.616	GO:0032673
908	32	9	3e-05	8e-05	5.392e+02	0.426	0.595	GO:0032720
909	46	15	3e-05	8e-05	1.032e+03	0.489	0.557	GO:0032768
910	60	22	3e-05	8e-05	1.646e+03	0.516	0.424	GO:0033013
911	39	10	3e-05	8e-05	8.245e+02	0.445	0.447	GO:0035690
912	33	12	3e-05	8e-05	5.083e+02	0.486	0.502	GO:0042516
913	26	8	3e-05	8e-05	3.456e+02	0.471	0.461	GO:0043113
914	30	7	3e-05	8e-05	5.093e+02	0.464	0.421	GO:0045429
915	86	31	3e-05	8e-05	3.391e+03	0.506	0.55	GO:0045732
916	33	8	3e-05	8e-05	6.060e+02	0.46	0.477	GO:0045776
917	20	4	3e-05	8e-05	2.427e+02	0.477	0.488	GO:0045851
918	35	11	3e-05	8e-05	6.131e+02	0.508	0.527	GO:0046134
919	100	36	3e-05	8e-05	4.578e+03	0.515	0.461	GO:0050671
920	58	22	3e-05	8e-05	1.512e+03	0.512	0.464	GO:0050777
921	44	11	3e-05	8e-05	1.055e+03	0.444	0.575	GO:0060078
922	28	8	3e-05	8e-05	4.125e+02	0.518	0.54	GO:2001238
923	56	22	2e-05	5e-05	1.383e+03	0.531	0.522	GO:0007272
924	42	10	2e-05	5e-05	9.791e+02	0.496	0.564	GO:0034637
925	40	10	2e-05	5e-05	8.744e+02	0.442	0.506	GO:0045778
926	90	36	2e-05	7e-05	3.509e+03	0.537	0.488	GO:0001894
927	48	17	2e-05	7e-05	1.078e+03	0.529	0.52	GO:0006220
928	115	43	2e-05	7e-05	5.925e+03	0.504	0.426	GO:0006766
929	62	19	2e-05	7e-05	1.915e+03	0.478	0.462	GO:0009062
930	27	8	2e-05	7e-05	3.785e+02	0.523	0.409	GO:0010743
931	36	11	2e-05	7e-05	6.560e+02	0.488	0.494	GO:0010883
932	34	10	2e-05	7e-05	5.961e+02	0.504	0.547	GO:0018107
933	89	34	2e-05	7e-05	3.521e+03	0.509	0.48	GO:0018394
934	23	4	2e-05	7e-05	3.306e+02	0.446	0.273	GO:0021533
935	57	19	2e-05	7e-05	1.560e+03	0.524	0.484	GO:0030900
936	21	5	2e-05	7e-05	2.527e+02	0.484	0.54	GO:0031114
937	37	13	2e-05	6e-05	6.481e+02	0.526	0.455	GO:0031644
938	23	6	2e-05	7e-05	2.917e+02	0.429	0.454	GO:0032731
939	34	11	2e-05	7e-05	5.712e+02	0.462	0.678	GO:0034121
940	23	7	2e-05	7e-05	2.737e+02	0.499	0.23	GO:0034367
941	88	36	2e-05	7e-05	3.313e+03	0.521	0.51	GO:0042384
942	106	39	2e-05	7e-05	5.082e+03	0.522	0.485	GO:0043280
943	67	26	2e-05	7e-05	1.987e+03	0.554	0.492	GO:0045621
944	83	32	2e-05	7e-05	3.050e+03	0.537	0.403	GO:0048872
945	122	50	2e-05	7e-05	6.334e+03	0.519	0.559	GO:0050769
946	38	11	2e-05	7e-05	7.468e+02	0.478	0.643	GO:0050982
947	42	13	2e-05	7e-05	8.834e+02	0.503	0.574	GO:0072528
948	21	7	2e-05	6e-05	2.198e+02	0.449	0.576	GO:0002040
949	26	5	2e-05	6e-05	4.084e+02	0.424	0.421	GO:0006298
950	37	15	2e-05	5e-05	5.992e+02	0.542	0.459	GO:0010043
951	46	16	2e-05	6e-05	1.000e+03	0.476	0.527	GO:0014068
952	146	61	2e-05	4e-05	8.953e+03	0.541	0.436	GO:0016197
953	28	7	2e-05	6e-05	4.344e+02	0.439	0.474	GO:0017158
954	36	11	2e-05	6e-05	6.560e+02	0.478	0.583	GO:0021515
955	34	10	2e-05	6e-05	5.961e+02	0.448	0.454	GO:0030282
956	30	10	2e-05	4e-05	4.405e+02	0.489	0.535	GO:0030818
957	62	21	2e-05	6e-05	1.829e+03	0.509	0.466	GO:0032846
958	40	11	2e-05	6e-05	8.435e+02	0.435	0.425	GO:0032890
959	21	7	2e-05	6e-05	2.198e+02	0.474	0.439	GO:0032925
960	22	6	2e-05	6e-05	2.627e+02	0.416	0.477	GO:0033108
961	49	16	2e-05	6e-05	1.169e+03	0.506	0.463	GO:0035914
962	26	7	2e-05	6e-05	3.656e+02	0.464	0.349	GO:0042246
963	24	5	2e-05	6e-05	3.416e+02	0.434	0.563	GO:0042474
964	61	19	2e-05	6e-05	1.841e+03	0.512	0.408	GO:0043112
965	21	9	2e-05	6e-05	1.909e+02	0.514	0.62	GO:0043299
966	29	9	2e-05	6e-05	4.265e+02	0.481	0.558	GO:0043928
967	34	13	2e-05	6e-05	5.243e+02	0.563	0.282	GO:0045668
968	20	4	2e-05	4e-05	2.427e+02	0.392	0.622	GO:0045773
969	41	15	2e-05	6e-05	7.768e+02	0.551	0.412	GO:0045839
970	113	46	2e-05	6e-05	5.461e+03	0.557	0.451	GO:0048568
971	22	5	2e-05	6e-05	2.807e+02	0.42	0.358	GO:0050912
972	112	44	2e-05	6e-05	5.473e+03	0.524	0.54	GO:0051495
973	28	6	2e-05	6e-05	4.574e+02	0.45	0.535	GO:0051702
974	114	43	2e-05	6e-05	5.796e+03	0.532	0.416	GO:0055076
975	33	9	2e-05	6e-05	5.801e+02	0.471	0.586	GO:0071326
976	27	9	2e-05	6e-05	3.586e+02	0.47	0.719	GO:0090329
977	87	35	2e-05	6e-05	3.270e+03	0.521	0.466	GO:1903046
978	108	42	2e-05	4e-05	5.120e+03	0.479	0.555	GO:0001503
979	41	16	2e-05	5e-05	7.499e+02	0.528	0.456	GO:0001709
980	58	25	2e-05	5e-05	1.404e+03	0.553	0.562	GO:0001816
981	76	30	2e-05	4e-05	2.527e+03	0.517	0.45	GO:0001936
982	39	14	2e-05	5e-05	7.109e+02	0.53	0.413	GO:0002260
983	28	9	2e-05	5e-05	3.915e+02	0.434	0.631	GO:0005979
984	42	16	2e-05	4e-05	7.968e+02	0.536	0.459	GO:0006029
985	25	6	2e-05	5e-05	3.536e+02	0.478	0.481	GO:0006378
986	40	12	2e-05	5e-05	8.136e+02	0.457	0.561	GO:0006901
987	37	10	2e-05	5e-05	7.288e+02	0.473	0.482	GO:0007077
988	45	16	2e-05	5e-05	9.473e+02	0.529	0.554	GO:0007193
989	93	35	2e-05	5e-05	3.873e+03	0.51	0.59	GO:0007218
990	104	42	2e-05	4e-05	4.651e+03	0.524	0.46	GO:0007602
991	61	21	2e-05	5e-05	1.757e+03	0.488	0.488	GO:0010631
992	77	29	2e-05	5e-05	2.661e+03	0.501	0.579	GO:0010821
993	32	8	2e-05	5e-05	5.642e+02	0.454	0.432	GO:0010828
994	63	24	2e-05	5e-05	1.777e+03	0.497	0.566	GO:0015698
995	62	22	2e-05	5e-05	1.787e+03	0.506	0.497	GO:0016579
996	41	13	2e-05	5e-05	8.336e+02	0.501	0.549	GO:0019748
997	94	34	2e-05	5e-05	4.039e+03	0.52	0.486	GO:0019751
998	46	15	2e-05	3e-05	1.032e+03	0.513	0.364	GO:0021782
999	25	7	2e-05	5e-05	3.336e+02	0.503	0.438	GO:0030206
1000	35	10	2e-05	5e-05	6.390e+02	0.478	0.415	GO:0030317
1001	29	7	2e-05	5e-05	4.713e+02	0.434	0.497	GO:0031128
1002	59	20	2e-05	4e-05	1.657e+03	0.511	0.576	GO:0032273
1003	71	29	2e-05	3e-05	2.166e+03	0.514	0.47	GO:0032355
1004	86	33	2e-05	4e-05	3.281e+03	0.537	0.522	GO:0032507
1005	23	5	2e-05	5e-05	3.106e+02	0.395	0.592	GO:0033146
1006	42	15	2e-05	5e-05	8.247e+02	0.51	0.542	GO:0033762
1007	41	12	2e-05	5e-05	8.635e+02	0.467	0.468	GO:0042059
1008	21	4	2e-05	5e-05	2.707e+02	0.348	0.6	GO:0042116
1009	57	21	2e-05	5e-05	1.484e+03	0.48	0.669	GO:0042472
1010	25	8	2e-05	5e-05	3.147e+02	0.525	0.376	GO:0042481
1011	50	20	2e-05	5e-05	1.094e+03	0.573	0.384	GO:0044728
1012	27	7	2e-05	4e-05	3.995e+02	0.434	0.63	GO:0045494
1013	112	46	2e-05	5e-05	5.337e+03	0.559	0.462	GO:0045619
1014	44	16	2e-05	2e-05	8.955e+02	0.542	0.566	GO:0046635
1015	24	7	2e-05	4e-05	3.027e+02	0.487	0.498	GO:0050850
1016	38	13	2e-05	5e-05	6.919e+02	0.516	0.525	GO:0050911
1017	39	14	2e-05	5e-05	7.109e+02	0.486	0.507	GO:0051017
1018	35	12	2e-05	5e-05	5.882e+02	0.461	0.419	GO:0051058
1019	22	7	2e-05	5e-05	2.458e+02	0.489	0.276	GO:0051181
1020	69	28	2e-05	4e-05	2.054e+03	0.552	0.541	GO:0060606
1021	33	9	2e-05	5e-05	5.801e+02	0.453	0.427	GO:0070169
1022	23	7	2e-05	4e-05	2.737e+02	0.484	0.461	GO:0086001
1023	53	18	1e-05	3e-05	1.339e+03	0.469	0.591	GO:0002460
1024	20	6	1e-05	3e-05	2.098e+02	0.48	0.468	GO:0007140
1025	22	7	1e-05	3e-05	2.458e+02	0.436	0.449	GO:0010799
1026	80	24	1e-05	4e-05	3.202e+03	0.493	0.437	GO:0001568
1027	121	46	1e-05	4e-05	6.497e+03	0.524	0.514	GO:0002224
1028	36	11	1e-05	4e-05	6.560e+02	0.488	0.499	GO:0003007
1029	30	9	1e-05	4e-05	4.624e+02	0.486	0.523	GO:0006370
1030	52	20	1e-05	4e-05	1.209e+03	0.518	0.594	GO:0006888
1031	31	11	1e-05	4e-05	4.554e+02	0.532	0.552	GO:0006891
1032	37	12	1e-05	4e-05	6.740e+02	0.455	0.43	GO:0007044
1033	23	7	1e-05	4e-05	2.737e+02	0.489	0.486	GO:0007062
1034	65	23	1e-05	4e-05	1.965e+03	0.51	0.542	GO:0007589
1035	23	7	1e-05	4e-05	2.737e+02	0.494	0.664	GO:0008299
1036	23	7	1e-05	4e-05	2.737e+02	0.428	0.524	GO:0009595
1037	27	10	1e-05	4e-05	3.396e+02	0.541	0.524	GO:0010508
1038	40	14	1e-05	4e-05	7.568e+02	0.475	0.581	GO:0010676
1039	22	5	1e-05	4e-05	2.807e+02	0.46	0.487	GO:0010823
1040	68	26	1e-05	4e-05	2.063e+03	0.516	0.42	GO:0030518
1041	72	23	1e-05	4e-05	2.528e+03	0.452	0.562	GO:0030810
1042	20	6	1e-05	4e-05	2.098e+02	0.472	0.398	GO:0030879
1043	83	30	1e-05	4e-05	3.156e+03	0.542	0.592	GO:0030968
1044	96	38	1e-05	4e-05	4.012e+03	0.548	0.485	GO:0031668
1045	26	7	1e-05	4e-05	3.656e+02	0.472	0.413	GO:0032873
1046	34	11	1e-05	4e-05	5.712e+02	0.47	0.459	GO:0033865
1047	94	38	1e-05	4e-05	3.803e+03	0.526	0.538	GO:0035239
1048	33	10	1e-05	4e-05	5.552e+02	0.454	0.6	GO:0042992
1049	20	4	1e-05	4e-05	2.427e+02	0.411	0.395	GO:0043537
1050	28	8	1e-05	4e-05	4.125e+02	0.545	0.391	GO:0044743
1051	26	9	1e-05	4e-05	3.267e+02	0.521	0.532	GO:0046132
1052	180	74	1e-05	4e-05	1.370e+04	0.516	0.515	GO:0046474
1053	56	19	1e-05	4e-05	1.494e+03	0.531	0.395	GO:0046651
1054	40	12	1e-05	4e-05	8.136e+02	0.437	0.556	GO:0046677
1055	34	10	1e-05	4e-05	5.961e+02	0.485	0.344	GO:0046686
1056	20	6	1e-05	4e-05	2.098e+02	0.477	0.474	GO:0051412
1057	40	15	1e-05	4e-05	7.299e+02	0.559	0.348	GO:0055117
1058	29	9	1e-05	4e-05	4.265e+02	0.504	0.549	GO:0060043
1059	53	15	1e-05	4e-05	1.453e+03	0.472	0.545	GO:0060359
1060	63	25	1e-05	4e-05	1.737e+03	0.523	0.477	GO:0070304
1061	20	4	1e-05	4e-05	2.427e+02	0.406	0.54	GO:0070371
1062	30	9	1e-05	4e-05	4.624e+02	0.428	0.631	GO:0070873
1063	43	13	1e-05	4e-05	9.353e+02	0.531	0.359	GO:0070988
1064	32	9	1e-05	4e-05	5.392e+02	0.477	0.586	GO:0071331
1065	30	9	1e-05	4e-05	4.624e+02	0.503	0.292	GO:0071827
1066	22	7	1e-05	4e-05	2.458e+02	0.49	0.461	GO:0086002
1067	55	18	1e-05	4e-05	1.467e+03	0.454	0.562	GO:0090277
1068	20	5	1e-05	4e-05	2.258e+02	0.467	0.53	GO:0090342
1069	46	14	1e-05	4e-05	1.065e+03	0.452	0.637	GO:0097306
1070	109	43	1e-05	2e-05	5.174e+03	0.532	0.498	GO:0001764
1071	94	40	1e-05	2e-05	3.690e+03	0.537	0.444	GO:0002495
1072	58	20	1e-05	2e-05	1.588e+03	0.523	0.453	GO:0002705
1073	21	7	1e-05	2e-05	2.198e+02	0.534	0.468	GO:0002832
1074	40	14	1e-05	2e-05	7.568e+02	0.554	0.445	GO:0006144
1075	32	10	1e-05	2e-05	5.153e+02	0.508	0.441	GO:0006312
1076	22	3	1e-05	2e-05	3.196e+02	0.398	0.816	GO:0006400
1077	49	15	1e-05	2e-05	1.204e+03	0.501	0.587	GO:0006636
1078	38	10	1e-05	2e-05	7.757e+02	0.46	0.4	GO:0006754
1079	36	12	1e-05	2e-05	6.301e+02	0.499	0.525	GO:0006821
1080	94	32	1e-05	2e-05	4.163e+03	0.536	0.448	GO:0007163
1081	33	10	1e-05	2e-05	5.552e+02	0.478	0.48	GO:0007257
1082	24	8	1e-05	2e-05	2.847e+02	0.506	0.641	GO:0007492
1083	41	14	1e-05	2e-05	8.047e+02	0.463	0.601	GO:0009247
1084	77	30	1e-05	2e-05	2.613e+03	0.508	0.478	GO:0010970
1085	22	5	1e-05	2e-05	2.807e+02	0.45	0.407	GO:0015985
1086	97	34	1e-05	2e-05	4.368e+03	0.524	0.438	GO:0022898
1087	22	9	1e-05	2e-05	2.148e+02	0.54	0.432	GO:0030201
1088	71	25	1e-05	2e-05	2.347e+03	0.502	0.423	GO:0030510
1089	34	11	1e-05	2e-05	5.712e+02	0.469	0.55	GO:0030815
1090	34	10	1e-05	2e-05	5.961e+02	0.493	0.521	GO:0030834
1091	51	15	1e-05	2e-05	1.325e+03	0.492	0.373	GO:0030888
1092	32	8	1e-05	2e-05	5.642e+02	0.486	0.449	GO:0032371
1093	54	18	1e-05	2e-05	1.402e+03	0.484	0.408	GO:0033138
1094	115	43	1e-05	2e-05	5.925e+03	0.52	0.568	GO:0033500
1095	79	31	1e-05	2e-05	2.738e+03	0.545	0.534	GO:0034138
1096	45	17	1e-05	2e-05	9.175e+02	0.521	0.473	GO:0042044
1097	33	9	1e-05	2e-05	5.801e+02	0.48	0.496	GO:0042220
1098	22	5	1e-05	2e-05	2.807e+02	0.44	0.456	GO:0042430
1099	22	5	1e-05	2e-05	2.807e+02	0.446	0.652	GO:0043330
1100	36	11	1e-05	2e-05	6.560e+02	0.443	0.562	GO:0043473
1101	49	15	1e-05	2e-05	1.204e+03	0.468	0.484	GO:0043542
1102	154	59	1e-05	2e-05	1.045e+04	0.534	0.46	GO:0043603
1103	51	16	1e-05	2e-05	1.288e+03	0.469	0.444	GO:0044070
1104	124	47	1e-05	2e-05	6.832e+03	0.524	0.501	GO:0044242
1105	27	7	1e-05	2e-05	3.995e+02	0.435	0.53	GO:0044253
1106	28	9	1e-05	2e-05	3.915e+02	0.449	0.62	GO:0045055
1107	23	8	1e-05	2e-05	2.568e+02	0.452	0.672	GO:0045661
1108	27	7	1e-05	2e-05	3.995e+02	0.402	0.621	GO:0045912
1109	125	49	1e-05	2e-05	6.817e+03	0.492	0.558	GO:0046488
1110	33	11	1e-05	2e-05	5.313e+02	0.499	0.407	GO:0048387
1111	25	9	1e-05	2e-05	2.967e+02	0.507	0.624	GO:0050691
1112	36	10	1e-05	2e-05	6.829e+02	0.454	0.622	GO:0055081
1113	24	7	1e-05	2e-05	3.027e+02	0.463	0.479	GO:0055090
1114	25	6	1e-05	2e-05	3.536e+02	0.444	0.477	GO:0060330
1115	76	25	1e-05	2e-05	2.776e+03	0.473	0.504	GO:0060560
1116	28	9	1e-05	2e-05	3.915e+02	0.507	0.43	GO:0060674
1117	57	22	1e-05	2e-05	1.447e+03	0.521	0.442	GO:0072524
1118	38	9	1e-05	2e-05	8.055e+02	0.464	0.498	GO:1901800
1119	89	35	1e-05	2e-05	3.465e+03	0.534	0.431	GO:1902275
1120	51	18	1e-05	2e-05	1.218e+03	0.491	0.494	GO:2001252
1121	50	16	0.0	1e-05	1.227e+03	0.487	0.509	GO:0000725
1122	88	29	0.0	1e-05	3.709e+03	0.494	0.508	GO:0001959
1123	27	8	0.0	1e-05	3.785e+02	0.473	0.351	GO:0001960
1124	23	3	0.0	1e-05	3.515e+02	0.442	0.729	GO:0001990
1125	57	19	0.0	1e-05	1.560e+03	0.459	0.568	GO:0002793
1126	47	17	0.0	1e-05	1.023e+03	0.537	0.359	GO:0006096
1127	93	37	0.0	1e-05	3.757e+03	0.517	0.471	GO:0006475
1128	60	20	0.0	1e-05	1.727e+03	0.491	0.604	GO:0006672
1129	48	18	0.0	1e-05	1.046e+03	0.541	0.436	GO:0006749
1130	84	30	0.0	1e-05	3.252e+03	0.486	0.518	GO:0006836
1131	170	68	0.0	1e-05	1.242e+04	0.519	0.528	GO:0007568
1132	85	31	0.0	1e-05	3.294e+03	0.502	0.421	GO:0007603
1133	38	12	0.0	1e-05	7.189e+02	0.41	0.556	GO:0008156
1134	106	38	0.0	1e-05	5.150e+03	0.499	0.461	GO:0008406
1135	50	20	0.0	1e-05	1.094e+03	0.549	0.403	GO:0008630
1136	97	34	0.0	1e-05	4.368e+03	0.476	0.482	GO:0009108
1137	29	10	0.0	1e-05	4.055e+02	0.514	0.485	GO:0010524
1138	23	6	0.0	1e-05	2.917e+02	0.429	0.57	GO:0010574
1139	28	8	0.0	1e-05	4.125e+02	0.43	0.456	GO:0016925
1140	37	11	0.0	1e-05	7.009e+02	0.503	0.57	GO:0018210
1141	27	7	0.0	1e-05	3.995e+02	0.492	0.575	GO:0021983
1142	39	10	0.0	1e-05	8.245e+02	0.511	0.48	GO:0030004
1143	30	7	0.0	1e-05	5.093e+02	0.407	0.449	GO:0030513
1144	62	18	0.0	1e-05	1.960e+03	0.486	0.589	GO:0032200
1145	46	13	0.0	1e-05	1.099e+03	0.442	0.589	GO:0032272
1146	143	51	0.0	1e-05	9.362e+03	0.504	0.555	GO:0032535
1147	23	6	0.0	1e-05	2.917e+02	0.452	0.485	GO:0032965
1148	22	5	0.0	1e-05	2.807e+02	0.433	0.348	GO:0034105
1149	42	12	0.0	1e-05	9.143e+02	0.514	0.511	GO:0035136
1150	89	31	0.0	1e-05	3.693e+03	0.545	0.589	GO:0035967
1151	60	19	0.0	1e-05	1.769e+03	0.487	0.509	GO:0042108
1152	29	9	0.0	1e-05	4.265e+02	0.415	0.547	GO:0042168
1153	66	22	0.0	1e-05	2.086e+03	0.504	0.375	GO:0042475
1154	50	13	0.0	1e-05	1.338e+03	0.484	0.498	GO:0043242
1155	63	20	0.0	1e-05	1.946e+03	0.438	0.588	GO:0043255
1156	63	23	0.0	1e-05	1.818e+03	0.516	0.475	GO:0043484
1157	110	41	0.0	1e-05	5.433e+03	0.522	0.472	GO:0044724
1158	31	8	0.0	1e-05	5.242e+02	0.462	0.279	GO:0045600
1159	65	23	0.0	1e-05	1.965e+03	0.513	0.516	GO:0045639
1160	34	9	0.0	1e-05	6.220e+02	0.464	0.578	GO:0045840
1161	69	23	0.0	1e-05	2.278e+03	0.484	0.395	GO:0048145
1162	53	18	0.0	1e-05	1.339e+03	0.459	0.526	GO:0050807
1163	23	5	0.0	1e-05	3.106e+02	0.413	0.308	GO:0050927
1164	96	37	0.0	1e-05	4.072e+03	0.524	0.537	GO:0051896
1165	31	10	0.0	1e-05	4.774e+02	0.528	0.438	GO:0060325
1166	22	7	0.0	1e-05	2.458e+02	0.51	0.507	GO:0061337
1167	85	30	0.0	1e-05	3.349e+03	0.474	0.511	GO:0070507
1168	54	15	0.0	1e-05	1.518e+03	0.464	0.378	GO:0070664
1169	104	38	0.0	1e-05	4.911e+03	0.52	0.445	GO:0070665
1170	51	16	0.0	1e-05	1.288e+03	0.442	0.552	GO:0071383
1171	31	10	0.0	1e-05	4.774e+02	0.513	0.321	GO:0071825
1172	67	23	0.0	1e-05	2.118e+03	0.477	0.535	GO:0090317
1173	20	6	0.0	1e-05	2.098e+02	0.436	0.486	GO:0098581
1174	64	22	0.0	1e-05	1.933e+03	0.533	0.434	GO:1900274
1175	24	8	0.0	1e-05	2.847e+02	0.476	0.641	GO:1901989
1176	67	24	0.0	1e-05	2.074e+03	0.505	0.503	GO:1902106
1177	60	21	0.0	1e-05	1.686e+03	0.537	0.34	GO:1903311
1178	143	57	0.0	1e-05	8.825e+03	0.507	0.503	GO:2000027
1179	23	7	0.0	1e-05	2.737e+02	0.496	0.474	GO:2000191
