Order	#(Annotations)	#(Annotations of perturbed genes)	Mean Posterior Probability	Standard Deviation Posterior Probability	p-value	Average Expression Level	Average position perturbed genes	Term Name
1	25	15	0.06282	0.06755	2.059e+02	0.655	0.522	GO:0045058
2	20	11	0.02174	0.02303	1.449e+02	0.589	0.484	GO:0002861
3	20	11	0.01469	0.02452	1.449e+02	0.597	0.498	GO:0031640
4	31	16	0.01022	0.01653	3.607e+02	0.628	0.477	GO:0031060
5	28	14	0.0091	0.01738	3.018e+02	0.578	0.482	GO:0046058
6	21	11	0.00848	0.01097	1.659e+02	0.643	0.448	GO:0008045
7	23	12	0.0083	0.01169	1.989e+02	0.63	0.484	GO:0009081
8	38	18	0.00574	0.00933	5.723e+02	0.535	0.546	GO:0030049
9	43	20	0.00539	0.00815	7.400e+02	0.575	0.497	GO:0045980
10	23	11	0.00522	0.01227	2.118e+02	0.635	0.494	GO:0006071
11	23	12	0.0044	0.00889	1.989e+02	0.658	0.526	GO:0010677
12	30	14	0.00393	0.00374	3.627e+02	0.613	0.54	GO:0045104
13	64	29	0.0039	0.00568	1.655e+03	0.556	0.557	GO:0006987
14	27	13	0.00374	0.00509	2.888e+02	0.626	0.531	GO:0090329
15	20	10	0.0037	0.00483	1.559e+02	0.507	0.66	GO:0042744
16	24	11	0.00355	0.00407	2.368e+02	0.562	0.589	GO:0071514
17	30	14	0.00336	0.00481	3.627e+02	0.635	0.552	GO:0070873
18	21	11	0.00304	0.00765	1.659e+02	0.587	0.522	GO:0015844
19	34	15	0.00285	0.00307	4.815e+02	0.583	0.474	GO:0033865
20	22	10	0.00265	0.00452	2.009e+02	0.573	0.492	GO:0000819
21	27	13	0.00262	0.00332	2.888e+02	0.617	0.505	GO:0045912
22	39	17	0.00255	0.00463	6.362e+02	0.54	0.548	GO:0001906
23	28	13	0.00242	0.00332	3.177e+02	0.579	0.539	GO:0006309
24	31	14	0.0024	0.00486	3.956e+02	0.512	0.533	GO:0006206
25	21	10	0.0024	0.00391	1.779e+02	0.581	0.486	GO:0035813
26	22	10	0.00233	0.00421	2.009e+02	0.531	0.594	GO:0010507
27	38	17	0.00212	0.00283	5.943e+02	0.547	0.553	GO:0006754
28	21	10	0.00195	0.00439	1.779e+02	0.581	0.519	GO:0033081
29	58	25	0.0019	0.00179	1.404e+03	0.574	0.523	GO:0043467
30	24	11	0.00171	0.0021	2.368e+02	0.597	0.42	GO:0016447
31	34	15	0.00169	0.00222	4.815e+02	0.6	0.574	GO:0032881
32	26	12	0.00166	0.00296	2.758e+02	0.591	0.45	GO:0032350
33	29	13	0.00166	0.00185	3.487e+02	0.564	0.383	GO:0015988
34	59	25	0.00164	0.00285	1.468e+03	0.521	0.509	GO:0015992
35	29	14	0.00162	0.0029	3.317e+02	0.515	0.645	GO:0042743
36	21	10	0.00162	0.00242	1.779e+02	0.635	0.419	GO:0006482
37	23	10	0.00162	0.00271	2.258e+02	0.553	0.486	GO:0044062
38	23	10	0.00156	0.00195	2.258e+02	0.559	0.465	GO:0007062
39	20	9	0.00154	0.00263	1.679e+02	0.601	0.56	GO:0060479
40	66	28	0.00152	0.00177	1.832e+03	0.61	0.559	GO:2000117
41	21	9	0.0015	0.0019	1.909e+02	0.603	0.51	GO:0051354
42	32	15	0.00146	0.0022	4.106e+02	0.535	0.552	GO:0045931
43	33	15	0.00141	0.00216	4.455e+02	0.579	0.465	GO:0071173
44	23	10	0.00141	0.00173	2.258e+02	0.56	0.506	GO:0006692
45	26	11	0.0013	0.00207	2.917e+02	0.616	0.448	GO:0042133
46	27	12	0.00128	0.00155	3.047e+02	0.614	0.416	GO:0051983
47	34	15	0.00122	0.00289	4.815e+02	0.563	0.437	GO:0002889
48	35	15	0.00121	0.00181	5.194e+02	0.62	0.46	GO:0006284
49	31	14	0.0012	0.00116	3.956e+02	0.595	0.54	GO:0045103
50	58	24	0.00118	0.00254	1.439e+03	0.593	0.446	GO:0050777
51	51	22	0.00113	0.00216	1.088e+03	0.524	0.608	GO:0072655
52	29	12	0.00113	0.00258	3.666e+02	0.609	0.382	GO:2000179
53	63	26	0.00112	0.00249	1.698e+03	0.605	0.544	GO:0043154
54	22	10	0.00109	0.0016	2.009e+02	0.626	0.588	GO:0008207
55	25	11	0.00109	0.00174	2.638e+02	0.566	0.496	GO:0006611
56	25	10	0.00105	0.00217	2.798e+02	0.547	0.506	GO:0030212
57	25	11	0.00105	0.00264	2.638e+02	0.579	0.503	GO:0031280
58	28	12	0.00102	0.00207	3.347e+02	0.523	0.575	GO:0032845
59	24	11	0.00099	0.00162	2.368e+02	0.606	0.436	GO:0055090
60	41	18	0.00098	0.00223	6.991e+02	0.588	0.453	GO:0046889
61	21	10	0.00098	0.00174	1.779e+02	0.563	0.508	GO:0031670
62	46	20	0.00096	0.00181	8.827e+02	0.547	0.436	GO:1902600
63	20	9	0.00094	0.00171	1.679e+02	0.603	0.3	GO:0007031
64	31	14	0.00094	0.00177	3.956e+02	0.569	0.461	GO:0015682
65	31	14	0.00094	0.00109	3.956e+02	0.572	0.541	GO:0072529
66	23	11	0.0009	0.0013	2.118e+02	0.634	0.485	GO:0021533
67	23	10	0.0009	0.0014	2.258e+02	0.566	0.527	GO:0061515
68	28	12	0.00088	0.00194	3.347e+02	0.624	0.528	GO:0005979
69	21	9	0.00088	0.00144	1.909e+02	0.553	0.493	GO:0050832
70	25	11	0.00087	0.00123	2.638e+02	0.602	0.447	GO:0042181
71	34	14	0.00086	0.00138	5.024e+02	0.572	0.499	GO:0030815
72	32	13	0.00086	0.001	4.495e+02	0.588	0.555	GO:0032885
73	25	11	0.00086	0.0017	2.638e+02	0.602	0.542	GO:0030206
74	45	19	0.00086	0.00109	8.607e+02	0.534	0.566	GO:0070252
75	35	14	0.00085	0.00217	5.413e+02	0.546	0.489	GO:0071174
76	23	10	0.00084	0.00142	2.258e+02	0.554	0.443	GO:0033146
77	23	10	0.00084	0.00107	2.258e+02	0.57	0.487	GO:0034367
78	35	15	0.00083	0.00169	5.194e+02	0.565	0.477	GO:0001942
79	29	12	0.00083	0.00136	3.666e+02	0.563	0.465	GO:0001975
80	26	10	0.00083	0.00099	3.087e+02	0.488	0.554	GO:0043631
81	22	9	0.00083	0.00103	2.148e+02	0.578	0.566	GO:0018200
82	20	7	0.0008	0.00192	1.948e+02	0.5	0.451	GO:0019724
83	27	11	0.0008	0.00129	3.217e+02	0.578	0.448	GO:0032570
84	28	12	0.00076	0.00145	3.347e+02	0.591	0.289	GO:0044743
85	31	13	0.00076	0.00183	4.146e+02	0.54	0.451	GO:0045124
86	35	15	0.00075	0.00102	5.194e+02	0.579	0.508	GO:0030800
87	24	10	0.00074	0.00106	2.518e+02	0.569	0.491	GO:0007194
88	36	15	0.00074	0.00091	5.583e+02	0.536	0.447	GO:0006584
89	33	13	0.00073	0.00102	4.864e+02	0.562	0.564	GO:0007257
90	36	15	0.00072	0.00131	5.583e+02	0.503	0.427	GO:0021766
91	30	12	0.00072	0.00138	3.996e+02	0.556	0.49	GO:0030818
92	39	16	0.00072	0.0012	6.601e+02	0.537	0.568	GO:0032104
93	22	9	0.00071	0.00142	2.148e+02	0.52	0.411	GO:0042417
94	32	14	0.0007	0.00169	4.296e+02	0.568	0.675	GO:0042461
95	33	14	0.0007	0.0014	4.655e+02	0.587	0.307	GO:0065002
96	32	15	0.0007	0.00137	4.106e+02	0.534	0.595	GO:2000107
97	32	14	0.00068	0.00134	4.296e+02	0.567	0.489	GO:0007094
98	30	12	0.00068	0.00084	3.996e+02	0.55	0.602	GO:0032465
99	23	8	0.00068	0.00149	2.568e+02	0.488	0.483	GO:0001990
100	66	29	0.00068	0.00149	1.793e+03	0.552	0.557	GO:0032075
101	28	12	0.00067	0.00096	3.347e+02	0.535	0.528	GO:0046189
102	23	9	0.00066	0.00152	2.408e+02	0.626	0.367	GO:0032504
103	33	14	0.00064	0.00119	4.655e+02	0.546	0.565	GO:0016056
104	28	12	0.00063	0.00085	3.347e+02	0.521	0.518	GO:0003073
105	25	11	0.00063	0.00176	2.638e+02	0.598	0.558	GO:0010226
106	77	32	0.00062	0.00122	2.519e+03	0.573	0.517	GO:0021953
107	50	20	0.00062	0.00128	1.094e+03	0.585	0.521	GO:0006885
108	29	13	0.00061	0.0009	3.487e+02	0.56	0.539	GO:0000737
109	21	9	0.0006	0.0009	1.909e+02	0.533	0.579	GO:0046135
110	31	13	0.00059	0.00113	4.146e+02	0.555	0.482	GO:0030279
111	22	9	0.00059	0.0007	2.148e+02	0.496	0.498	GO:0015985
112	21	8	0.00059	0.00147	2.048e+02	0.489	0.473	GO:0046329
113	36	15	0.00059	0.00093	5.583e+02	0.538	0.448	GO:0046850
114	21	8	0.00058	0.00091	2.048e+02	0.561	0.44	GO:0045907
115	49	21	0.00058	0.00072	1.009e+03	0.518	0.601	GO:0006626
116	22	9	0.00058	0.00077	2.148e+02	0.542	0.535	GO:0001961
117	22	9	0.00056	0.00089	2.148e+02	0.523	0.591	GO:0033344
118	26	9	0.00056	0.00145	3.267e+02	0.502	0.356	GO:0006298
119	25	11	0.00056	0.00098	2.638e+02	0.619	0.494	GO:0019400
120	23	10	0.00054	0.00086	2.258e+02	0.566	0.582	GO:0032369
121	47	19	0.00053	0.00094	9.625e+02	0.566	0.539	GO:0006096
122	29	13	0.00052	0.00074	3.487e+02	0.581	0.528	GO:0008361
123	27	11	0.00052	0.00079	3.217e+02	0.558	0.538	GO:0001960
124	22	9	0.00052	0.00066	2.148e+02	0.56	0.525	GO:0006400
125	26	11	0.00051	0.00087	2.917e+02	0.599	0.513	GO:0042246
126	38	16	0.0005	0.00076	6.172e+02	0.548	0.487	GO:0031577
127	23	9	0.0005	0.00099	2.408e+02	0.592	0.402	GO:0043534
128	31	11	0.00049	0.00113	4.555e+02	0.538	0.457	GO:0034109
129	34	14	0.00049	0.00122	5.024e+02	0.55	0.489	GO:0045841
130	39	16	0.00048	0.00066	6.601e+02	0.562	0.433	GO:0032006
131	29	12	0.00047	0.00107	3.666e+02	0.553	0.561	GO:0001838
132	36	15	0.00047	0.00089	5.583e+02	0.567	0.486	GO:0021515
133	21	8	0.00046	0.00079	2.048e+02	0.517	0.361	GO:0042116
134	23	9	0.00046	0.00128	2.408e+02	0.574	0.532	GO:0009395
135	22	9	0.00046	0.00076	2.148e+02	0.497	0.585	GO:0045622
136	20	8	0.00046	0.0011	1.809e+02	0.547	0.535	GO:0051954
137	61	25	0.00046	0.00092	1.600e+03	0.521	0.509	GO:0006818
138	74	30	0.00046	0.00101	2.361e+03	0.589	0.413	GO:0051053
139	23	10	0.00045	0.00081	2.258e+02	0.601	0.527	GO:0006270
140	30	12	0.00045	0.00058	3.996e+02	0.534	0.568	GO:0022400
141	23	9	0.00044	0.00094	2.408e+02	0.531	0.453	GO:0090207
142	21	8	0.00044	0.00072	2.048e+02	0.55	0.519	GO:0045823
143	23	10	0.00044	0.00063	2.258e+02	0.586	0.426	GO:0007032
144	21	9	0.00044	0.00083	1.909e+02	0.51	0.446	GO:1901099
145	22	9	0.00043	0.00051	2.148e+02	0.552	0.476	GO:1902229
146	35	15	0.00042	0.00095	5.194e+02	0.563	0.437	GO:0002712
147	27	11	0.00042	0.00091	3.217e+02	0.591	0.317	GO:0045923
148	22	9	0.00042	0.00114	2.148e+02	0.536	0.346	GO:0035412
149	24	8	0.00042	0.00078	2.847e+02	0.512	0.664	GO:0006111
150	29	11	0.00042	0.00063	3.856e+02	0.545	0.4	GO:0042304
151	26	11	0.00042	0.00083	2.917e+02	0.575	0.503	GO:0051350
152	22	9	0.00041	0.00083	2.148e+02	0.549	0.601	GO:0019933
153	32	13	0.00041	0.0007	4.495e+02	0.534	0.548	GO:0051489
154	20	8	0.00041	0.00089	1.809e+02	0.545	0.452	GO:0072676
155	32	12	0.00038	0.00078	4.705e+02	0.481	0.58	GO:0048706
156	27	11	0.00038	0.00066	3.217e+02	0.533	0.575	GO:0019935
157	34	13	0.00038	0.00077	5.244e+02	0.575	0.571	GO:0035019
158	29	11	0.00038	0.00072	3.856e+02	0.53	0.728	GO:0051402
159	21	8	0.00038	0.00057	2.048e+02	0.563	0.497	GO:0021522
160	43	18	0.00037	0.00053	7.909e+02	0.548	0.538	GO:0042157
161	31	12	0.00037	0.00056	4.345e+02	0.531	0.396	GO:0010977
162	28	11	0.00036	0.00052	3.527e+02	0.6	0.499	GO:0017158
163	43	17	0.00036	0.0009	8.178e+02	0.57	0.41	GO:0035282
164	28	11	0.00036	0.00072	3.527e+02	0.538	0.59	GO:0033077
165	33	12	0.00036	0.00073	5.084e+02	0.522	0.684	GO:0090199
166	40	17	0.00036	0.00055	6.791e+02	0.556	0.485	GO:1900543
167	32	12	0.00036	0.00071	4.705e+02	0.5	0.533	GO:0032371
168	33	13	0.00035	0.00087	4.864e+02	0.535	0.501	GO:0030809
169	53	22	0.00035	0.00084	1.202e+03	0.52	0.638	GO:0071300
170	25	10	0.00034	0.00062	2.798e+02	0.49	0.554	GO:0006378
171	23	7	0.00034	0.00055	2.737e+02	0.542	0.545	GO:0045214
172	27	9	0.00034	0.0008	3.586e+02	0.455	0.467	GO:1903018
173	34	14	0.00034	0.0008	5.024e+02	0.559	0.483	GO:2001021
174	75	31	0.00034	0.00079	2.398e+03	0.54	0.516	GO:0018958
175	23	10	0.00034	0.00064	2.258e+02	0.507	0.48	GO:1901661
176	30	12	0.00034	0.00094	3.996e+02	0.537	0.561	GO:0072175
177	22	8	0.00034	0.00058	2.298e+02	0.497	0.473	GO:2000401
178	20	7	0.00034	0.00069	1.948e+02	0.456	0.59	GO:0046854
179	40	15	0.00033	0.00073	7.300e+02	0.51	0.581	GO:0042130
180	34	13	0.00032	0.00051	5.244e+02	0.556	0.257	GO:0032729
181	26	10	0.00032	0.00056	3.087e+02	0.523	0.651	GO:0034504
182	22	10	0.00032	0.0007	2.009e+02	0.555	0.372	GO:1901655
183	24	9	0.00031	0.00059	2.678e+02	0.508	0.563	GO:0000289
184	24	10	0.00031	0.00071	2.518e+02	0.513	0.615	GO:0035329
185	28	11	0.00031	0.00061	3.527e+02	0.567	0.444	GO:0010453
186	25	10	0.0003	0.0007	2.798e+02	0.532	0.552	GO:0009065
187	29	10	0.0003	0.00084	4.056e+02	0.492	0.622	GO:0043491
188	22	8	0.0003	0.0006	2.298e+02	0.478	0.7	GO:0050856
189	30	13	0.00029	0.00048	3.806e+02	0.554	0.725	GO:0042462
190	24	10	0.00028	0.00041	2.518e+02	0.557	0.565	GO:0001892
191	23	9	0.00028	0.0006	2.408e+02	0.549	0.584	GO:0045581
192	31	12	0.00028	0.00064	4.345e+02	0.55	0.548	GO:0000387
193	21	7	0.00028	0.00041	2.198e+02	0.517	0.429	GO:0006110
194	33	13	0.00028	0.00045	4.864e+02	0.504	0.488	GO:0045776
195	26	10	0.00028	0.00069	3.087e+02	0.533	0.523	GO:0045806
196	30	11	0.00027	0.00046	4.195e+02	0.548	0.614	GO:0000291
197	22	8	0.00027	0.00064	2.298e+02	0.525	0.599	GO:0006297
198	31	13	0.00027	0.00048	4.146e+02	0.565	0.501	GO:0030803
199	23	9	0.00027	0.00054	2.408e+02	0.531	0.535	GO:0060760
200	69	27	0.00027	0.00079	2.097e+03	0.575	0.569	GO:0010906
201	27	10	0.00027	0.00044	3.397e+02	0.508	0.58	GO:0019674
202	32	12	0.00027	0.0005	4.705e+02	0.532	0.632	GO:0032392
203	76	30	0.00027	0.00052	2.528e+03	0.511	0.592	GO:0072593
204	22	9	0.00026	0.00067	2.148e+02	0.528	0.567	GO:0035249
205	30	12	0.00026	0.00074	3.996e+02	0.524	0.48	GO:0048265
206	26	10	0.00026	0.0004	3.087e+02	0.58	0.508	GO:0006904
207	22	8	0.00025	0.00058	2.298e+02	0.471	0.477	GO:0090189
208	53	20	0.00024	0.00049	1.269e+03	0.539	0.51	GO:0019369
209	20	7	0.00024	0.00067	1.948e+02	0.562	0.402	GO:0031497
210	26	10	0.00024	0.00066	3.087e+02	0.533	0.586	GO:0055013
211	20	6	0.00023	0.00049	2.098e+02	0.497	0.518	GO:0016241
212	72	29	0.00023	0.00038	2.245e+03	0.524	0.557	GO:0032069
213	65	23	0.00023	0.00051	1.965e+03	0.532	0.395	GO:0007589
214	47	19	0.00023	0.00056	9.625e+02	0.549	0.494	GO:0019229
215	22	8	0.00023	0.00062	2.298e+02	0.578	0.483	GO:0043567
216	26	9	0.00022	0.00037	3.267e+02	0.484	0.46	GO:0032873
217	25	9	0.00022	0.00037	2.967e+02	0.547	0.474	GO:0051693
218	32	11	0.00022	0.00046	4.924e+02	0.463	0.604	GO:0006801
219	29	11	0.00021	0.00061	3.856e+02	0.526	0.614	GO:0045777
220	22	8	0.00021	0.0003	2.298e+02	0.485	0.467	GO:0050829
221	24	9	0.00021	0.0005	2.678e+02	0.534	0.507	GO:0006506
222	35	13	0.00021	0.00048	5.643e+02	0.485	0.566	GO:0042752
223	42	15	0.00021	0.00042	8.247e+02	0.515	0.549	GO:0034637
224	40	15	0.00021	0.00043	7.300e+02	0.555	0.499	GO:1902930
225	46	17	0.0002	0.00046	9.694e+02	0.49	0.523	GO:0035335
226	32	9	0.0002	0.00042	5.393e+02	0.434	0.509	GO:0045599
227	50	20	0.0002	0.0004	1.094e+03	0.546	0.579	GO:0070301
228	29	10	0.0002	0.00047	4.056e+02	0.461	0.507	GO:1902115
229	20	6	0.0002	0.00043	2.098e+02	0.445	0.458	GO:0002825
230	107	42	0.0002	0.0006	5.002e+03	0.501	0.558	GO:0006839
231	21	7	0.0002	0.00031	2.198e+02	0.531	0.483	GO:0046466
232	50	18	0.0002	0.00045	1.159e+03	0.527	0.467	GO:0051784
233	25	9	0.00019	0.00038	2.967e+02	0.548	0.351	GO:0031055
234	21	8	0.00019	0.0003	2.048e+02	0.531	0.559	GO:0032715
235	22	8	0.00019	0.00035	2.298e+02	0.526	0.441	GO:0017145
236	22	9	0.00019	0.0004	2.148e+02	0.538	0.526	GO:0030325
237	27	10	0.00019	0.0005	3.397e+02	0.537	0.691	GO:0045494
238	27	9	0.00019	0.00043	3.586e+02	0.528	0.507	GO:0006505
239	84	33	0.00019	0.00047	3.091e+03	0.512	0.546	GO:0034620
240	20	7	0.00019	0.00042	1.948e+02	0.528	0.645	GO:0045577
241	23	8	0.00018	0.00038	2.568e+02	0.476	0.673	GO:0034405
242	25	10	0.00018	0.00037	2.798e+02	0.553	0.587	GO:0061077
243	26	9	0.00018	0.00046	3.267e+02	0.555	0.482	GO:2000243
244	46	17	0.00018	0.00032	9.694e+02	0.521	0.539	GO:0006940
245	23	8	0.00018	0.00054	2.568e+02	0.508	0.642	GO:0045930
246	60	24	0.00017	0.00035	1.570e+03	0.577	0.517	GO:0002698
247	28	11	0.00017	0.0005	3.527e+02	0.557	0.508	GO:0043470
248	21	7	0.00017	0.00039	2.198e+02	0.47	0.511	GO:0071897
249	22	9	0.00017	0.00032	2.148e+02	0.537	0.444	GO:0010799
250	31	13	0.00017	0.00034	4.146e+02	0.595	0.471	GO:0045600
251	21	7	0.00016	0.00049	2.198e+02	0.538	0.378	GO:0046320
252	49	19	0.00016	0.00034	1.070e+03	0.532	0.47	GO:0006998
253	68	26	0.00016	0.00035	2.063e+03	0.529	0.573	GO:0009100
254	62	23	0.00016	0.00034	1.746e+03	0.518	0.604	GO:0009127
255	39	15	0.00016	0.00034	6.851e+02	0.51	0.499	GO:0030397
256	46	19	0.00016	0.00039	9.106e+02	0.602	0.59	GO:0060041
257	21	8	0.00015	0.00026	2.048e+02	0.468	0.672	GO:0001502
258	41	16	0.00015	0.0004	7.499e+02	0.564	0.512	GO:0001678
259	22	8	0.00015	0.00031	2.298e+02	0.486	0.632	GO:0030201
260	20	6	0.00015	0.00027	2.098e+02	0.518	0.338	GO:0070271
261	60	23	0.00015	0.00031	1.608e+03	0.532	0.553	GO:0030183
262	24	9	0.00015	0.0003	2.678e+02	0.496	0.381	GO:0050926
263	31	13	0.00014	0.00025	4.146e+02	0.566	0.55	GO:0060761
264	94	38	0.00014	0.00031	3.803e+03	0.577	0.336	GO:0000910
265	39	15	0.00014	0.00027	6.851e+02	0.559	0.436	GO:0001756
266	22	7	0.00014	0.00039	2.458e+02	0.446	0.63	GO:0006278
267	24	8	0.00014	0.00043	2.847e+02	0.449	0.684	GO:0043500
268	35	13	0.00014	0.00031	5.643e+02	0.504	0.577	GO:0048286
269	40	14	0.00014	0.00029	7.569e+02	0.539	0.568	GO:0050772
270	55	20	0.00014	0.00038	1.392e+03	0.545	0.378	GO:0032941
271	26	7	0.00014	0.00039	3.656e+02	0.464	0.491	GO:0021955
272	42	16	0.00014	0.0003	7.968e+02	0.531	0.552	GO:0032092
273	59	22	0.00014	0.0003	1.579e+03	0.492	0.51	GO:0032273
274	36	13	0.00014	0.0003	6.052e+02	0.553	0.474	GO:0055081
275	23	8	0.00014	0.00041	2.568e+02	0.523	0.535	GO:0000083
276	31	11	0.00014	0.00037	4.555e+02	0.51	0.493	GO:0051445
277	22	9	0.00014	0.00041	2.148e+02	0.49	0.493	GO:0051491
278	24	9	0.00014	0.00024	2.678e+02	0.546	0.49	GO:0070098
279	26	8	0.00014	0.00023	3.456e+02	0.545	0.442	GO:0090218
280	57	20	0.00013	0.00027	1.522e+03	0.514	0.446	GO:0007202
281	34	12	0.00013	0.00023	5.473e+02	0.52	0.412	GO:0045646
282	22	8	0.00013	0.00026	2.298e+02	0.538	0.438	GO:0046847
283	35	12	0.00013	0.00033	5.882e+02	0.506	0.448	GO:0051058
284	23	8	0.00013	0.00028	2.568e+02	0.505	0.419	GO:0048713
285	34	14	0.00013	0.00024	5.024e+02	0.583	0.386	GO:0002562
286	45	17	0.00013	0.00022	9.175e+02	0.547	0.522	GO:0006094
287	24	9	0.00013	0.00031	2.678e+02	0.567	0.588	GO:0007492
288	44	16	0.00012	0.00017	8.956e+02	0.549	0.461	GO:0002920
289	66	25	0.00012	0.00035	1.955e+03	0.527	0.522	GO:0010506
290	34	11	0.00012	0.00031	5.712e+02	0.54	0.48	GO:0010812
291	37	12	0.00012	0.00035	6.740e+02	0.515	0.584	GO:0043618
292	43	17	0.00012	0.00026	8.178e+02	0.559	0.372	GO:0070988
293	24	7	0.00012	0.00026	3.027e+02	0.476	0.541	GO:0008089
294	36	14	0.00012	0.00024	5.813e+02	0.526	0.646	GO:0070997
295	60	22	0.00012	0.00028	1.646e+03	0.533	0.406	GO:1901616
296	26	11	0.00012	0.00036	2.917e+02	0.564	0.533	GO:0018022
297	29	10	0.00012	0.00036	4.056e+02	0.527	0.44	GO:0043486
298	25	7	0.00012	0.00026	3.336e+02	0.511	0.262	GO:0001958
299	28	11	0.00012	0.00023	3.527e+02	0.559	0.554	GO:0043114
300	23	8	0.00012	0.00029	2.568e+02	0.559	0.367	GO:0071695
301	23	7	0.00011	0.00034	2.737e+02	0.512	0.544	GO:0000060
302	25	8	0.00011	0.00034	3.147e+02	0.554	0.46	GO:0044058
303	21	7	0.00011	0.00022	2.198e+02	0.448	0.59	GO:0046834
304	21	5	0.00011	0.00022	2.528e+02	0.441	0.729	GO:0002720
305	23	8	0.00011	0.00025	2.568e+02	0.532	0.379	GO:0006336
306	41	15	0.00011	0.00026	7.769e+02	0.593	0.516	GO:0043967
307	23	8	0.00011	0.00022	2.568e+02	0.536	0.483	GO:0048484
308	40	14	0.00011	0.00022	7.569e+02	0.54	0.523	GO:0048639
309	30	11	0.00011	0.00021	4.195e+02	0.534	0.465	GO:0050766
310	20	6	0.00011	0.00017	2.098e+02	0.49	0.579	GO:0051412
311	25	9	0.00011	0.00029	2.967e+02	0.475	0.484	GO:0061217
312	22	7	0.0001	0.0003	2.458e+02	0.575	0.335	GO:0001702
313	36	11	0.0001	0.00027	6.560e+02	0.512	0.454	GO:0006821
314	40	14	0.0001	0.00017	7.569e+02	0.536	0.352	GO:0007422
315	21	8	0.0001	0.00023	2.048e+02	0.542	0.367	GO:0009084
316	87	33	0.0001	0.0002	3.379e+03	0.553	0.561	GO:0001505
317	24	9	0.0001	0.0002	2.678e+02	0.559	0.351	GO:0035162
318	73	27	0.0001	0.0003	2.418e+03	0.533	0.559	GO:0090305
319	23	7	0.0001	0.00015	2.737e+02	0.513	0.452	GO:0032892
320	75	28	0.0001	0.00029	2.538e+03	0.546	0.531	GO:0031669
321	26	7	0.0001	0.00029	3.656e+02	0.497	0.536	GO:0043113
322	20	7	0.0001	0.0002	1.948e+02	0.496	0.411	GO:0045648
323	56	20	0.0001	0.00029	1.456e+03	0.492	0.597	GO:0050871
324	61	22	0.0001	0.00027	1.716e+03	0.533	0.405	GO:2000377
325	50	21	9e-05	0.0002	1.063e+03	0.544	0.525	GO:0006826
326	27	9	9e-05	0.00023	3.586e+02	0.532	0.471	GO:0010743
327	42	14	9e-05	0.00018	8.536e+02	0.521	0.523	GO:0043620
328	29	10	9e-05	0.00025	4.056e+02	0.538	0.625	GO:0043928
329	24	7	9e-05	0.00028	3.027e+02	0.52	0.316	GO:0050850
330	22	8	9e-05	0.00028	2.298e+02	0.473	0.513	GO:0090103
331	50	16	9e-05	0.00028	1.228e+03	0.537	0.443	GO:2000177
332	37	11	9e-05	0.00021	7.009e+02	0.483	0.568	GO:0001974
333	20	6	9e-05	0.00026	2.098e+02	0.499	0.446	GO:0030879
334	22	7	9e-05	0.00026	2.458e+02	0.504	0.431	GO:0032862
335	21	7	9e-05	0.00019	2.198e+02	0.518	0.539	GO:0032925
336	48	17	9e-05	0.00024	1.078e+03	0.517	0.471	GO:0033143
337	115	44	9e-05	0.00026	5.854e+03	0.551	0.513	GO:0033500
338	27	10	9e-05	0.00019	3.397e+02	0.504	0.615	GO:0046209
339	24	7	9e-05	0.00024	3.027e+02	0.55	0.585	GO:0070588
340	76	28	9e-05	0.00019	2.624e+03	0.531	0.432	GO:0070646
341	28	7	9e-05	0.00026	4.345e+02	0.477	0.654	GO:2001244
342	24	8	8e-05	0.00017	2.847e+02	0.533	0.59	GO:0006361
343	46	17	8e-05	0.00021	9.694e+02	0.549	0.561	GO:0042446
344	43	16	8e-05	0.00017	8.457e+02	0.544	0.497	GO:0043966
345	36	12	8e-05	0.00019	6.301e+02	0.485	0.492	GO:0050999
346	28	4	8e-05	0.00025	5.063e+02	0.455	0.512	GO:0070670
347	21	7	8e-05	0.00024	2.198e+02	0.527	0.272	GO:0014003
348	21	6	8e-05	0.00024	2.358e+02	0.496	0.599	GO:0031016
349	58	21	8e-05	0.0002	1.550e+03	0.497	0.555	GO:0045833
350	28	12	8e-05	0.00024	3.347e+02	0.537	0.424	GO:0060348
351	23	5	8e-05	0.00018	3.107e+02	0.408	0.509	GO:0042346
352	53	18	8e-05	0.00018	1.339e+03	0.513	0.48	GO:0051640
353	92	34	8e-05	0.00023	3.828e+03	0.505	0.519	GO:0000041
354	21	7	8e-05	0.00016	2.198e+02	0.474	0.497	GO:0001662
355	26	8	8e-05	0.00015	3.456e+02	0.497	0.73	GO:0002702
356	60	21	8e-05	0.00023	1.686e+03	0.529	0.571	GO:0006921
357	23	9	8e-05	0.0002	2.408e+02	0.571	0.568	GO:0010771
358	35	13	8e-05	0.0002	5.643e+02	0.511	0.582	GO:0017144
359	35	11	8e-05	0.00023	6.131e+02	0.454	0.575	GO:0030890
360	41	15	8e-05	0.00023	7.769e+02	0.523	0.524	GO:0050764
361	24	8	8e-05	0.00023	2.847e+02	0.507	0.642	GO:0060334
362	54	18	8e-05	0.00015	1.402e+03	0.502	0.631	GO:0070664
363	35	12	8e-05	0.00023	5.882e+02	0.498	0.461	GO:2001239
364	113	43	8e-05	0.00018	5.670e+03	0.513	0.541	GO:0009163
365	84	33	7e-05	0.00019	3.091e+03	0.559	0.53	GO:0006836
366	26	8	7e-05	0.00022	3.456e+02	0.474	0.529	GO:0015807
367	68	25	7e-05	0.00022	2.107e+03	0.558	0.4	GO:0043244
368	21	5	7e-05	0.00022	2.528e+02	0.456	0.623	GO:0045453
369	29	10	7e-05	0.00022	4.056e+02	0.563	0.508	GO:0048278
370	25	9	7e-05	0.00022	2.967e+02	0.518	0.646	GO:0060330
371	21	6	7e-05	0.00017	2.358e+02	0.586	0.398	GO:0010165
372	29	9	7e-05	0.0002	4.265e+02	0.541	0.587	GO:0014014
373	20	7	7e-05	0.00015	1.948e+02	0.536	0.619	GO:0030104
374	32	10	7e-05	0.00019	5.153e+02	0.509	0.539	GO:0032414
375	27	9	7e-05	0.00014	3.586e+02	0.511	0.479	GO:0040020
376	20	4	7e-05	0.00012	2.428e+02	0.351	0.509	GO:0046949
377	38	13	7e-05	0.00019	6.920e+02	0.49	0.56	GO:0048385
378	31	10	6e-05	0.00019	4.774e+02	0.524	0.501	GO:0006730
379	24	8	6e-05	0.00013	2.847e+02	0.486	0.468	GO:0042596
380	41	14	6e-05	0.00019	8.048e+02	0.527	0.489	GO:0045839
381	36	12	6e-05	0.00013	6.301e+02	0.557	0.502	GO:0050909
382	25	8	6e-05	0.00014	3.147e+02	0.474	0.5	GO:0090311
383	26	9	6e-05	0.00013	3.267e+02	0.508	0.461	GO:1900077
384	24	7	6e-05	0.00019	3.027e+02	0.467	0.722	GO:1900739
385	22	8	6e-05	0.00011	2.298e+02	0.487	0.548	GO:0003208
386	20	5	6e-05	0.00012	2.258e+02	0.432	0.658	GO:0000381
387	53	17	6e-05	0.00012	1.376e+03	0.551	0.461	GO:0009799
388	26	10	6e-05	0.00013	3.087e+02	0.534	0.6	GO:0030166
389	20	7	6e-05	0.00014	1.948e+02	0.514	0.454	GO:0031122
390	85	33	6e-05	0.00013	3.186e+03	0.543	0.512	GO:1903308
391	39	14	6e-05	0.00018	7.110e+02	0.547	0.485	GO:0030004
392	35	12	6e-05	0.00018	5.882e+02	0.477	0.537	GO:0032312
393	21	7	6e-05	0.00016	2.198e+02	0.484	0.762	GO:0072009
394	34	12	6e-05	0.00018	5.473e+02	0.528	0.486	GO:0072659
395	23	8	6e-05	0.00018	2.568e+02	0.506	0.681	GO:1900449
396	23	6	6e-05	0.00018	2.917e+02	0.513	0.511	GO:2000191
397	29	10	6e-05	0.00014	4.056e+02	0.552	0.321	GO:0001954
398	21	6	6e-05	0.00012	2.358e+02	0.463	0.67	GO:0009651
399	30	9	6e-05	0.00012	4.624e+02	0.508	0.546	GO:0030261
400	21	6	6e-05	0.00013	2.358e+02	0.536	0.34	GO:0048665
401	38	13	6e-05	0.00014	6.920e+02	0.494	0.677	GO:0050911
402	38	13	6e-05	0.00014	6.920e+02	0.523	0.419	GO:0050982
403	39	14	6e-05	0.00012	7.110e+02	0.493	0.502	GO:0090382
404	27	8	6e-05	0.00016	3.786e+02	0.524	0.437	GO:0032855
405	31	10	6e-05	0.00017	4.774e+02	0.483	0.724	GO:0035065
406	89	33	6e-05	0.00017	3.578e+03	0.516	0.545	GO:0042451
407	52	17	6e-05	0.00017	1.313e+03	0.49	0.487	GO:0060688
408	22	7	5e-05	0.00011	2.458e+02	0.459	0.466	GO:0034105
409	104	40	5e-05	0.00012	4.780e+03	0.518	0.548	GO:0042455
410	20	6	5e-05	0.00011	2.098e+02	0.525	0.514	GO:0048857
411	22	6	5e-05	0.00011	2.627e+02	0.439	0.513	GO:0051926
412	67	22	5e-05	0.00016	2.165e+03	0.501	0.49	GO:0006879
413	51	19	5e-05	0.00016	1.184e+03	0.514	0.541	GO:0009206
414	22	7	5e-05	0.00016	2.458e+02	0.486	0.625	GO:0010823
415	41	15	5e-05	0.0001	7.769e+02	0.506	0.574	GO:0019748
416	34	10	5e-05	0.00016	5.962e+02	0.539	0.346	GO:0042254
417	22	5	5e-05	0.00016	2.807e+02	0.37	0.617	GO:0042430
418	22	7	5e-05	0.00016	2.458e+02	0.525	0.682	GO:0045686
419	21	5	5e-05	0.00016	2.528e+02	0.446	0.404	GO:0050820
420	24	9	5e-05	0.0001	2.678e+02	0.511	0.587	GO:0051568
421	20	8	5e-05	0.00016	1.809e+02	0.538	0.418	GO:0060081
422	76	29	5e-05	0.00011	2.575e+03	0.519	0.588	GO:0009156
423	20	5	5e-05	0.00014	2.258e+02	0.478	0.495	GO:0009268
424	27	9	5e-05	0.00014	3.586e+02	0.534	0.567	GO:0030449
425	29	10	5e-05	0.00014	4.056e+02	0.551	0.435	GO:0030835
426	21	5	5e-05	0.00011	2.528e+02	0.429	0.456	GO:0034502
427	22	3	5e-05	0.00014	3.196e+02	0.342	0.584	GO:0035336
428	22	5	5e-05	0.00012	2.807e+02	0.441	0.403	GO:0044089
429	27	7	5e-05	0.00014	3.995e+02	0.512	0.622	GO:0048536
430	30	11	5e-05	0.00014	4.195e+02	0.554	0.496	GO:0071827
431	22	7	5e-05	0.00011	2.458e+02	0.513	0.462	GO:1901532
432	27	10	5e-05	0.0001	3.397e+02	0.523	0.575	GO:0042310
433	40	14	5e-05	0.0001	7.569e+02	0.533	0.464	GO:0055117
434	37	12	4e-05	0.00013	6.740e+02	0.497	0.518	GO:0001944
435	87	30	4e-05	0.00013	3.549e+03	0.52	0.545	GO:0007059
436	37	14	4e-05	0.0001	6.232e+02	0.513	0.491	GO:0007077
437	62	23	4e-05	0.00012	1.746e+03	0.516	0.542	GO:0009142
438	57	20	4e-05	0.00013	1.522e+03	0.498	0.545	GO:0009201
439	27	10	4e-05	0.00013	3.397e+02	0.52	0.391	GO:0010470
440	43	15	4e-05	0.00013	8.746e+02	0.512	0.589	GO:0031058
441	21	7	4e-05	8e-05	2.198e+02	0.525	0.4	GO:0032673
442	26	7	4e-05	0.00013	3.656e+02	0.45	0.53	GO:0046132
443	32	12	4e-05	0.00013	4.705e+02	0.499	0.572	GO:0051353
444	25	6	4e-05	0.00012	3.536e+02	0.427	0.759	GO:0001836
445	26	7	4e-05	8e-05	3.656e+02	0.546	0.33	GO:0009954
446	50	18	4e-05	0.00011	1.159e+03	0.519	0.487	GO:0034103
447	27	10	4e-05	0.00012	3.397e+02	0.554	0.399	GO:0034453
448	52	20	4e-05	0.00012	1.209e+03	0.532	0.512	GO:0042180
449	79	24	4e-05	0.00012	3.107e+03	0.506	0.518	GO:0042439
450	66	22	4e-05	0.00012	2.086e+03	0.522	0.414	GO:0043407
451	22	6	4e-05	0.0001	2.627e+02	0.527	0.428	GO:0060968
452	32	12	4e-05	0.00012	4.705e+02	0.554	0.427	GO:0071277
453	26	8	4e-05	0.00012	3.456e+02	0.476	0.45	GO:0097028
454	25	8	4e-05	9e-05	3.147e+02	0.505	0.573	GO:0010907
455	37	12	4e-05	0.0001	6.740e+02	0.531	0.512	GO:0007044
456	44	16	4e-05	7e-05	8.956e+02	0.539	0.464	GO:0007585
457	28	9	4e-05	0.00011	3.916e+02	0.425	0.613	GO:0009072
458	34	13	4e-05	7e-05	5.244e+02	0.533	0.567	GO:0009101
459	50	18	4e-05	0.00011	1.159e+03	0.549	0.607	GO:0009267
460	26	9	4e-05	0.00011	3.267e+02	0.447	0.467	GO:0010559
461	22	5	4e-05	0.00011	2.807e+02	0.449	0.557	GO:0010880
462	32	12	4e-05	7e-05	4.705e+02	0.523	0.467	GO:0016445
463	33	10	4e-05	0.00011	5.553e+02	0.511	0.519	GO:0032370
464	30	9	4e-05	0.00011	4.624e+02	0.498	0.502	GO:0032856
465	75	28	4e-05	0.00011	2.538e+03	0.519	0.596	GO:0034614
466	21	7	4e-05	0.00011	2.198e+02	0.565	0.342	GO:0045446
467	21	8	4e-05	0.00011	2.048e+02	0.488	0.523	GO:0045987
468	29	9	4e-05	0.00011	4.265e+02	0.507	0.566	GO:0048742
469	22	8	4e-05	0.00011	2.298e+02	0.51	0.472	GO:0048762
470	29	10	4e-05	0.00011	4.056e+02	0.571	0.447	GO:0051893
471	24	6	4e-05	0.00011	3.217e+02	0.427	0.595	GO:0060343
472	21	6	4e-05	0.00011	2.358e+02	0.495	0.491	GO:0090022
473	60	18	3e-05	0.0001	1.812e+03	0.505	0.415	GO:0001708
474	34	11	3e-05	0.0001	5.712e+02	0.466	0.588	GO:0008154
475	66	26	3e-05	7e-05	1.913e+03	0.497	0.58	GO:0009112
476	33	9	3e-05	0.0001	5.802e+02	0.507	0.42	GO:0019320
477	80	32	3e-05	0.0001	2.778e+03	0.546	0.525	GO:0031056
478	54	16	3e-05	0.0001	1.479e+03	0.506	0.447	GO:0033138
479	47	13	3e-05	0.0001	1.157e+03	0.492	0.535	GO:0042733
480	28	9	3e-05	0.0001	3.916e+02	0.563	0.538	GO:0043462
481	23	6	3e-05	0.0001	2.917e+02	0.432	0.669	GO:0048512
482	32	11	3e-05	7e-05	4.924e+02	0.54	0.561	GO:0090003
483	22	7	3e-05	0.0001	2.458e+02	0.53	0.685	GO:0090200
484	41	15	3e-05	6e-05	7.769e+02	0.51	0.466	GO:0070542
485	24	6	3e-05	8e-05	3.217e+02	0.467	0.506	GO:0006658
486	32	9	3e-05	8e-05	5.393e+02	0.465	0.485	GO:0007528
487	60	20	3e-05	8e-05	1.727e+03	0.498	0.524	GO:0008306
488	20	5	3e-05	8e-05	2.258e+02	0.36	0.445	GO:0010714
489	30	9	3e-05	8e-05	4.624e+02	0.504	0.566	GO:0018208
490	42	15	3e-05	8e-05	8.247e+02	0.512	0.511	GO:0030071
491	46	13	3e-05	8e-05	1.099e+03	0.528	0.576	GO:0030072
492	26	6	3e-05	8e-05	3.865e+02	0.496	0.49	GO:0043502
493	20	3	3e-05	8e-05	2.607e+02	0.44	0.52	GO:0043537
494	33	9	3e-05	8e-05	5.802e+02	0.5	0.485	GO:0043550
495	41	12	3e-05	8e-05	8.636e+02	0.499	0.434	GO:0050709
496	57	18	3e-05	8e-05	1.600e+03	0.491	0.664	GO:0051258
497	37	14	3e-05	8e-05	6.232e+02	0.598	0.445	GO:0061351
498	23	7	3e-05	8e-05	2.737e+02	0.466	0.712	GO:0072525
499	49	16	3e-05	8e-05	1.169e+03	0.549	0.47	GO:0097530
500	33	12	2e-05	5e-05	5.084e+02	0.569	0.36	GO:0022409
501	45	16	2e-05	5e-05	9.474e+02	0.518	0.422	GO:0031110
502	21	6	2e-05	7e-05	2.358e+02	0.457	0.354	GO:0000272
503	61	22	2e-05	7e-05	1.716e+03	0.552	0.577	GO:0000723
504	20	6	2e-05	7e-05	2.098e+02	0.519	0.6	GO:0001953
505	60	20	2e-05	7e-05	1.727e+03	0.49	0.49	GO:0002443
506	47	14	2e-05	7e-05	1.122e+03	0.465	0.501	GO:0002449
507	52	17	2e-05	7e-05	1.313e+03	0.545	0.532	GO:0006888
508	27	6	2e-05	7e-05	4.215e+02	0.47	0.378	GO:0007052
509	29	7	2e-05	7e-05	4.714e+02	0.373	0.591	GO:0022029
510	63	23	2e-05	7e-05	1.818e+03	0.518	0.516	GO:0022404
511	25	8	2e-05	6e-05	3.147e+02	0.555	0.475	GO:0031057
512	24	8	2e-05	7e-05	2.847e+02	0.45	0.732	GO:0032814
513	22	7	2e-05	7e-05	2.458e+02	0.52	0.371	GO:0033108
514	34	9	2e-05	7e-05	6.221e+02	0.474	0.523	GO:0034121
515	22	6	2e-05	7e-05	2.627e+02	0.487	0.299	GO:0035924
516	24	5	2e-05	7e-05	3.416e+02	0.385	0.499	GO:0042537
517	23	7	2e-05	7e-05	2.737e+02	0.557	0.535	GO:0043030
518	26	8	2e-05	7e-05	3.456e+02	0.457	0.669	GO:0048662
519	41	11	2e-05	7e-05	8.944e+02	0.508	0.416	GO:0051492
520	20	4	2e-05	5e-05	2.428e+02	0.43	0.393	GO:0051962
521	48	16	2e-05	7e-05	1.111e+03	0.552	0.47	GO:0071621
522	59	19	2e-05	7e-05	1.698e+03	0.504	0.618	GO:0097285
523	40	12	2e-05	7e-05	8.137e+02	0.492	0.482	GO:1900076
524	64	24	2e-05	7e-05	1.849e+03	0.532	0.426	GO:1900274
525	34	11	2e-05	6e-05	5.712e+02	0.486	0.718	GO:1901983
526	33	11	2e-05	7e-05	5.313e+02	0.484	0.718	GO:2000756
527	27	5	2e-05	6e-05	4.444e+02	0.486	0.445	GO:0001914
528	35	12	2e-05	6e-05	5.882e+02	0.517	0.454	GO:0002062
529	20	4	2e-05	6e-05	2.428e+02	0.467	0.428	GO:0002262
530	23	6	2e-05	4e-05	2.917e+02	0.369	0.638	GO:0003254
531	73	25	2e-05	6e-05	2.514e+03	0.517	0.579	GO:0006090
532	20	6	2e-05	6e-05	2.098e+02	0.559	0.472	GO:0006949
533	20	4	2e-05	6e-05	2.428e+02	0.504	0.524	GO:0007029
534	45	14	2e-05	6e-05	1.010e+03	0.515	0.467	GO:0007193
535	39	13	2e-05	6e-05	7.379e+02	0.496	0.49	GO:0008088
536	67	24	2e-05	6e-05	2.074e+03	0.505	0.596	GO:0010469
537	33	11	2e-05	6e-05	5.313e+02	0.541	0.527	GO:0010770
538	63	23	2e-05	4e-05	1.818e+03	0.539	0.462	GO:0015698
539	34	12	2e-05	6e-05	5.473e+02	0.511	0.536	GO:0015914
540	22	6	2e-05	6e-05	2.627e+02	0.46	0.623	GO:0016338
541	27	7	2e-05	6e-05	3.995e+02	0.444	0.458	GO:0021549
542	36	12	2e-05	6e-05	6.301e+02	0.54	0.448	GO:0022406
543	37	12	2e-05	6e-05	6.740e+02	0.559	0.408	GO:0032091
544	22	6	2e-05	6e-05	2.627e+02	0.512	0.58	GO:0032201
545	39	11	2e-05	4e-05	7.947e+02	0.513	0.52	GO:0035690
546	140	51	2e-05	6e-05	8.881e+03	0.514	0.527	GO:0035966
547	35	11	2e-05	6e-05	6.131e+02	0.478	0.462	GO:0043044
548	28	8	2e-05	6e-05	4.125e+02	0.533	0.442	GO:0043551
549	26	8	2e-05	6e-05	3.456e+02	0.551	0.498	GO:0044774
550	28	9	2e-05	6e-05	3.916e+02	0.539	0.409	GO:0045055
551	21	2	2e-05	6e-05	3.096e+02	0.446	0.269	GO:0045616
552	20	6	2e-05	4e-05	2.098e+02	0.49	0.578	GO:0045940
553	20	6	2e-05	6e-05	2.098e+02	0.485	0.504	GO:0046461
554	33	10	2e-05	5e-05	5.553e+02	0.47	0.612	GO:0048387
555	27	6	2e-05	6e-05	4.215e+02	0.431	0.594	GO:0050663
556	47	15	2e-05	6e-05	1.088e+03	0.494	0.523	GO:0072163
557	88	31	2e-05	6e-05	3.592e+03	0.529	0.488	GO:1901654
558	36	12	2e-05	5e-05	6.301e+02	0.521	0.465	GO:0003007
559	42	15	2e-05	5e-05	8.247e+02	0.487	0.63	GO:0006029
560	48	16	2e-05	5e-05	1.111e+03	0.516	0.439	GO:0006073
561	34	10	2e-05	5e-05	5.962e+02	0.467	0.528	GO:0006221
562	67	23	2e-05	5e-05	2.119e+03	0.527	0.521	GO:0007009
563	126	48	2e-05	4e-05	7.036e+03	0.535	0.481	GO:0008217
564	52	19	2e-05	5e-05	1.243e+03	0.518	0.541	GO:0009145
565	69	24	2e-05	5e-05	2.231e+03	0.527	0.47	GO:0019217
566	50	16	2e-05	5e-05	1.228e+03	0.503	0.525	GO:0019362
567	23	5	2e-05	5e-05	3.107e+02	0.503	0.601	GO:0019835
568	34	12	2e-05	5e-05	5.473e+02	0.568	0.387	GO:0030834
569	48	18	2e-05	5e-05	1.046e+03	0.512	0.484	GO:0030838
570	37	13	2e-05	4e-05	6.481e+02	0.52	0.486	GO:0031047
571	38	10	2e-05	5e-05	7.757e+02	0.469	0.531	GO:0031281
572	23	4	2e-05	5e-05	3.306e+02	0.45	0.257	GO:0032731
573	42	13	2e-05	5e-05	8.835e+02	0.478	0.386	GO:0033762
574	20	5	2e-05	5e-05	2.258e+02	0.403	0.464	GO:0034243
575	31	6	2e-05	5e-05	5.751e+02	0.488	0.473	GO:0035094
576	34	10	2e-05	5e-05	5.962e+02	0.493	0.558	GO:0035176
577	50	17	2e-05	5e-05	1.193e+03	0.52	0.431	GO:0044728
578	34	12	2e-05	5e-05	5.473e+02	0.504	0.448	GO:0046580
579	27	9	2e-05	5e-05	3.586e+02	0.484	0.402	GO:0048010
580	35	11	2e-05	5e-05	6.131e+02	0.525	0.357	GO:0050848
581	28	10	2e-05	5e-05	3.716e+02	0.565	0.503	GO:0051702
582	31	11	2e-05	3e-05	4.555e+02	0.519	0.533	GO:0070192
583	26	8	2e-05	4e-05	3.456e+02	0.48	0.468	GO:0070373
584	20	5	2e-05	5e-05	2.258e+02	0.475	0.57	GO:0090559
585	114	43	2e-05	4e-05	5.797e+03	0.514	0.541	GO:1901659
586	51	16	2e-05	5e-05	1.288e+03	0.498	0.602	GO:2001252
587	38	13	1e-05	3e-05	6.920e+02	0.513	0.596	GO:0006513
588	39	13	1e-05	3e-05	7.379e+02	0.525	0.477	GO:0051017
589	23	8	1e-05	4e-05	2.568e+02	0.533	0.475	GO:0002026
590	21	5	1e-05	4e-05	2.528e+02	0.581	0.539	GO:0002040
591	73	27	1e-05	4e-05	2.418e+03	0.543	0.44	GO:0002064
592	23	7	1e-05	4e-05	2.737e+02	0.526	0.41	GO:0006536
593	33	10	1e-05	4e-05	5.553e+02	0.471	0.553	GO:0007131
594	20	4	1e-05	4e-05	2.428e+02	0.404	0.618	GO:0009235
595	32	10	1e-05	4e-05	5.153e+02	0.57	0.391	GO:0009948
596	40	14	1e-05	4e-05	7.569e+02	0.552	0.519	GO:0010717
597	62	25	1e-05	4e-05	1.668e+03	0.546	0.407	GO:0016579
598	20	6	1e-05	4e-05	2.098e+02	0.513	0.511	GO:0030149
599	42	14	1e-05	4e-05	8.536e+02	0.498	0.483	GO:0032663
600	35	11	1e-05	4e-05	6.131e+02	0.534	0.322	GO:0034308
601	25	7	1e-05	4e-05	3.336e+02	0.5	0.508	GO:0042771
602	25	8	1e-05	4e-05	3.147e+02	0.561	0.442	GO:0043552
603	29	10	1e-05	4e-05	4.056e+02	0.484	0.368	GO:0044275
604	32	12	1e-05	4e-05	4.705e+02	0.519	0.607	GO:0045620
605	32	11	1e-05	4e-05	4.924e+02	0.495	0.499	GO:0046626
606	31	8	1e-05	4e-05	5.243e+02	0.537	0.411	GO:0051282
607	28	10	1e-05	4e-05	3.716e+02	0.519	0.586	GO:0055006
608	45	13	1e-05	4e-05	1.043e+03	0.471	0.558	GO:0072089
609	82	29	1e-05	4e-05	3.116e+03	0.538	0.433	GO:0090090
610	28	9	1e-05	4e-05	3.916e+02	0.548	0.432	GO:1903309
611	52	19	1e-05	2e-05	1.243e+03	0.533	0.592	GO:0000288
612	22	5	1e-05	2e-05	2.807e+02	0.53	0.296	GO:0006699
613	56	19	1e-05	2e-05	1.494e+03	0.527	0.583	GO:0007269
614	78	26	1e-05	2e-05	2.905e+03	0.505	0.566	GO:0007623
615	43	14	1e-05	2e-05	9.045e+02	0.523	0.472	GO:0008015
616	29	11	1e-05	2e-05	3.856e+02	0.569	0.684	GO:0008334
617	115	42	1e-05	2e-05	6.000e+03	0.536	0.46	GO:0009063
618	74	27	1e-05	2e-05	2.501e+03	0.545	0.431	GO:0010518
619	65	23	1e-05	2e-05	1.965e+03	0.538	0.571	GO:0010634
620	40	14	1e-05	2e-05	7.569e+02	0.543	0.524	GO:0010676
621	37	11	1e-05	2e-05	7.009e+02	0.504	0.626	GO:0010833
622	21	5	1e-05	2e-05	2.528e+02	0.439	0.49	GO:0019915
623	46	14	1e-05	2e-05	1.065e+03	0.503	0.39	GO:0021782
624	58	18	1e-05	2e-05	1.669e+03	0.536	0.449	GO:0022613
625	62	22	1e-05	2e-05	1.787e+03	0.531	0.546	GO:0030500
626	27	9	1e-05	2e-05	3.586e+02	0.453	0.34	GO:0030947
627	21	6	1e-05	2e-05	2.358e+02	0.513	0.272	GO:0031114
628	62	22	1e-05	2e-05	1.787e+03	0.554	0.577	GO:0032200
629	33	9	1e-05	2e-05	5.802e+02	0.506	0.505	GO:0032233
630	71	25	1e-05	2e-05	2.347e+03	0.511	0.639	GO:0032355
631	20	5	1e-05	2e-05	2.258e+02	0.501	0.568	GO:0032413
632	30	10	1e-05	2e-05	4.405e+02	0.43	0.569	GO:0032653
633	28	9	1e-05	2e-05	3.916e+02	0.445	0.585	GO:0043370
634	27	6	1e-05	2e-05	4.215e+02	0.376	0.467	GO:0044253
635	28	7	1e-05	2e-05	4.345e+02	0.498	0.376	GO:0046326
636	25	7	1e-05	2e-05	3.336e+02	0.458	0.55	GO:0051155
637	24	6	1e-05	2e-05	3.217e+02	0.471	0.579	GO:0051385
638	39	12	1e-05	2e-05	7.658e+02	0.543	0.465	GO:0060402
639	32	10	1e-05	2e-05	5.153e+02	0.544	0.525	GO:0071331
640	20	5	1e-05	2e-05	2.258e+02	0.505	0.449	GO:0097035
641	29	7	1e-05	2e-05	4.714e+02	0.459	0.576	GO:2000278
642	39	10	0.0	1e-05	8.246e+02	0.444	0.605	GO:0002260
643	29	10	0.0	1e-05	4.056e+02	0.522	0.26	GO:0002275
644	23	8	0.0	1e-05	2.568e+02	0.571	0.473	GO:0002828
645	24	8	0.0	1e-05	2.847e+02	0.463	0.548	GO:0003206
646	24	8	0.0	1e-05	2.847e+02	0.489	0.52	GO:0006261
647	32	9	0.0	1e-05	5.393e+02	0.512	0.507	GO:0006488
648	22	7	0.0	1e-05	2.458e+02	0.46	0.57	GO:0006829
649	66	21	0.0	1e-05	2.132e+03	0.502	0.512	GO:0007043
650	20	6	0.0	1e-05	2.098e+02	0.451	0.392	GO:0008210
651	80	31	0.0	1e-05	2.827e+03	0.519	0.582	GO:0009124
652	24	6	0.0	1e-05	3.217e+02	0.485	0.445	GO:0009190
653	31	9	0.0	1e-05	5.004e+02	0.522	0.341	GO:0015701
654	28	9	0.0	1e-05	3.916e+02	0.578	0.412	GO:0016925
655	56	18	0.0	1e-05	1.533e+03	0.52	0.518	GO:0022403
656	36	11	0.0	1e-05	6.560e+02	0.484	0.495	GO:0032436
657	28	8	0.0	1e-05	4.125e+02	0.463	0.561	GO:0042036
658	41	10	0.0	1e-05	9.263e+02	0.421	0.486	GO:0042059
659	39	14	0.0	1e-05	7.110e+02	0.534	0.548	GO:0042147
660	28	7	0.0	1e-05	4.345e+02	0.486	0.357	GO:0048008
661	51	17	0.0	1e-05	1.253e+03	0.512	0.546	GO:0048641
662	39	11	0.0	1e-05	7.947e+02	0.504	0.535	GO:0048678
663	31	9	0.0	1e-05	5.004e+02	0.509	0.483	GO:0051004
664	34	12	0.0	1e-05	5.473e+02	0.505	0.575	GO:0051055
665	66	26	0.0	1e-05	1.913e+03	0.577	0.508	GO:0055067
666	39	10	0.0	1e-05	8.246e+02	0.527	0.418	GO:0060079
667	26	6	0.0	1e-05	3.865e+02	0.522	0.534	GO:0061178
668	29	8	0.0	1e-05	4.484e+02	0.507	0.489	GO:0061448
669	44	15	0.0	1e-05	9.255e+02	0.508	0.589	GO:1903310
670	30	10	0.0	1e-05	4.405e+02	0.459	0.589	GO:2000514
