Order	#(Annotations)	#(Annotations of perturbed genes)	Mean Posterior Probability	Standard Deviation Posterior Probability	p-value	Average Expression Level	Average position perturbed genes	Term Name
1	21	13	0.06676	0.06882	1.409e+02	0.636	0.459	GO:0046135
2	22	13	0.01777	0.03822	1.629e+02	0.626	0.508	GO:0030201
3	23	13	0.01696	0.03569	1.859e+02	0.663	0.546	GO:0010771
4	31	17	0.01576	0.02191	3.437e+02	0.606	0.48	GO:0072529
5	43	22	0.01454	0.02937	6.932e+02	0.603	0.58	GO:0007369
6	53	25	0.01097	0.01539	1.109e+03	0.593	0.42	GO:0042552
7	22	12	0.01063	0.01842	1.759e+02	0.694	0.355	GO:0048710
8	47	23	0.0087	0.01772	8.528e+02	0.56	0.509	GO:0048814
9	99	44	0.00828	0.00934	3.985e+03	0.559	0.531	GO:0032319
10	64	29	0.00813	0.01138	1.655e+03	0.564	0.594	GO:0031214
11	22	12	0.00719	0.00926	1.759e+02	0.594	0.682	GO:0001702
12	53	25	0.00662	0.00729	1.109e+03	0.609	0.476	GO:0001938
13	74	33	0.00586	0.00689	2.230e+03	0.562	0.507	GO:0050773
14	27	15	0.00546	0.0089	2.588e+02	0.623	0.505	GO:0070423
15	21	11	0.00485	0.0054	1.659e+02	0.562	0.539	GO:0001662
16	30	15	0.00482	0.00559	3.457e+02	0.613	0.53	GO:0046632
17	30	15	0.00468	0.00591	3.457e+02	0.615	0.476	GO:0072175
18	25	12	0.00439	0.0097	2.488e+02	0.523	0.611	GO:0000038
19	39	18	0.00398	0.00875	6.133e+02	0.595	0.38	GO:0002260
20	33	17	0.00395	0.00617	4.086e+02	0.6	0.511	GO:0002753
21	20	10	0.00394	0.00617	1.559e+02	0.615	0.599	GO:2000108
22	47	22	0.00367	0.00501	8.788e+02	0.608	0.383	GO:0001776
23	20	11	0.00354	0.00513	1.449e+02	0.68	0.345	GO:0001782
24	25	13	0.00333	0.006	2.348e+02	0.596	0.403	GO:0061077
25	21	10	0.00322	0.00325	1.779e+02	0.605	0.692	GO:0032925
26	56	25	0.00321	0.00366	1.282e+03	0.587	0.42	GO:0007272
27	21	11	0.0032	0.00386	1.659e+02	0.567	0.666	GO:0031016
28	29	15	0.0031	0.00458	3.157e+02	0.616	0.476	GO:0001838
29	29	14	0.00301	0.00329	3.317e+02	0.574	0.536	GO:0048747
30	29	14	0.0026	0.00524	3.317e+02	0.603	0.454	GO:0050805
31	31	15	0.00254	0.00288	3.776e+02	0.545	0.509	GO:0021675
32	53	23	0.00253	0.00669	1.170e+03	0.578	0.424	GO:0046427
33	21	10	0.00234	0.00515	1.779e+02	0.582	0.455	GO:0009060
34	68	30	0.00229	0.00381	1.898e+03	0.589	0.472	GO:0045666
35	76	33	0.00228	0.00261	2.390e+03	0.595	0.473	GO:0001936
36	68	30	0.00218	0.00409	1.898e+03	0.555	0.554	GO:0032321
37	31	15	0.00216	0.00457	3.776e+02	0.578	0.529	GO:0051004
38	34	16	0.00216	0.00319	4.615e+02	0.585	0.417	GO:0009101
39	24	11	0.00213	0.00315	2.368e+02	0.517	0.539	GO:0042596
40	47	21	0.00199	0.00322	9.057e+02	0.634	0.407	GO:0051146
41	34	16	0.00196	0.00255	4.615e+02	0.625	0.472	GO:0015914
42	21	10	0.00192	0.0023	1.779e+02	0.653	0.513	GO:0033081
43	25	12	0.00178	0.00293	2.488e+02	0.567	0.593	GO:0042311
44	27	12	0.00176	0.00341	3.047e+02	0.575	0.534	GO:0032855
45	23	10	0.00173	0.00257	2.258e+02	0.58	0.576	GO:0021533
46	26	12	0.00162	0.0021	2.758e+02	0.575	0.398	GO:0030166
47	30	14	0.00162	0.00214	3.627e+02	0.583	0.566	GO:0032856
48	27	13	0.00155	0.00366	2.888e+02	0.598	0.421	GO:0006775
49	20	10	0.00153	0.00303	1.559e+02	0.683	0.4	GO:0002262
50	32	14	0.00146	0.00327	4.296e+02	0.512	0.655	GO:0000578
51	41	18	0.00136	0.00184	6.991e+02	0.566	0.5	GO:0002200
52	31	14	0.00133	0.00232	3.956e+02	0.593	0.317	GO:0006206
53	71	31	0.00133	0.00239	2.081e+03	0.567	0.549	GO:0030510
54	21	10	0.00132	0.00181	1.779e+02	0.598	0.295	GO:0014003
55	32	14	0.00132	0.00241	4.296e+02	0.577	0.496	GO:0016445
56	37	16	0.00131	0.00251	5.763e+02	0.566	0.568	GO:0001974
57	30	14	0.0013	0.00362	3.627e+02	0.628	0.434	GO:0032465
58	26	12	0.00118	0.00189	2.758e+02	0.573	0.509	GO:0032732
59	148	62	0.00116	0.00223	9.187e+03	0.555	0.537	GO:0035295
60	37	15	0.00115	0.00186	5.992e+02	0.534	0.512	GO:0030837
61	33	15	0.0011	0.00181	4.455e+02	0.587	0.498	GO:0042516
62	40	17	0.00108	0.00178	6.791e+02	0.61	0.425	GO:0035137
63	68	28	0.00107	0.00142	1.979e+03	0.561	0.523	GO:0048771
64	46	21	0.00104	0.00245	8.558e+02	0.583	0.42	GO:0042531
65	50	23	0.00104	0.00171	1.004e+03	0.57	0.614	GO:0048489
66	34	15	0.00104	0.00165	4.815e+02	0.559	0.586	GO:1901983
67	20	10	0.001	0.00137	1.559e+02	0.621	0.522	GO:0098581
68	103	44	0.00096	0.00186	4.417e+03	0.56	0.552	GO:0032320
69	33	14	0.00091	0.0022	4.655e+02	0.553	0.571	GO:2000756
70	31	14	0.00089	0.00183	3.956e+02	0.595	0.512	GO:0030279
71	34	15	0.00088	0.00137	4.815e+02	0.603	0.473	GO:0030282
72	27	12	0.00084	0.00159	3.047e+02	0.61	0.472	GO:0010470
73	22	10	0.00083	0.00176	2.009e+02	0.552	0.597	GO:0006829
74	42	19	0.0008	0.00139	7.191e+02	0.577	0.455	GO:0006029
75	20	10	0.00079	0.00162	1.559e+02	0.634	0.477	GO:0030902
76	23	11	0.00077	0.00122	2.118e+02	0.628	0.423	GO:0071695
77	22	10	0.00076	0.00094	2.009e+02	0.632	0.576	GO:0033344
78	54	24	0.00074	0.00104	1.196e+03	0.56	0.487	GO:0000186
79	37	16	0.00073	0.00174	5.763e+02	0.568	0.464	GO:0001656
80	45	19	0.00073	0.00099	8.607e+02	0.602	0.446	GO:0045685
81	31	13	0.00072	0.00134	4.146e+02	0.602	0.452	GO:0051282
82	25	12	0.00072	0.00142	2.488e+02	0.577	0.441	GO:0040036
83	65	27	0.00068	0.00189	1.800e+03	0.59	0.542	GO:0034146
84	22	10	0.00068	0.00126	2.009e+02	0.56	0.548	GO:0042430
85	21	9	0.00068	0.00179	1.909e+02	0.562	0.554	GO:0042573
86	20	9	0.00067	0.00163	1.679e+02	0.562	0.521	GO:0097035
87	24	10	0.00067	0.00121	2.518e+02	0.523	0.552	GO:0032735
88	24	11	0.00066	0.00145	2.368e+02	0.642	0.439	GO:0045687
89	34	15	0.00064	0.00174	4.815e+02	0.52	0.436	GO:0035115
90	22	9	0.00064	0.00143	2.148e+02	0.576	0.448	GO:0021915
91	21	8	0.00063	0.0008	2.048e+02	0.54	0.576	GO:0032673
92	36	16	0.00063	0.00151	5.364e+02	0.556	0.553	GO:0003007
93	56	23	0.00062	0.00132	1.349e+03	0.55	0.513	GO:0016266
94	53	23	0.00062	0.00111	1.170e+03	0.582	0.436	GO:0042509
95	31	13	0.00062	0.00121	4.146e+02	0.553	0.542	GO:0051966
96	22	9	0.00056	0.0006	2.148e+02	0.625	0.484	GO:0046688
97	26	10	0.00055	0.00115	3.087e+02	0.51	0.603	GO:0002702
98	27	11	0.00054	0.00099	3.217e+02	0.569	0.489	GO:0034446
99	57	24	0.00054	0.00107	1.376e+03	0.579	0.501	GO:0002793
100	32	14	0.00053	0.00096	4.296e+02	0.54	0.628	GO:0009948
101	24	10	0.00053	0.00064	2.518e+02	0.535	0.462	GO:0001539
102	23	9	0.00052	0.00151	2.408e+02	0.491	0.471	GO:0061515
103	22	9	0.00052	0.00099	2.148e+02	0.61	0.455	GO:0050829
104	31	14	0.00052	0.00111	3.956e+02	0.625	0.413	GO:0035116
105	41	17	0.00051	0.0011	7.240e+02	0.585	0.531	GO:0050709
106	86	36	0.00051	0.00152	3.123e+03	0.569	0.45	GO:0030217
107	31	12	0.0005	0.00073	4.345e+02	0.557	0.561	GO:0043666
108	29	12	0.0005	0.00102	3.666e+02	0.614	0.43	GO:0050853
109	21	9	0.00049	0.00102	1.909e+02	0.587	0.53	GO:0060412
110	23	9	0.00048	0.00144	2.408e+02	0.606	0.549	GO:0043534
111	26	10	0.00047	0.00091	3.087e+02	0.572	0.448	GO:0061178
112	41	16	0.00045	0.00092	7.499e+02	0.532	0.47	GO:0042059
113	49	18	0.00045	0.00106	1.102e+03	0.519	0.626	GO:0007368
114	22	10	0.00045	0.00134	2.009e+02	0.575	0.517	GO:0035336
115	21	10	0.00042	0.00081	1.779e+02	0.603	0.422	GO:0008045
116	60	25	0.00042	0.00087	1.533e+03	0.557	0.513	GO:0046879
117	36	15	0.00041	0.00064	5.583e+02	0.601	0.442	GO:0050999
118	29	12	0.00041	0.0007	3.666e+02	0.599	0.289	GO:0006099
119	68	28	0.0004	0.00094	1.979e+03	0.573	0.454	GO:0009100
120	23	9	0.0004	0.00068	2.408e+02	0.524	0.486	GO:0060760
121	24	9	0.0004	0.00075	2.678e+02	0.552	0.535	GO:0055090
122	25	9	0.00039	0.00078	2.967e+02	0.503	0.602	GO:0006360
123	34	14	0.00038	0.00071	5.024e+02	0.546	0.514	GO:0002562
124	24	10	0.00038	0.00086	2.518e+02	0.603	0.383	GO:0060334
125	46	19	0.00038	0.00072	9.106e+02	0.548	0.56	GO:0030072
126	22	10	0.00038	0.00076	2.009e+02	0.602	0.433	GO:0045686
127	28	12	0.00038	0.00096	3.347e+02	0.62	0.322	GO:0016925
128	36	16	0.00037	0.00069	5.364e+02	0.586	0.534	GO:0046631
129	34	14	0.00036	0.00068	5.024e+02	0.57	0.463	GO:0042254
130	30	12	0.00036	0.0008	3.996e+02	0.591	0.59	GO:0003156
131	21	9	0.00036	0.0007	1.909e+02	0.577	0.506	GO:0072009
132	21	8	0.00036	0.00107	2.048e+02	0.583	0.474	GO:0046834
133	28	12	0.00035	0.00062	3.347e+02	0.588	0.47	GO:0009072
134	21	9	0.00035	0.00074	1.909e+02	0.546	0.624	GO:0071385
135	21	9	0.00035	0.00083	1.909e+02	0.595	0.484	GO:0000272
136	32	13	0.00034	0.00088	4.495e+02	0.55	0.551	GO:0031572
137	27	13	0.00034	0.00068	2.888e+02	0.593	0.481	GO:0042517
138	37	15	0.00034	0.00078	5.992e+02	0.586	0.513	GO:0001944
139	34	13	0.00033	0.00072	5.244e+02	0.511	0.394	GO:0008154
140	100	40	0.00033	0.00098	4.327e+03	0.55	0.544	GO:0043524
141	36	16	0.00032	0.00041	5.364e+02	0.528	0.544	GO:0043473
142	45	19	0.00032	0.00066	8.607e+02	0.6	0.507	GO:0032024
143	30	12	0.00032	0.00064	3.996e+02	0.502	0.615	GO:0032653
144	24	9	0.00032	0.00095	2.678e+02	0.593	0.391	GO:1900739
145	25	9	0.00032	0.0009	2.967e+02	0.513	0.779	GO:1901071
146	23	9	0.00031	0.00079	2.408e+02	0.579	0.435	GO:0006706
147	29	12	0.00031	0.00059	3.666e+02	0.58	0.482	GO:0044275
148	23	10	0.00031	0.00088	2.258e+02	0.581	0.522	GO:0009595
149	23	9	0.0003	0.00062	2.408e+02	0.546	0.333	GO:0032892
150	29	12	0.0003	0.00087	3.666e+02	0.575	0.368	GO:0050690
151	40	16	0.0003	0.00048	7.040e+02	0.56	0.577	GO:0001657
152	52	20	0.0003	0.00074	1.209e+03	0.586	0.374	GO:0006888
153	21	8	0.00029	0.00042	2.048e+02	0.517	0.427	GO:0006110
154	121	49	0.00029	0.00062	6.276e+03	0.557	0.485	GO:0010721
155	24	9	0.00029	0.00088	2.678e+02	0.587	0.566	GO:0032228
156	22	9	0.00029	0.00055	2.148e+02	0.58	0.495	GO:0017145
157	103	40	0.00029	0.00071	4.665e+03	0.553	0.422	GO:0035107
158	112	46	0.00028	0.00069	5.339e+03	0.552	0.504	GO:0007417
159	64	26	0.00028	0.00058	1.768e+03	0.541	0.51	GO:0009914
160	23	9	0.00027	0.00082	2.408e+02	0.58	0.55	GO:0032689
161	31	12	0.00027	0.00057	4.345e+02	0.603	0.383	GO:0045124
162	46	17	0.00027	0.0008	9.694e+02	0.554	0.575	GO:0072164
163	35	14	0.00026	0.00079	5.413e+02	0.531	0.59	GO:0045762
164	20	7	0.00026	0.00079	1.948e+02	0.507	0.466	GO:0060349
165	20	9	0.00026	0.00075	1.679e+02	0.613	0.474	GO:0070371
166	33	13	0.00026	0.0005	4.864e+02	0.545	0.565	GO:0032233
167	38	14	0.00025	0.00059	6.661e+02	0.505	0.512	GO:1901800
168	25	10	0.00024	0.00052	2.798e+02	0.617	0.48	GO:0007622
169	37	15	0.00024	0.00053	5.992e+02	0.528	0.524	GO:0031644
170	24	9	0.00024	0.00058	2.678e+02	0.545	0.623	GO:0071514
171	35	13	0.00024	0.00037	5.643e+02	0.51	0.609	GO:0007205
172	40	16	0.00024	0.00049	7.040e+02	0.502	0.503	GO:0007422
173	21	8	0.00024	0.00047	2.048e+02	0.478	0.544	GO:0010165
174	33	14	0.00024	0.0003	4.655e+02	0.523	0.51	GO:0032760
175	35	14	0.00024	0.00055	5.413e+02	0.581	0.428	GO:0042752
176	22	9	0.00024	0.00058	2.148e+02	0.554	0.594	GO:0010799
177	34	14	0.00024	0.00042	5.024e+02	0.583	0.413	GO:0014015
178	33	14	0.00024	0.00057	4.655e+02	0.585	0.5	GO:0090199
179	117	45	0.00023	0.00066	6.041e+03	0.558	0.513	GO:0001822
180	44	17	0.00023	0.0005	8.667e+02	0.521	0.532	GO:0007585
181	20	8	0.00023	0.00068	1.809e+02	0.569	0.537	GO:0030104
182	37	14	0.00023	0.00055	6.232e+02	0.533	0.576	GO:0032755
183	51	20	0.00023	0.00048	1.151e+03	0.553	0.399	GO:0090263
184	35	13	0.00023	0.00067	5.643e+02	0.508	0.467	GO:0002637
185	38	15	0.00023	0.00052	6.412e+02	0.543	0.585	GO:0051225
186	26	9	0.00022	0.00067	3.267e+02	0.498	0.687	GO:2000243
187	106	41	0.00022	0.00049	4.949e+03	0.545	0.535	GO:1901215
188	36	15	0.00022	0.00044	5.583e+02	0.553	0.571	GO:0050909
189	21	8	0.00022	0.00031	2.048e+02	0.5	0.597	GO:0006363
190	22	8	0.00022	0.00065	2.298e+02	0.507	0.32	GO:0045909
191	25	10	0.00021	0.00057	2.798e+02	0.535	0.479	GO:0051693
192	23	9	0.00021	0.00062	2.408e+02	0.554	0.517	GO:0048713
193	31	13	0.0002	0.00055	4.146e+02	0.542	0.597	GO:0035065
194	28	10	0.0002	0.00042	3.716e+02	0.488	0.523	GO:0042036
195	38	13	0.0002	0.00061	6.920e+02	0.513	0.57	GO:0048385
196	20	6	0.0002	0.00042	2.098e+02	0.428	0.523	GO:0007220
197	32	12	0.0002	0.00041	4.705e+02	0.512	0.721	GO:0071277
198	82	32	0.0002	0.0005	2.958e+03	0.538	0.487	GO:0090090
199	28	10	0.00019	0.00058	3.716e+02	0.545	0.631	GO:0018146
200	24	9	0.00019	0.00058	2.678e+02	0.6	0.431	GO:0060397
201	66	26	0.00019	0.00054	1.913e+03	0.556	0.404	GO:0009112
202	28	11	0.00018	0.00055	3.527e+02	0.568	0.516	GO:0046579
203	22	9	0.00018	0.00039	2.148e+02	0.617	0.45	GO:0048762
204	33	12	0.00018	0.00039	5.084e+02	0.503	0.576	GO:0051963
205	34	10	0.00018	0.00054	5.962e+02	0.46	0.546	GO:0000003
206	22	10	0.00018	0.0004	2.009e+02	0.575	0.493	GO:0002090
207	38	15	0.00018	0.00054	6.412e+02	0.557	0.525	GO:0030049
208	63	22	0.00018	0.00054	1.860e+03	0.536	0.398	GO:0043154
209	21	9	0.00018	0.00037	1.909e+02	0.56	0.423	GO:0045446
210	26	10	0.00018	0.00039	3.087e+02	0.489	0.514	GO:0046503
211	33	13	0.00018	0.00051	4.864e+02	0.548	0.57	GO:0048387
212	44	17	0.00018	0.00036	8.667e+02	0.506	0.392	GO:0000018
213	20	7	0.00018	0.0004	1.948e+02	0.566	0.367	GO:0014743
214	29	10	0.00018	0.00035	4.056e+02	0.529	0.478	GO:0043928
215	31	12	0.00018	0.00053	4.345e+02	0.483	0.526	GO:0060325
216	26	9	0.00017	0.00052	3.267e+02	0.462	0.433	GO:0007215
217	36	14	0.00017	0.00036	5.813e+02	0.591	0.362	GO:0046850
218	30	12	0.00017	0.00021	3.996e+02	0.573	0.433	GO:0008038
219	21	7	0.00017	0.00034	2.198e+02	0.53	0.547	GO:0046173
220	46	18	0.00016	0.00038	9.395e+02	0.557	0.399	GO:0007266
221	37	15	0.00016	0.00045	5.992e+02	0.56	0.524	GO:0030514
222	35	14	0.00016	0.00049	5.413e+02	0.606	0.279	GO:0043094
223	48	19	0.00016	0.0004	1.015e+03	0.543	0.56	GO:0002790
224	68	25	0.00016	0.00048	2.107e+03	0.499	0.579	GO:0046782
225	22	9	0.00016	0.00038	2.148e+02	0.567	0.514	GO:0090200
226	34	12	0.00016	0.00047	5.473e+02	0.592	0.354	GO:1901028
227	31	11	0.00016	0.00028	4.555e+02	0.479	0.519	GO:0009452
228	27	10	0.00016	0.00031	3.397e+02	0.495	0.801	GO:0021549
229	71	29	0.00016	0.00032	2.166e+03	0.57	0.542	GO:0038123
230	25	9	0.00016	0.00047	2.967e+02	0.477	0.612	GO:0044058
231	20	7	0.00015	0.00036	1.948e+02	0.547	0.53	GO:0046949
232	21	6	0.00015	0.00044	2.358e+02	0.464	0.583	GO:0006482
233	52	21	0.00015	0.00044	1.176e+03	0.537	0.617	GO:0009855
234	24	10	0.00015	0.00031	2.518e+02	0.561	0.514	GO:0016447
235	20	8	0.00015	0.00044	1.809e+02	0.54	0.679	GO:0046640
236	36	13	0.00015	0.00033	6.052e+02	0.525	0.564	GO:0048538
237	33	13	0.00015	0.0003	4.864e+02	0.55	0.47	GO:0060393
238	25	7	0.00014	0.00043	3.336e+02	0.547	0.442	GO:0001937
239	48	19	0.00014	0.00025	1.015e+03	0.563	0.515	GO:0006939
240	32	13	0.00014	0.00034	4.495e+02	0.549	0.398	GO:0046928
241	24	9	0.00014	0.00032	2.678e+02	0.549	0.494	GO:0032814
242	23	7	0.00014	0.00042	2.737e+02	0.52	0.566	GO:0044062
243	35	14	0.00014	0.00037	5.413e+02	0.524	0.587	GO:0007628
244	32	12	0.00014	0.00039	4.705e+02	0.559	0.532	GO:0010828
245	20	8	0.00014	0.00036	1.809e+02	0.643	0.526	GO:0031640
246	116	41	0.00014	0.00041	6.206e+03	0.525	0.512	GO:0031960
247	34	13	0.00014	0.00036	5.244e+02	0.493	0.646	GO:0045921
248	27	9	0.00013	0.0004	3.586e+02	0.537	0.421	GO:0019674
249	31	11	0.00013	0.0004	4.555e+02	0.531	0.515	GO:0035094
250	20	6	0.00013	0.0004	2.098e+02	0.572	0.38	GO:0045940
251	26	9	0.00013	0.00029	3.267e+02	0.503	0.56	GO:0048013
252	39	13	0.00013	0.00038	7.379e+02	0.535	0.459	GO:0002763
253	65	24	0.00013	0.00038	1.923e+03	0.535	0.552	GO:0009798
254	29	12	0.00013	0.00022	3.666e+02	0.566	0.436	GO:0014014
255	21	7	0.00012	0.00037	2.198e+02	0.582	0.378	GO:0002040
256	22	8	0.00012	0.00036	2.298e+02	0.595	0.385	GO:0003208
257	32	9	0.00012	0.00037	5.393e+02	0.481	0.473	GO:0016486
258	27	11	0.00012	0.00028	3.217e+02	0.555	0.558	GO:0021983
259	22	9	0.00012	0.00029	2.148e+02	0.565	0.545	GO:0032862
260	22	8	0.00012	0.00032	2.298e+02	0.497	0.645	GO:0044089
261	20	8	0.00012	0.00037	1.809e+02	0.571	0.469	GO:0051954
262	30	11	0.00012	0.00028	4.195e+02	0.593	0.545	GO:0071827
263	20	6	0.00012	0.00023	2.098e+02	0.547	0.556	GO:2000677
264	26	11	0.00012	0.00023	2.917e+02	0.553	0.652	GO:0032873
265	23	8	0.00012	0.00025	2.568e+02	0.519	0.693	GO:0002828
266	46	18	0.00012	0.00028	9.395e+02	0.59	0.445	GO:0032768
267	25	8	0.00012	0.00036	3.147e+02	0.51	0.759	GO:0010226
268	63	24	0.00012	0.00036	1.777e+03	0.551	0.487	GO:0030819
269	22	9	0.00012	0.00035	2.148e+02	0.545	0.486	GO:0001961
270	44	14	0.00012	0.00035	9.564e+02	0.525	0.591	GO:0002920
271	30	12	0.00012	0.00035	3.996e+02	0.465	0.651	GO:0018149
272	31	14	0.00012	0.00031	3.956e+02	0.563	0.611	GO:0030073
273	35	13	0.00012	0.00035	5.643e+02	0.533	0.449	GO:0034308
274	21	7	0.00012	0.00035	2.198e+02	0.546	0.566	GO:0035813
275	41	17	0.00012	0.00029	7.240e+02	0.566	0.451	GO:0048661
276	40	16	0.00012	0.00035	7.040e+02	0.52	0.513	GO:0055010
277	22	7	0.00011	0.00029	2.458e+02	0.588	0.453	GO:0048048
278	24	10	0.00011	0.00034	2.518e+02	0.593	0.365	GO:0001892
279	38	15	0.00011	0.00034	6.412e+02	0.541	0.59	GO:0031281
280	31	11	0.00011	0.0002	4.555e+02	0.583	0.545	GO:0071825
281	55	23	0.00011	0.00031	1.288e+03	0.578	0.507	GO:0090277
282	20	6	0.00011	0.00022	2.098e+02	0.493	0.477	GO:0046839
283	25	10	0.00011	0.0002	2.798e+02	0.583	0.383	GO:0060330
284	42	18	0.00011	0.00022	7.440e+02	0.586	0.494	GO:0015918
285	23	7	0.0001	0.00026	2.737e+02	0.459	0.489	GO:0010677
286	20	7	0.0001	0.00021	1.948e+02	0.523	0.487	GO:0045736
287	41	16	0.0001	0.00031	7.499e+02	0.527	0.518	GO:0001709
288	46	19	0.0001	0.00031	9.106e+02	0.547	0.426	GO:0021782
289	48	18	0.0001	0.00025	1.046e+03	0.574	0.44	GO:0010822
290	35	12	0.0001	0.0003	5.882e+02	0.502	0.423	GO:0030890
291	20	7	0.0001	0.00023	1.948e+02	0.578	0.273	GO:0045648
292	40	16	0.0001	0.00021	7.040e+02	0.569	0.54	GO:0045778
293	27	9	0.0001	0.00025	3.586e+02	0.533	0.621	GO:0048536
294	29	10	0.0001	0.0003	4.056e+02	0.505	0.643	GO:0051496
295	63	24	0.0001	0.0003	1.777e+03	0.554	0.552	GO:0051781
296	39	13	0.0001	0.00016	7.379e+02	0.531	0.505	GO:0060411
297	23	8	0.0001	0.00024	2.568e+02	0.506	0.52	GO:0007530
298	37	14	0.0001	0.00023	6.232e+02	0.528	0.424	GO:0032651
299	28	11	0.0001	0.00019	3.527e+02	0.58	0.369	GO:0043388
300	36	13	0.0001	0.00029	6.052e+02	0.523	0.533	GO:0045333
301	22	7	0.0001	0.00029	2.458e+02	0.462	0.71	GO:0045622
302	28	10	0.0001	0.00029	3.716e+02	0.534	0.574	GO:0046326
303	21	8	0.0001	0.00029	2.048e+02	0.549	0.625	GO:0046329
304	48	18	0.0001	0.00027	1.046e+03	0.523	0.557	GO:0048565
305	28	10	0.0001	0.00029	3.716e+02	0.504	0.561	GO:0051702
306	27	9	0.0001	0.00029	3.586e+02	0.542	0.677	GO:0051983
307	34	12	0.0001	0.0002	5.473e+02	0.569	0.447	GO:0014823
308	22	9	0.0001	0.00017	2.148e+02	0.579	0.607	GO:0030325
309	38	15	0.0001	0.0002	6.412e+02	0.553	0.481	GO:0060048
310	23	9	9e-05	0.00021	2.408e+02	0.6	0.393	GO:0032369
311	21	9	9e-05	0.00028	1.909e+02	0.625	0.4	GO:0050820
312	68	28	9e-05	0.00017	1.979e+03	0.58	0.461	GO:0051101
313	68	25	9e-05	0.00028	2.107e+03	0.537	0.471	GO:0070167
314	23	6	9e-05	0.00026	2.917e+02	0.511	0.199	GO:0002026
315	27	10	9e-05	0.00017	3.397e+02	0.494	0.626	GO:0007052
316	30	11	9e-05	0.00019	4.195e+02	0.527	0.566	GO:0030513
317	101	37	9e-05	0.00025	4.629e+03	0.522	0.486	GO:0032946
318	26	8	9e-05	0.00017	3.456e+02	0.512	0.501	GO:0043502
319	24	7	9e-05	0.00021	3.027e+02	0.516	0.469	GO:0060343
320	25	10	9e-05	0.00026	2.798e+02	0.519	0.524	GO:0060998
321	22	9	9e-05	0.00026	2.148e+02	0.523	0.624	GO:0071384
322	52	21	8e-05	0.00025	1.176e+03	0.581	0.497	GO:0015748
323	21	9	8e-05	0.00025	1.909e+02	0.545	0.424	GO:0043029
324	27	11	8e-05	0.00025	3.217e+02	0.607	0.429	GO:0046209
325	21	8	8e-05	0.00017	2.048e+02	0.606	0.576	GO:0050832
326	40	15	8e-05	0.00019	7.300e+02	0.533	0.59	GO:0051349
327	20	7	8e-05	0.00023	1.948e+02	0.499	0.7	GO:0007140
328	43	14	8e-05	0.00024	9.045e+02	0.457	0.545	GO:0008015
329	28	10	8e-05	0.00016	3.716e+02	0.562	0.609	GO:0031069
330	20	8	8e-05	0.00016	1.809e+02	0.532	0.536	GO:0031102
331	22	7	8e-05	0.00021	2.458e+02	0.515	0.569	GO:0033032
332	31	12	8e-05	0.00019	4.345e+02	0.593	0.352	GO:0042558
333	32	12	8e-05	0.00023	4.705e+02	0.587	0.507	GO:0051353
334	42	16	8e-05	0.00023	7.968e+02	0.555	0.587	GO:0001658
335	25	9	8e-05	0.00023	2.967e+02	0.52	0.592	GO:0006656
336	84	31	8e-05	0.00015	3.198e+03	0.537	0.531	GO:0031099
337	29	8	8e-05	0.00023	4.484e+02	0.517	0.513	GO:0042743
338	22	5	8e-05	0.00023	2.807e+02	0.456	0.735	GO:0044705
339	20	7	8e-05	0.00023	1.948e+02	0.469	0.482	GO:0046461
340	24	9	8e-05	0.00019	2.678e+02	0.506	0.529	GO:0050850
341	21	8	8e-05	0.00016	2.048e+02	0.537	0.459	GO:0000718
342	22	6	8e-05	0.00016	2.627e+02	0.523	0.518	GO:0006906
343	38	12	7e-05	0.00022	7.189e+02	0.487	0.493	GO:0031577
344	38	16	7e-05	0.00013	6.172e+02	0.592	0.525	GO:0043392
345	23	8	7e-05	0.00022	2.568e+02	0.523	0.459	GO:1901992
346	52	19	7e-05	0.00015	1.243e+03	0.532	0.554	GO:0007519
347	20	6	7e-05	0.00014	2.098e+02	0.487	0.46	GO:0002861
348	23	5	7e-05	0.0002	3.107e+02	0.385	0.405	GO:0006692
349	22	8	7e-05	0.00014	2.298e+02	0.467	0.514	GO:0010880
350	40	15	7e-05	0.0002	7.300e+02	0.536	0.446	GO:0031018
351	28	10	7e-05	0.00014	3.716e+02	0.602	0.404	GO:0032845
352	55	20	7e-05	0.00014	1.392e+03	0.535	0.508	GO:0045727
353	43	15	7e-05	0.0002	8.746e+02	0.526	0.569	GO:0046460
354	161	62	7e-05	0.0002	1.139e+04	0.552	0.529	GO:0046578
355	22	7	7e-05	0.0002	2.458e+02	0.508	0.61	GO:0060071
356	34	10	6e-05	0.00019	5.962e+02	0.446	0.427	GO:0002889
357	27	8	6e-05	0.00019	3.786e+02	0.47	0.5	GO:0008625
358	54	17	6e-05	0.00019	1.440e+03	0.492	0.562	GO:0009988
359	39	15	6e-05	0.00019	6.851e+02	0.519	0.457	GO:0030199
360	22	7	6e-05	0.00019	2.458e+02	0.468	0.417	GO:0048873
361	20	7	6e-05	0.00019	1.948e+02	0.518	0.458	GO:0050892
362	24	9	6e-05	0.00013	2.678e+02	0.572	0.531	GO:0050922
363	23	8	6e-05	0.00019	2.568e+02	0.566	0.419	GO:2000191
364	23	10	6e-05	0.00017	2.258e+02	0.554	0.482	GO:0032731
365	23	7	6e-05	0.00014	2.737e+02	0.552	0.395	GO:0032965
366	24	8	6e-05	9e-05	2.847e+02	0.485	0.38	GO:0051385
367	20	6	6e-05	0.00018	2.098e+02	0.459	0.706	GO:0002825
368	31	11	6e-05	0.00018	4.555e+02	0.552	0.513	GO:0033619
369	42	14	6e-05	0.00018	8.536e+02	0.55	0.5	GO:0033762
370	32	11	6e-05	0.00018	4.924e+02	0.513	0.618	GO:0050931
371	22	7	6e-05	0.00018	2.458e+02	0.462	0.585	GO:0051491
372	30	11	6e-05	0.00011	4.195e+02	0.474	0.519	GO:0006370
373	22	7	6e-05	0.00011	2.458e+02	0.5	0.36	GO:0033108
374	23	8	6e-05	0.00013	2.568e+02	0.533	0.554	GO:0048484
375	20	7	6e-05	0.00017	1.948e+02	0.605	0.47	GO:0000381
376	36	14	6e-05	0.00017	5.813e+02	0.551	0.61	GO:0006040
377	24	6	6e-05	0.00017	3.217e+02	0.419	0.536	GO:0006261
378	42	16	6e-05	0.00017	7.968e+02	0.552	0.47	GO:0032663
379	37	13	6e-05	0.00017	6.481e+02	0.532	0.52	GO:0060338
380	42	15	5e-05	0.00011	8.247e+02	0.578	0.488	GO:0035051
381	31	12	5e-05	0.00013	4.345e+02	0.549	0.492	GO:0051057
382	20	7	5e-05	0.00011	1.948e+02	0.482	0.394	GO:0051412
383	52	19	5e-05	0.00016	1.243e+03	0.514	0.56	GO:0006282
384	25	9	5e-05	0.00016	2.967e+02	0.582	0.36	GO:0006760
385	30	11	5e-05	0.00016	4.195e+02	0.511	0.66	GO:0007190
386	43	15	5e-05	0.00016	8.746e+02	0.518	0.466	GO:0030516
387	28	10	5e-05	0.00016	3.716e+02	0.538	0.526	GO:0035567
388	21	7	5e-05	0.00016	2.198e+02	0.558	0.523	GO:0035710
389	22	5	5e-05	0.00016	2.807e+02	0.508	0.347	GO:0043536
390	39	13	5e-05	0.00016	7.379e+02	0.577	0.506	GO:0048678
391	39	15	5e-05	0.00016	6.851e+02	0.541	0.484	GO:0051017
392	37	12	5e-05	0.00016	6.740e+02	0.507	0.491	GO:1901264
393	20	7	5e-05	8e-05	1.948e+02	0.534	0.342	GO:0072676
394	43	13	5e-05	0.00014	9.354e+02	0.513	0.422	GO:0002244
395	40	13	5e-05	0.00014	7.848e+02	0.512	0.606	GO:0008206
396	24	5	5e-05	0.00013	3.416e+02	0.434	0.606	GO:0046627
397	57	19	5e-05	0.00014	1.561e+03	0.568	0.406	GO:0050684
398	66	22	5e-05	0.00014	2.086e+03	0.494	0.576	GO:0051291
399	21	3	5e-05	0.00014	2.897e+02	0.486	0.755	GO:0051354
400	21	7	5e-05	0.00014	2.198e+02	0.466	0.673	GO:0052312
401	30	11	5e-05	0.00014	4.195e+02	0.558	0.578	GO:0060135
402	53	20	5e-05	0.0001	1.269e+03	0.548	0.387	GO:0006213
403	29	8	5e-05	0.0001	4.484e+02	0.537	0.199	GO:0009218
404	35	12	5e-05	9e-05	5.882e+02	0.487	0.63	GO:0022616
405	55	18	5e-05	0.0001	1.467e+03	0.502	0.54	GO:0032941
406	21	7	4e-05	0.00013	2.198e+02	0.483	0.662	GO:0002720
407	33	12	4e-05	9e-05	5.084e+02	0.573	0.566	GO:0009620
408	30	10	4e-05	0.00013	4.405e+02	0.583	0.35	GO:0010660
409	20	7	4e-05	0.00013	1.948e+02	0.513	0.57	GO:0015721
410	46	16	4e-05	0.00013	1.000e+03	0.502	0.593	GO:0030010
411	73	28	4e-05	0.00013	2.371e+03	0.563	0.53	GO:0034162
412	20	7	4e-05	0.00013	1.948e+02	0.57	0.459	GO:0046854
413	35	12	4e-05	0.00013	5.882e+02	0.501	0.492	GO:0050848
414	35	11	4e-05	0.00013	6.131e+02	0.51	0.37	GO:0051058
415	39	12	4e-05	0.00013	7.658e+02	0.514	0.639	GO:0071322
416	20	4	4e-05	0.00013	2.428e+02	0.494	0.279	GO:0072337
417	20	6	4e-05	8e-05	2.098e+02	0.527	0.58	GO:0001953
418	33	11	4e-05	0.00012	5.313e+02	0.474	0.664	GO:0006271
419	38	13	4e-05	0.00012	6.920e+02	0.511	0.59	GO:0008156
420	26	10	4e-05	0.00012	3.087e+02	0.489	0.527	GO:0009954
421	25	8	4e-05	0.00012	3.147e+02	0.516	0.411	GO:0010543
422	36	12	4e-05	0.00012	6.301e+02	0.486	0.507	GO:0032436
423	37	11	4e-05	0.00012	7.009e+02	0.481	0.438	GO:0032784
424	34	13	4e-05	0.00012	5.244e+02	0.49	0.675	GO:0035019
425	43	18	4e-05	0.00012	7.909e+02	0.566	0.529	GO:0042157
426	34	11	4e-05	0.00012	5.712e+02	0.508	0.37	GO:0046580
427	26	11	4e-05	0.00012	2.917e+02	0.606	0.486	GO:0050710
428	25	8	4e-05	0.00012	3.147e+02	0.536	0.555	GO:0061217
429	32	10	4e-05	8e-05	5.153e+02	0.527	0.4	GO:0097194
430	44	15	4e-05	9e-05	9.255e+02	0.482	0.648	GO:0046635
431	20	7	4e-05	0.00011	1.948e+02	0.554	0.512	GO:0006949
432	22	8	4e-05	0.00011	2.298e+02	0.567	0.398	GO:0014065
433	41	16	4e-05	0.00011	7.499e+02	0.526	0.66	GO:0019748
434	29	11	4e-05	0.00011	3.856e+02	0.541	0.469	GO:0030835
435	20	7	4e-05	6e-05	1.948e+02	0.551	0.42	GO:0030879
436	40	15	4e-05	0.00011	7.300e+02	0.536	0.48	GO:0042345
437	57	21	4e-05	0.00011	1.484e+03	0.58	0.388	GO:0045669
438	25	9	4e-05	0.00011	2.967e+02	0.499	0.649	GO:0050691
439	30	12	4e-05	0.00011	3.996e+02	0.597	0.424	GO:0051209
440	29	9	4e-05	0.00011	4.265e+02	0.487	0.44	GO:0061448
441	49	16	4e-05	0.00011	1.169e+03	0.535	0.436	GO:0097530
442	39	13	4e-05	8e-05	7.379e+02	0.482	0.513	GO:0001756
443	35	10	3e-05	0.0001	6.391e+02	0.44	0.427	GO:0002712
444	29	9	3e-05	0.0001	4.265e+02	0.513	0.452	GO:0008334
445	22	6	3e-05	0.0001	2.627e+02	0.482	0.617	GO:0010718
446	86	34	3e-05	0.0001	3.228e+03	0.554	0.409	GO:0030326
447	79	28	3e-05	0.0001	2.891e+03	0.509	0.527	GO:0032675
448	27	9	3e-05	0.0001	3.586e+02	0.477	0.438	GO:0045494
449	30	8	3e-05	0.0001	4.854e+02	0.533	0.491	GO:0045604
450	26	9	3e-05	7e-05	3.267e+02	0.529	0.402	GO:0050869
451	49	17	3e-05	0.0001	1.135e+03	0.525	0.493	GO:0051084
452	36	11	3e-05	0.0001	6.560e+02	0.49	0.456	GO:0055081
453	42	15	3e-05	8e-05	8.247e+02	0.52	0.531	GO:0006909
454	59	23	3e-05	8e-05	1.541e+03	0.541	0.441	GO:0051149
455	43	16	3e-05	7e-05	8.457e+02	0.511	0.507	GO:0043525
456	45	15	3e-05	8e-05	9.783e+02	0.569	0.453	GO:0001704
457	92	34	3e-05	8e-05	3.828e+03	0.546	0.491	GO:0006721
458	26	9	3e-05	8e-05	3.267e+02	0.539	0.404	GO:0006904
459	61	24	3e-05	8e-05	1.638e+03	0.571	0.43	GO:0014013
460	37	10	3e-05	8e-05	7.289e+02	0.464	0.543	GO:0021987
461	31	11	3e-05	8e-05	4.555e+02	0.517	0.618	GO:0030318
462	38	12	3e-05	8e-05	7.189e+02	0.536	0.432	GO:0030858
463	23	8	3e-05	8e-05	2.568e+02	0.567	0.596	GO:0034405
464	49	19	3e-05	8e-05	1.070e+03	0.571	0.513	GO:0035914
465	69	24	3e-05	8e-05	2.231e+03	0.519	0.475	GO:0042102
466	21	6	3e-05	8e-05	2.358e+02	0.568	0.245	GO:0043299
467	30	10	3e-05	8e-05	4.405e+02	0.547	0.596	GO:0045168
468	34	9	3e-05	8e-05	6.221e+02	0.456	0.548	GO:0051055
469	40	16	3e-05	8e-05	7.040e+02	0.589	0.392	GO:0060401
470	33	12	3e-05	8e-05	5.084e+02	0.559	0.434	GO:0070169
471	157	60	3e-05	8e-05	1.088e+04	0.537	0.523	GO:0070302
472	29	7	3e-05	8e-05	4.714e+02	0.529	0.472	GO:2000278
473	24	8	2e-05	7e-05	2.847e+02	0.533	0.457	GO:0000289
474	35	11	2e-05	7e-05	6.131e+02	0.437	0.579	GO:0001942
475	20	5	2e-05	7e-05	2.258e+02	0.423	0.56	GO:0002833
476	37	12	2e-05	7e-05	6.740e+02	0.568	0.509	GO:0003151
477	22	5	2e-05	7e-05	2.807e+02	0.455	0.502	GO:0006297
478	32	11	2e-05	7e-05	4.924e+02	0.54	0.559	GO:0006488
479	46	14	2e-05	7e-05	1.065e+03	0.51	0.47	GO:0006940
480	175	65	2e-05	7e-05	1.370e+04	0.525	0.534	GO:0007178
481	29	8	2e-05	5e-05	4.484e+02	0.514	0.357	GO:0008361
482	28	9	2e-05	7e-05	3.916e+02	0.519	0.536	GO:0009225
483	33	8	2e-05	7e-05	6.061e+02	0.477	0.619	GO:0010770
484	70	24	2e-05	7e-05	2.312e+03	0.533	0.487	GO:0030804
485	30	10	2e-05	7e-05	4.405e+02	0.516	0.615	GO:0032508
486	97	36	2e-05	7e-05	4.243e+03	0.55	0.515	GO:0034142
487	60	23	2e-05	7e-05	1.608e+03	0.545	0.56	GO:0042440
488	20	6	2e-05	7e-05	2.098e+02	0.503	0.325	GO:0045773
489	135	50	2e-05	7e-05	8.192e+03	0.519	0.518	GO:0046328
490	46	15	2e-05	7e-05	1.032e+03	0.49	0.503	GO:0048259
491	22	8	2e-05	7e-05	2.298e+02	0.49	0.572	GO:0090103
492	22	7	2e-05	7e-05	2.458e+02	0.476	0.583	GO:2000401
493	28	9	2e-05	6e-05	3.916e+02	0.49	0.641	GO:0002312
494	23	7	2e-05	6e-05	2.737e+02	0.514	0.368	GO:0007176
495	22	8	2e-05	6e-05	2.298e+02	0.519	0.583	GO:0018200
496	26	8	2e-05	6e-05	3.456e+02	0.512	0.353	GO:0021955
497	32	11	2e-05	6e-05	4.924e+02	0.56	0.277	GO:0030101
498	77	28	2e-05	6e-05	2.712e+03	0.525	0.478	GO:0030324
499	70	26	2e-05	6e-05	2.220e+03	0.558	0.516	GO:0033135
500	42	18	2e-05	6e-05	7.440e+02	0.541	0.443	GO:0035136
501	44	17	2e-05	4e-05	8.667e+02	0.558	0.491	GO:0035872
502	69	24	2e-05	6e-05	2.231e+03	0.527	0.501	GO:0042886
503	23	6	2e-05	6e-05	2.917e+02	0.511	0.546	GO:0043030
504	26	8	2e-05	6e-05	3.456e+02	0.509	0.5	GO:0043124
505	28	8	2e-05	6e-05	4.125e+02	0.453	0.427	GO:0043470
506	40	13	2e-05	6e-05	7.848e+02	0.513	0.543	GO:0044273
507	20	5	2e-05	6e-05	2.258e+02	0.447	0.567	GO:0045939
508	30	10	2e-05	5e-05	4.405e+02	0.468	0.566	GO:0048260
509	24	8	2e-05	6e-05	2.847e+02	0.542	0.43	GO:0050918
510	22	6	2e-05	5e-05	2.627e+02	0.455	0.541	GO:0051926
511	20	6	2e-05	6e-05	2.098e+02	0.465	0.646	GO:0051962
512	39	16	2e-05	6e-05	6.601e+02	0.589	0.392	GO:0060402
513	26	8	2e-05	6e-05	3.456e+02	0.497	0.361	GO:0061098
514	20	4	2e-05	6e-05	2.428e+02	0.416	0.88	GO:0090342
515	26	8	2e-05	6e-05	3.456e+02	0.547	0.424	GO:0097028
516	23	7	2e-05	6e-05	2.737e+02	0.494	0.458	GO:1901661
517	72	25	2e-05	5e-05	2.430e+03	0.512	0.583	GO:0000077
518	168	61	2e-05	5e-05	1.278e+04	0.54	0.513	GO:0000902
519	54	19	2e-05	5e-05	1.365e+03	0.513	0.523	GO:0001649
520	35	11	2e-05	5e-05	6.131e+02	0.521	0.49	GO:0002762
521	60	19	2e-05	5e-05	1.769e+03	0.492	0.467	GO:0006968
522	21	6	2e-05	3e-05	2.358e+02	0.502	0.565	GO:0009651
523	53	21	2e-05	5e-05	1.235e+03	0.538	0.617	GO:0009799
524	62	20	2e-05	5e-05	1.872e+03	0.5	0.477	GO:0009953
525	42	14	2e-05	5e-05	8.536e+02	0.534	0.485	GO:0010332
526	21	5	2e-05	5e-05	2.528e+02	0.46	0.589	GO:0015844
527	30	10	2e-05	3e-05	4.405e+02	0.503	0.413	GO:0022408
528	117	45	2e-05	5e-05	6.041e+03	0.53	0.534	GO:0030178
529	75	26	2e-05	5e-05	2.637e+03	0.54	0.514	GO:0030801
530	85	30	2e-05	5e-05	3.350e+03	0.517	0.533	GO:0031345
531	21	6	2e-05	5e-05	2.358e+02	0.576	0.433	GO:0033198
532	24	7	2e-05	5e-05	3.027e+02	0.462	0.413	GO:0035162
533	29	9	2e-05	4e-05	4.265e+02	0.509	0.563	GO:0043588
534	34	13	2e-05	5e-05	5.244e+02	0.578	0.293	GO:0045646
535	54	17	2e-05	5e-05	1.440e+03	0.492	0.487	GO:0045665
536	21	7	2e-05	5e-05	2.198e+02	0.519	0.524	GO:0045907
537	28	10	2e-05	5e-05	3.716e+02	0.477	0.49	GO:0048008
538	69	25	2e-05	5e-05	2.186e+03	0.53	0.431	GO:0048660
539	28	6	2e-05	5e-05	4.574e+02	0.459	0.459	GO:0060348
540	28	10	2e-05	5e-05	3.716e+02	0.528	0.478	GO:0070670
541	53	19	2e-05	5e-05	1.304e+03	0.515	0.493	GO:0071300
542	63	26	2e-05	5e-05	1.698e+03	0.579	0.551	GO:0072073
543	143	55	2e-05	3e-05	9.002e+03	0.542	0.501	GO:2000027
544	48	17	2e-05	5e-05	1.078e+03	0.527	0.561	GO:2001022
545	30	10	1e-05	4e-05	4.405e+02	0.526	0.478	GO:0000291
546	31	10	1e-05	4e-05	4.774e+02	0.542	0.491	GO:0000387
547	117	45	1e-05	4e-05	6.041e+03	0.563	0.516	GO:0000904
548	46	15	1e-05	4e-05	1.032e+03	0.471	0.589	GO:0006333
549	78	29	1e-05	4e-05	2.750e+03	0.528	0.57	GO:0006493
550	39	13	1e-05	4e-05	7.379e+02	0.52	0.502	GO:0006778
551	40	10	1e-05	4e-05	8.745e+02	0.501	0.445	GO:0007159
552	40	14	1e-05	4e-05	7.569e+02	0.558	0.357	GO:0007259
553	78	25	1e-05	4e-05	2.958e+03	0.534	0.529	GO:0007623
554	24	7	1e-05	4e-05	3.027e+02	0.473	0.494	GO:0014031
555	33	11	1e-05	4e-05	5.313e+02	0.53	0.372	GO:0016358
556	21	6	1e-05	4e-05	2.358e+02	0.564	0.337	GO:0021522
557	21	5	1e-05	4e-05	2.528e+02	0.419	0.543	GO:0030239
558	37	10	1e-05	4e-05	7.289e+02	0.495	0.424	GO:0031047
559	29	9	1e-05	4e-05	4.265e+02	0.536	0.616	GO:0031128
560	41	16	1e-05	4e-05	7.499e+02	0.536	0.451	GO:0032652
561	23	5	1e-05	4e-05	3.107e+02	0.426	0.29	GO:0034605
562	45	17	1e-05	4e-05	9.175e+02	0.53	0.656	GO:0048146
563	30	9	1e-05	4e-05	4.624e+02	0.505	0.475	GO:0048485
564	37	11	1e-05	4e-05	7.009e+02	0.535	0.459	GO:0050830
565	22	7	1e-05	4e-05	2.458e+02	0.515	0.495	GO:0050912
566	23	8	1e-05	4e-05	2.568e+02	0.53	0.571	GO:0050927
567	110	40	1e-05	4e-05	5.505e+03	0.532	0.516	GO:0051384
568	50	16	1e-05	4e-05	1.228e+03	0.478	0.541	GO:0055002
569	64	21	1e-05	4e-05	1.977e+03	0.495	0.609	GO:0060021
570	22	7	1e-05	4e-05	2.458e+02	0.448	0.61	GO:0060314
571	36	10	1e-05	4e-05	6.830e+02	0.453	0.566	GO:0070997
572	55	17	1e-05	4e-05	1.506e+03	0.494	0.534	GO:0090183
573	25	7	1e-05	4e-05	3.336e+02	0.481	0.478	GO:0090311
574	21	8	1e-05	2e-05	2.048e+02	0.536	0.546	GO:0001502
575	45	16	1e-05	2e-05	9.474e+02	0.559	0.54	GO:0001837
576	48	15	1e-05	2e-05	1.145e+03	0.522	0.328	GO:0006220
577	23	7	1e-05	2e-05	2.737e+02	0.493	0.663	GO:0006270
578	20	6	1e-05	2e-05	2.098e+02	0.514	0.564	GO:0007029
579	23	6	1e-05	2e-05	2.917e+02	0.474	0.336	GO:0007062
580	102	37	1e-05	2e-05	4.744e+03	0.523	0.51	GO:0008037
581	28	10	1e-05	2e-05	3.716e+02	0.57	0.408	GO:0010453
582	40	13	1e-05	2e-05	7.848e+02	0.535	0.58	GO:0010717
583	36	10	1e-05	2e-05	6.830e+02	0.506	0.658	GO:0010883
584	37	10	1e-05	2e-05	7.289e+02	0.502	0.694	GO:0014075
585	26	7	1e-05	2e-05	3.656e+02	0.489	0.628	GO:0018022
586	41	13	1e-05	2e-05	8.337e+02	0.517	0.514	GO:0019432
587	62	23	1e-05	2e-05	1.746e+03	0.533	0.467	GO:0030048
588	51	17	1e-05	2e-05	1.253e+03	0.516	0.381	GO:0030888
589	37	12	1e-05	2e-05	6.740e+02	0.489	0.541	GO:0032091
590	24	7	1e-05	2e-05	3.027e+02	0.48	0.431	GO:0035329
591	21	5	1e-05	2e-05	2.528e+02	0.448	0.486	GO:0042107
592	26	9	1e-05	2e-05	3.267e+02	0.475	0.596	GO:0042133
593	26	10	1e-05	2e-05	3.087e+02	0.535	0.478	GO:0042246
594	26	8	1e-05	2e-05	3.456e+02	0.401	0.566	GO:0043113
595	37	13	1e-05	2e-05	6.481e+02	0.526	0.553	GO:0043618
596	31	6	1e-05	2e-05	5.751e+02	0.465	0.481	GO:0045103
597	36	12	1e-05	2e-05	6.301e+02	0.54	0.394	GO:0046131
598	50	17	1e-05	2e-05	1.193e+03	0.509	0.579	GO:0046164
599	83	31	1e-05	2e-05	3.103e+03	0.548	0.379	GO:0048872
600	124	47	1e-05	2e-05	6.834e+03	0.563	0.516	GO:0050679
601	28	7	1e-05	2e-05	4.345e+02	0.517	0.388	GO:0060674
602	132	50	1e-05	2e-05	7.741e+03	0.532	0.471	GO:0060828
603	29	6	1e-05	2e-05	4.953e+02	0.418	0.561	GO:0071622
604	23	6	1e-05	2e-05	2.917e+02	0.468	0.402	GO:0072525
605	23	5	1e-05	2e-05	3.107e+02	0.438	0.789	GO:0086001
606	21	3	1e-05	2e-05	2.897e+02	0.505	0.525	GO:1901099
607	39	12	0.0	1e-05	7.658e+02	0.571	0.517	GO:0001906
608	25	8	0.0	1e-05	3.147e+02	0.479	0.575	GO:0001958
609	45	14	0.0	1e-05	1.010e+03	0.504	0.435	GO:0006120
610	99	37	0.0	1e-05	4.402e+03	0.497	0.493	GO:0006302
611	50	18	0.0	1e-05	1.159e+03	0.504	0.572	GO:0006418
612	25	9	0.0	1e-05	2.967e+02	0.512	0.515	GO:0006893
613	33	12	0.0	1e-05	5.084e+02	0.558	0.272	GO:0007131
614	24	5	0.0	1e-05	3.416e+02	0.449	0.377	GO:0007492
615	23	7	0.0	1e-05	2.737e+02	0.466	0.46	GO:0008299
616	77	28	0.0	1e-05	2.712e+03	0.564	0.428	GO:0010821
617	60	22	0.0	1e-05	1.646e+03	0.551	0.497	GO:0010976
618	29	5	0.0	1e-05	5.202e+02	0.515	0.314	GO:0015988
619	82	30	0.0	1e-05	3.062e+03	0.541	0.508	GO:0016101
620	62	23	0.0	1e-05	1.746e+03	0.542	0.504	GO:0030500
621	22	6	0.0	1e-05	2.627e+02	0.511	0.625	GO:0030511
622	21	6	0.0	1e-05	2.358e+02	0.493	0.523	GO:0031670
623	27	7	0.0	1e-05	3.995e+02	0.492	0.594	GO:0032570
624	54	18	0.0	1e-05	1.402e+03	0.522	0.526	GO:0033138
625	29	9	0.0	1e-05	4.265e+02	0.527	0.533	GO:0042168
626	22	6	0.0	1e-05	2.627e+02	0.459	0.614	GO:0042490
627	52	17	0.0	1e-05	1.313e+03	0.506	0.556	GO:0043010
628	30	7	0.0	1e-05	5.093e+02	0.479	0.504	GO:0043331
629	29	6	0.0	1e-05	4.953e+02	0.384	0.527	GO:0043486
630	57	20	0.0	1e-05	1.522e+03	0.503	0.489	GO:0043507
631	155	60	0.0	1e-05	1.053e+04	0.528	0.566	GO:0043547
632	52	16	0.0	1e-05	1.350e+03	0.496	0.633	GO:0043647
633	31	9	0.0	1e-05	5.004e+02	0.54	0.526	GO:0045600
634	28	11	0.0	1e-05	3.527e+02	0.538	0.521	GO:0045739
635	26	5	0.0	1e-05	4.085e+02	0.416	0.67	GO:0045806
636	48	16	0.0	1e-05	1.111e+03	0.486	0.599	GO:0048525
637	27	4	0.0	1e-05	4.683e+02	0.409	0.386	GO:0048738
638	20	6	0.0	1e-05	2.098e+02	0.494	0.416	GO:0048857
639	51	16	0.0	1e-05	1.288e+03	0.522	0.523	GO:0071383
640	24	8	0.0	1e-05	2.847e+02	0.53	0.459	GO:1901989
