Order	#(Annotations)	#(Annotations of perturbed genes)	Mean Posterior Probability	Standard Deviation Posterior Probability	p-value	Average Expression Level	Average position perturbed genes	Term Name
1	27	15	0.05032	0.08481	2.588e+02	0.621	0.504	GO:0021983
2	28	16	0.04259	0.07026	2.708e+02	0.631	0.376	GO:0070670
3	23	13	0.03299	0.04536	1.859e+02	0.627	0.423	GO:0032892
4	30	16	0.03016	0.04941	3.297e+02	0.624	0.476	GO:0060135
5	58	28	0.02425	0.03786	1.306e+03	0.618	0.495	GO:0010955
6	24	13	0.0218	0.03177	2.099e+02	0.669	0.464	GO:1901989
7	46	23	0.02142	0.03412	8.049e+02	0.575	0.446	GO:0007588
8	25	14	0.01962	0.02383	2.209e+02	0.64	0.343	GO:0071353
9	22	12	0.01783	0.02428	1.759e+02	0.571	0.604	GO:0010880
10	23	13	0.01738	0.02617	1.859e+02	0.588	0.467	GO:0007032
11	26	14	0.01699	0.0269	2.468e+02	0.674	0.385	GO:2000243
12	24	13	0.01349	0.02206	2.099e+02	0.566	0.563	GO:0000045
13	31	16	0.01309	0.02107	3.607e+02	0.614	0.528	GO:0070192
14	57	26	0.01197	0.0198	1.310e+03	0.566	0.383	GO:0045669
15	39	19	0.00987	0.02431	5.913e+02	0.606	0.56	GO:0032104
16	45	21	0.00925	0.01073	8.079e+02	0.576	0.54	GO:0072089
17	30	15	0.00913	0.01244	3.457e+02	0.572	0.575	GO:0045104
18	87	38	0.00895	0.01596	3.116e+03	0.571	0.509	GO:0001505
19	34	17	0.00879	0.0126	4.426e+02	0.635	0.327	GO:0000271
20	22	12	0.00799	0.01158	1.759e+02	0.612	0.452	GO:0090200
21	23	12	0.00767	0.00946	1.989e+02	0.661	0.463	GO:1901992
22	33	16	0.00728	0.01027	4.266e+02	0.565	0.499	GO:0046471
23	31	15	0.00652	0.00628	3.776e+02	0.581	0.606	GO:0048663
24	54	25	0.00637	0.00806	1.165e+03	0.587	0.427	GO:0002285
25	23	12	0.00602	0.00874	1.989e+02	0.638	0.371	GO:2000191
26	20	11	0.0058	0.007	1.449e+02	0.679	0.361	GO:0006949
27	56	25	0.00572	0.00692	1.282e+03	0.558	0.514	GO:0007033
28	23	11	0.00535	0.00802	2.118e+02	0.552	0.511	GO:0036152
29	50	23	0.00526	0.00647	1.004e+03	0.584	0.474	GO:0008630
30	33	16	0.0052	0.01151	4.266e+02	0.629	0.315	GO:0033692
31	31	15	0.00472	0.00574	3.776e+02	0.563	0.575	GO:0045103
32	27	13	0.00461	0.00866	2.888e+02	0.562	0.464	GO:0045912
33	21	11	0.00461	0.01065	1.659e+02	0.613	0.375	GO:0046329
34	22	11	0.00452	0.00714	1.879e+02	0.575	0.462	GO:0045909
35	32	15	0.00435	0.00851	4.106e+02	0.57	0.514	GO:0033628
36	23	11	0.00433	0.00617	2.118e+02	0.574	0.58	GO:0032965
37	42	20	0.00427	0.00692	6.951e+02	0.598	0.467	GO:0045861
38	37	17	0.00388	0.0078	5.544e+02	0.575	0.468	GO:1901264
39	44	20	0.00388	0.00503	7.859e+02	0.62	0.543	GO:0002920
40	20	10	0.00381	0.00673	1.559e+02	0.58	0.373	GO:0045648
41	26	13	0.00367	0.00622	2.608e+02	0.608	0.303	GO:0002286
42	20	10	0.00366	0.00436	1.559e+02	0.596	0.676	GO:0007140
43	20	10	0.00362	0.00541	1.559e+02	0.625	0.548	GO:0016241
44	99	41	0.00357	0.00564	4.158e+03	0.57	0.465	GO:0032319
45	24	11	0.00357	0.00691	2.368e+02	0.592	0.273	GO:0014072
46	28	13	0.00356	0.00621	3.177e+02	0.614	0.437	GO:0031069
47	23	11	0.00336	0.00523	2.118e+02	0.595	0.593	GO:0019835
48	53	24	0.00336	0.00624	1.139e+03	0.586	0.487	GO:0050807
49	22	11	0.0031	0.0053	1.879e+02	0.664	0.419	GO:0034105
50	68	29	0.00307	0.00461	1.938e+03	0.565	0.478	GO:0032321
51	62	28	0.00305	0.00618	1.557e+03	0.597	0.352	GO:0031330
52	28	13	0.00304	0.00497	3.177e+02	0.6	0.484	GO:2001238
53	26	12	0.00288	0.00583	2.758e+02	0.641	0.475	GO:0048662
54	27	13	0.00287	0.00425	2.888e+02	0.641	0.514	GO:0030449
55	42	19	0.00277	0.00433	7.191e+02	0.573	0.443	GO:0030071
56	23	11	0.00276	0.00272	2.118e+02	0.613	0.504	GO:0006270
57	25	12	0.00274	0.00428	2.488e+02	0.565	0.627	GO:0060330
58	23	12	0.00272	0.00342	1.989e+02	0.581	0.46	GO:0010677
59	112	47	0.00254	0.00417	5.272e+03	0.551	0.533	GO:0007417
60	60	26	0.0025	0.00497	1.497e+03	0.561	0.541	GO:0006672
61	25	12	0.00248	0.00303	2.488e+02	0.572	0.53	GO:0060998
62	25	12	0.00244	0.00355	2.488e+02	0.644	0.425	GO:0070534
63	27	12	0.00232	0.00441	3.047e+02	0.563	0.474	GO:0055007
64	20	10	0.00231	0.00586	1.559e+02	0.594	0.482	GO:0060349
65	56	24	0.00225	0.00344	1.315e+03	0.58	0.561	GO:0007269
66	26	12	0.00224	0.0029	2.758e+02	0.592	0.419	GO:0018022
67	43	19	0.00224	0.00388	7.650e+02	0.598	0.443	GO:0048839
68	31	14	0.00224	0.00356	3.956e+02	0.557	0.59	GO:0052646
69	24	11	0.00224	0.00589	2.368e+02	0.562	0.536	GO:0006658
70	24	11	0.00221	0.00567	2.368e+02	0.568	0.58	GO:0010712
71	27	12	0.00218	0.00483	3.047e+02	0.578	0.517	GO:0019674
72	40	18	0.00216	0.00382	6.552e+02	0.604	0.38	GO:0032890
73	23	11	0.00216	0.00541	2.118e+02	0.604	0.414	GO:0032369
74	36	16	0.00215	0.00318	5.364e+02	0.591	0.51	GO:0070997
75	30	13	0.0021	0.00327	3.806e+02	0.59	0.394	GO:0046638
76	26	12	0.00206	0.00401	2.758e+02	0.589	0.354	GO:0032873
77	20	9	0.00204	0.00335	1.679e+02	0.579	0.49	GO:0021795
78	21	9	0.00198	0.00332	1.909e+02	0.569	0.594	GO:0032715
79	21	10	0.00192	0.00253	1.779e+02	0.591	0.353	GO:0006482
80	26	12	0.00192	0.00276	2.758e+02	0.592	0.532	GO:0021955
81	20	10	0.00186	0.00238	1.559e+02	0.672	0.318	GO:0045851
82	22	11	0.00186	0.00293	1.879e+02	0.653	0.287	GO:0010507
83	20	8	0.00183	0.00365	1.809e+02	0.581	0.547	GO:0046640
84	43	18	0.00173	0.00259	7.909e+02	0.594	0.326	GO:0070988
85	30	14	0.00172	0.0035	3.627e+02	0.609	0.542	GO:0050766
86	20	9	0.00164	0.00326	1.679e+02	0.501	0.534	GO:0031102
87	33	15	0.00164	0.00166	4.455e+02	0.543	0.609	GO:0007131
88	27	12	0.00163	0.00285	3.047e+02	0.584	0.488	GO:0042310
89	45	20	0.0016	0.00314	8.338e+02	0.583	0.513	GO:0007416
90	86	36	0.0016	0.00222	3.123e+03	0.568	0.428	GO:0050714
91	21	8	0.00159	0.00268	2.048e+02	0.5	0.419	GO:0046834
92	30	12	0.00158	0.0021	3.996e+02	0.526	0.457	GO:0032508
93	27	11	0.00154	0.00288	3.217e+02	0.579	0.556	GO:0051983
94	48	20	0.00153	0.00357	9.854e+02	0.574	0.493	GO:0010822
95	28	12	0.00152	0.00301	3.347e+02	0.585	0.511	GO:0002312
96	76	32	0.00152	0.00265	2.435e+03	0.578	0.434	GO:0002573
97	25	10	0.00149	0.00237	2.798e+02	0.537	0.318	GO:0001958
98	22	10	0.00146	0.00211	2.009e+02	0.615	0.378	GO:0048762
99	46	19	0.00138	0.00203	9.106e+02	0.581	0.472	GO:0060041
100	22	10	0.00134	0.00367	2.009e+02	0.534	0.491	GO:0030325
101	49	20	0.00133	0.00246	1.039e+03	0.552	0.455	GO:0000724
102	35	14	0.0013	0.0032	5.413e+02	0.586	0.522	GO:0030890
103	40	18	0.0013	0.002	6.552e+02	0.581	0.506	GO:0046677
104	26	11	0.0013	0.00239	2.917e+02	0.553	0.553	GO:0050710
105	33	15	0.00128	0.00293	4.455e+02	0.556	0.414	GO:0090199
106	20	9	0.00128	0.00305	1.679e+02	0.569	0.631	GO:0060291
107	28	12	0.00126	0.00192	3.347e+02	0.633	0.497	GO:0033077
108	37	16	0.00125	0.00207	5.763e+02	0.544	0.542	GO:0061351
109	24	11	0.00124	0.00188	2.368e+02	0.596	0.344	GO:0030857
110	29	12	0.00123	0.00303	3.666e+02	0.544	0.477	GO:0016331
111	24	12	0.00122	0.00178	2.228e+02	0.587	0.627	GO:0060334
112	21	9	0.0012	0.00263	1.909e+02	0.578	0.437	GO:0010165
113	60	25	0.00119	0.00288	1.533e+03	0.582	0.42	GO:0002673
114	31	14	0.00116	0.0025	3.956e+02	0.613	0.397	GO:0045600
115	44	19	0.00115	0.00147	8.119e+02	0.584	0.441	GO:0046635
116	22	9	0.00112	0.00238	2.148e+02	0.591	0.324	GO:0032862
117	22	10	0.0011	0.00196	2.009e+02	0.624	0.416	GO:0006509
118	30	14	0.00109	0.00195	3.627e+02	0.559	0.446	GO:0048265
119	20	9	0.00108	0.00169	1.679e+02	0.567	0.577	GO:0010714
120	37	16	0.00108	0.00197	5.763e+02	0.549	0.35	GO:0071230
121	20	9	0.00108	0.00271	1.679e+02	0.583	0.368	GO:0051954
122	22	9	0.00108	0.00151	2.148e+02	0.562	0.291	GO:1901532
123	32	13	0.00106	0.00221	4.495e+02	0.548	0.326	GO:0048706
124	26	11	0.00105	0.0015	2.917e+02	0.597	0.242	GO:0032350
125	31	14	0.00105	0.00155	3.956e+02	0.559	0.581	GO:0006654
126	60	25	0.00105	0.00244	1.533e+03	0.607	0.435	GO:1901616
127	21	9	0.00102	0.00141	1.909e+02	0.613	0.482	GO:0046173
128	99	40	0.00099	0.00239	4.217e+03	0.557	0.406	GO:0009895
129	20	8	0.00099	0.00156	1.809e+02	0.584	0.333	GO:2000677
130	28	10	0.00098	0.00287	3.716e+02	0.494	0.468	GO:0045055
131	22	9	0.00097	0.00185	2.148e+02	0.544	0.416	GO:0090189
132	100	42	0.00097	0.00123	4.207e+03	0.551	0.405	GO:0045667
133	46	19	0.00096	0.00214	9.106e+02	0.528	0.441	GO:0035335
134	27	11	0.00094	0.00206	3.217e+02	0.52	0.451	GO:0032855
135	23	10	0.00094	0.0017	2.258e+02	0.575	0.522	GO:0034605
136	111	44	0.00092	0.002	5.351e+03	0.559	0.481	GO:0002695
137	21	9	0.00092	0.00134	1.909e+02	0.627	0.408	GO:0072009
138	22	10	0.00092	0.0015	2.009e+02	0.57	0.473	GO:0061005
139	24	10	0.00092	0.0014	2.518e+02	0.591	0.331	GO:0035162
140	47	20	0.00092	0.00169	9.336e+02	0.556	0.411	GO:0001776
141	29	12	0.00091	0.00253	3.666e+02	0.577	0.476	GO:0051402
142	20	9	0.00088	0.00147	1.679e+02	0.539	0.506	GO:0015721
143	28	11	0.00085	0.00127	3.527e+02	0.565	0.258	GO:0043370
144	24	11	0.00084	0.00133	2.368e+02	0.625	0.31	GO:0003179
145	36	15	0.00084	0.00156	5.583e+02	0.561	0.453	GO:0042312
146	24	11	0.00083	0.0015	2.368e+02	0.591	0.384	GO:0003279
147	50	19	0.00081	0.00211	1.126e+03	0.579	0.542	GO:0010001
148	62	25	0.00081	0.00169	1.668e+03	0.546	0.529	GO:0031023
149	138	55	0.00079	0.00106	8.225e+03	0.565	0.51	GO:1901068
150	35	15	0.00079	0.00124	5.194e+02	0.562	0.358	GO:0043094
151	31	13	0.00078	0.00155	4.146e+02	0.558	0.496	GO:0051966
152	34	14	0.00076	0.00146	5.024e+02	0.551	0.425	GO:0045841
153	40	16	0.00076	0.00128	7.040e+02	0.606	0.379	GO:0031018
154	32	13	0.00075	0.0014	4.495e+02	0.551	0.427	GO:0007094
155	22	9	0.00075	0.00122	2.148e+02	0.539	0.553	GO:0001909
156	21	9	0.00073	0.00118	1.909e+02	0.6	0.489	GO:0008045
157	20	8	0.00071	0.00113	1.809e+02	0.557	0.494	GO:0050892
158	43	17	0.00069	0.00099	8.178e+02	0.527	0.455	GO:0030521
159	21	9	0.00068	0.00162	1.909e+02	0.571	0.613	GO:0043300
160	25	11	0.00068	0.00174	2.638e+02	0.547	0.576	GO:0042311
161	27	12	0.00067	0.00108	3.047e+02	0.541	0.674	GO:0048738
162	21	9	0.00067	0.00107	1.909e+02	0.557	0.45	GO:0006110
163	62	26	0.00067	0.00149	1.630e+03	0.564	0.464	GO:0016579
164	20	8	0.00067	0.00112	1.809e+02	0.58	0.414	GO:0090559
165	42	18	0.00066	0.00189	7.440e+02	0.604	0.366	GO:0006081
166	56	24	0.00065	0.00162	1.315e+03	0.602	0.402	GO:0045582
167	27	11	0.00064	0.00124	3.217e+02	0.62	0.414	GO:0046209
168	162	64	0.00063	0.00156	1.137e+04	0.538	0.436	GO:0030278
169	23	10	0.00063	0.00129	2.258e+02	0.575	0.294	GO:0043278
170	34	14	0.00062	0.00128	5.024e+02	0.563	0.386	GO:0045646
171	25	10	0.00062	0.00093	2.798e+02	0.551	0.567	GO:0045058
172	54	22	0.00062	0.00131	1.261e+03	0.576	0.33	GO:0001649
173	42	17	0.00062	0.00131	7.699e+02	0.598	0.332	GO:0034637
174	22	8	0.00061	0.0014	2.298e+02	0.548	0.405	GO:1902229
175	37	15	0.00061	0.0014	5.992e+02	0.562	0.463	GO:0072332
176	45	17	0.00059	0.00121	9.175e+02	0.54	0.463	GO:0046456
177	28	11	0.00058	0.0009	3.527e+02	0.527	0.368	GO:0046579
178	35	15	0.00058	0.00086	5.194e+02	0.518	0.412	GO:0071377
179	23	9	0.00057	0.00124	2.408e+02	0.577	0.408	GO:0043030
180	32	13	0.00056	0.0016	4.495e+02	0.585	0.407	GO:0010828
181	76	29	0.00055	0.00111	2.575e+03	0.553	0.453	GO:0046887
182	42	17	0.00055	0.00078	7.699e+02	0.581	0.381	GO:0050994
183	20	7	0.00055	0.00147	1.948e+02	0.54	0.454	GO:0045940
184	31	13	0.00054	0.00098	4.146e+02	0.559	0.48	GO:0030501
185	25	11	0.00054	0.00127	2.638e+02	0.536	0.511	GO:0036151
186	57	22	0.00054	0.00085	1.447e+03	0.551	0.566	GO:0007254
187	52	20	0.00053	0.00107	1.209e+03	0.513	0.45	GO:0055008
188	20	7	0.00051	0.00154	1.948e+02	0.526	0.526	GO:0045577
189	26	11	0.00051	0.00098	2.917e+02	0.593	0.381	GO:0048013
190	25	10	0.00051	0.00123	2.798e+02	0.551	0.375	GO:0061217
191	26	10	0.0005	0.0011	3.087e+02	0.534	0.405	GO:0051602
192	20	8	0.0005	0.00088	1.809e+02	0.542	0.403	GO:0030104
193	32	13	0.0005	0.00118	4.495e+02	0.603	0.491	GO:0035601
194	22	9	0.00049	0.00104	2.148e+02	0.587	0.411	GO:0021915
195	30	12	0.00049	0.00098	3.996e+02	0.604	0.514	GO:0018149
196	28	12	0.00048	0.00145	3.347e+02	0.527	0.501	GO:0048008
197	41	18	0.00047	0.00109	6.991e+02	0.591	0.413	GO:0046889
198	23	9	0.00047	0.00095	2.408e+02	0.55	0.351	GO:0030316
199	29	11	0.00047	0.00076	3.856e+02	0.515	0.534	GO:0044275
200	21	7	0.00046	0.00081	2.198e+02	0.571	0.282	GO:0045907
201	57	23	0.00044	0.00079	1.411e+03	0.588	0.463	GO:0042472
202	29	11	0.00044	0.00068	3.856e+02	0.599	0.421	GO:0045777
203	57	21	0.00044	0.00084	1.484e+03	0.513	0.428	GO:0007202
204	35	12	0.00043	0.00096	5.882e+02	0.571	0.532	GO:0002637
205	28	11	0.00043	0.00077	3.527e+02	0.576	0.337	GO:0046326
206	22	9	0.00043	0.00066	2.148e+02	0.58	0.443	GO:0000819
207	42	16	0.00043	0.00128	7.968e+02	0.566	0.47	GO:0035136
208	21	7	0.00043	0.00078	2.198e+02	0.514	0.366	GO:0043029
209	32	13	0.00042	0.00085	4.495e+02	0.55	0.439	GO:0045620
210	141	58	0.00041	0.00086	8.432e+03	0.58	0.482	GO:0030098
211	21	8	0.00041	0.00117	2.048e+02	0.541	0.439	GO:0035813
212	20	8	0.00041	0.00084	1.809e+02	0.555	0.425	GO:0001782
213	35	13	0.00041	0.00122	5.643e+02	0.519	0.472	GO:0043266
214	30	11	0.00041	0.00107	4.195e+02	0.521	0.501	GO:0050873
215	46	18	0.0004	0.00083	9.395e+02	0.522	0.508	GO:0007266
216	60	23	0.0004	0.00107	1.608e+03	0.576	0.547	GO:0010976
217	66	28	0.0004	0.0008	1.832e+03	0.582	0.435	GO:0006304
218	26	9	0.0004	0.001	3.267e+02	0.554	0.554	GO:0016339
219	20	7	0.0004	0.00111	1.948e+02	0.489	0.603	GO:0033574
220	32	12	0.00039	0.00118	4.705e+02	0.524	0.412	GO:0097194
221	39	15	0.00038	0.00084	6.851e+02	0.566	0.42	GO:0006691
222	50	20	0.00038	0.0007	1.094e+03	0.556	0.458	GO:0009267
223	34	14	0.00038	0.00106	5.024e+02	0.576	0.58	GO:0042254
224	40	14	0.00038	0.00077	7.569e+02	0.518	0.46	GO:0045778
225	21	7	0.00038	0.00068	2.198e+02	0.535	0.373	GO:0000718
226	47	19	0.00038	0.00075	9.625e+02	0.55	0.482	GO:0051146
227	27	10	0.00037	0.00058	3.397e+02	0.525	0.502	GO:0040020
228	31	12	0.00037	0.00076	4.345e+02	0.53	0.344	GO:0051057
229	30	12	0.00037	0.00065	3.996e+02	0.547	0.264	GO:0050433
230	32	13	0.00037	0.00084	4.495e+02	0.62	0.287	GO:0050931
231	24	9	0.00036	0.00087	2.678e+02	0.535	0.479	GO:0032228
232	21	9	0.00036	0.00076	1.909e+02	0.569	0.472	GO:0033081
233	21	8	0.00036	0.00079	2.048e+02	0.628	0.323	GO:0046320
234	22	8	0.00036	0.00075	2.298e+02	0.532	0.492	GO:0090103
235	20	9	0.00035	0.00094	1.679e+02	0.556	0.594	GO:0046839
236	49	19	0.00035	0.0006	1.070e+03	0.574	0.349	GO:0061035
237	31	11	0.00034	0.00103	4.555e+02	0.592	0.319	GO:0030641
238	41	17	0.00034	0.00095	7.240e+02	0.578	0.336	GO:0046637
239	27	11	0.00034	0.00071	3.217e+02	0.621	0.589	GO:0034453
240	34	14	0.00034	0.00053	5.024e+02	0.528	0.547	GO:0035019
241	41	16	0.00034	0.00071	7.499e+02	0.505	0.415	GO:0043967
242	33	13	0.00034	0.00079	4.864e+02	0.557	0.48	GO:0070169
243	22	8	0.00034	0.00075	2.298e+02	0.497	0.525	GO:0045686
244	61	24	0.00033	0.00042	1.638e+03	0.563	0.463	GO:0006733
245	22	8	0.00033	0.00068	2.298e+02	0.605	0.335	GO:0006906
246	62	27	0.00032	0.00073	1.593e+03	0.549	0.562	GO:0009953
247	32	13	0.00032	0.00091	4.495e+02	0.528	0.473	GO:0032392
248	39	14	0.00032	0.00095	7.110e+02	0.53	0.538	GO:0032006
249	50	20	0.00031	0.00049	1.094e+03	0.545	0.455	GO:0000725
250	36	14	0.00031	0.00047	5.813e+02	0.539	0.442	GO:0006584
251	25	10	0.00031	0.00067	2.798e+02	0.561	0.49	GO:0042771
252	21	7	0.00031	0.00055	2.198e+02	0.445	0.455	GO:0045616
253	23	10	0.0003	0.00041	2.258e+02	0.584	0.471	GO:0045581
254	69	27	0.0003	0.00046	2.097e+03	0.565	0.436	GO:0050868
255	63	24	0.0003	0.0006	1.777e+03	0.513	0.502	GO:0070304
256	41	15	0.00029	0.00069	7.769e+02	0.537	0.417	GO:0045839
257	40	14	0.00029	0.00088	7.569e+02	0.526	0.735	GO:0050772
258	48	19	0.00029	0.00048	1.015e+03	0.549	0.5	GO:0006939
259	39	15	0.00029	0.00078	6.851e+02	0.532	0.555	GO:0030199
260	36	12	0.00029	0.00058	6.301e+02	0.461	0.599	GO:0043473
261	29	11	0.00028	0.00085	3.856e+02	0.491	0.602	GO:0001578
262	37	14	0.00028	0.00084	6.232e+02	0.546	0.395	GO:0006305
263	23	9	0.00028	0.00047	2.408e+02	0.519	0.491	GO:0006692
264	32	11	0.00028	0.00074	4.924e+02	0.489	0.625	GO:0040018
265	21	9	0.00028	0.00048	1.909e+02	0.566	0.46	GO:0050820
266	22	9	0.00028	0.00074	2.148e+02	0.546	0.605	GO:2000401
267	42	18	0.00028	0.00051	7.440e+02	0.586	0.503	GO:0045428
268	21	6	0.00028	0.00051	2.358e+02	0.487	0.404	GO:0002040
269	79	30	0.00028	0.00084	2.788e+03	0.533	0.528	GO:0042439
270	66	29	0.00028	0.00057	1.793e+03	0.592	0.419	GO:0010506
271	30	11	0.00028	0.0007	4.195e+02	0.537	0.4	GO:0072175
272	67	26	0.00028	0.00055	1.987e+03	0.543	0.389	GO:1902106
273	35	14	0.00027	0.0008	5.413e+02	0.536	0.44	GO:0071174
274	27	9	0.00027	0.0006	3.586e+02	0.576	0.508	GO:1903018
275	37	14	0.00027	0.00054	6.232e+02	0.584	0.495	GO:0031644
276	50	19	0.00027	0.00069	1.126e+03	0.58	0.429	GO:0034103
277	39	15	0.00027	0.00067	6.851e+02	0.547	0.428	GO:0042147
278	38	15	0.00026	0.00041	6.412e+02	0.547	0.377	GO:0030049
279	20	7	0.00026	0.00049	1.948e+02	0.549	0.271	GO:0072676
280	28	11	0.00026	0.00044	3.527e+02	0.534	0.592	GO:0046058
281	76	29	0.00026	0.00037	2.575e+03	0.55	0.439	GO:0070646
282	85	34	0.00026	0.00075	3.133e+03	0.546	0.477	GO:0002263
283	23	7	0.00026	0.00077	2.737e+02	0.473	0.585	GO:0042346
284	53	21	0.00026	0.00053	1.235e+03	0.511	0.531	GO:0046330
285	22	9	0.00026	0.00048	2.148e+02	0.551	0.539	GO:0042430
286	30	11	0.00025	0.00045	4.195e+02	0.499	0.394	GO:0045604
287	20	7	0.00025	0.00044	1.948e+02	0.501	0.541	GO:0001953
288	46	16	0.00025	0.0005	1.000e+03	0.53	0.405	GO:0042177
289	25	8	0.00025	0.0005	3.147e+02	0.525	0.414	GO:0043552
290	20	7	0.00024	0.00073	1.948e+02	0.487	0.368	GO:0046854
291	36	12	0.00024	0.00054	6.301e+02	0.491	0.536	GO:0050909
292	32	10	0.00024	0.00066	5.153e+02	0.502	0.566	GO:0031572
293	34	13	0.00024	0.00059	5.244e+02	0.521	0.538	GO:0032729
294	20	8	0.00024	0.00038	1.809e+02	0.608	0.45	GO:2000108
295	22	9	0.00024	0.00051	2.148e+02	0.538	0.415	GO:0042417
296	26	8	0.00024	0.00071	3.456e+02	0.507	0.471	GO:0070373
297	59	23	0.00023	0.00054	1.541e+03	0.549	0.39	GO:0043271
298	24	8	0.00023	0.00051	2.847e+02	0.482	0.431	GO:0001892
299	31	8	0.00023	0.00068	5.243e+02	0.542	0.558	GO:0030073
300	37	14	0.00022	0.00037	6.232e+02	0.58	0.541	GO:0043618
301	27	10	0.00022	0.00047	3.397e+02	0.544	0.561	GO:0044253
302	59	22	0.00022	0.00066	1.579e+03	0.528	0.607	GO:0006687
303	26	9	0.00022	0.00066	3.267e+02	0.535	0.601	GO:0034504
304	27	9	0.00022	0.00044	3.586e+02	0.534	0.499	GO:0043516
305	23	10	0.00021	0.00038	2.258e+02	0.572	0.446	GO:0008299
306	29	11	0.00021	0.00058	3.856e+02	0.53	0.633	GO:0046513
307	73	27	0.00021	0.00064	2.418e+03	0.578	0.521	GO:0050728
308	37	15	0.00021	0.00064	5.992e+02	0.524	0.474	GO:0071479
309	59	22	0.00021	0.00054	1.579e+03	0.559	0.44	GO:0097285
310	39	15	0.00021	0.00035	6.851e+02	0.583	0.425	GO:0030004
311	26	9	0.0002	0.00042	3.267e+02	0.557	0.338	GO:0007215
312	24	9	0.0002	0.00041	2.678e+02	0.568	0.39	GO:0014031
313	26	10	0.0002	0.00042	3.087e+02	0.572	0.611	GO:0033209
314	26	10	0.0002	0.0006	3.087e+02	0.516	0.569	GO:0007212
315	31	10	0.0002	0.0004	4.774e+02	0.479	0.584	GO:0021954
316	42	14	0.0002	0.0004	8.536e+02	0.539	0.417	GO:0048284
317	41	16	0.0002	0.00047	7.499e+02	0.558	0.565	GO:0050764
318	31	12	0.0002	0.00056	4.345e+02	0.577	0.423	GO:0010977
319	25	8	0.0002	0.00036	3.147e+02	0.532	0.432	GO:0043043
320	23	8	0.00019	0.00048	2.568e+02	0.508	0.59	GO:0009081
321	20	7	0.00019	0.00058	1.948e+02	0.546	0.514	GO:0030149
322	41	16	0.00019	0.00058	7.499e+02	0.588	0.306	GO:0060563
323	20	6	0.00019	0.00058	2.098e+02	0.623	0.355	GO:0097035
324	60	22	0.00019	0.00058	1.646e+03	0.567	0.441	GO:2001235
325	50	20	0.00019	0.00039	1.094e+03	0.59	0.503	GO:0046164
326	23	7	0.00019	0.00038	2.737e+02	0.447	0.698	GO:0000083
327	27	9	0.00019	0.0004	3.586e+02	0.557	0.478	GO:0045933
328	22	8	0.00019	0.00044	2.298e+02	0.509	0.431	GO:0048048
329	23	8	0.00019	0.00037	2.568e+02	0.528	0.579	GO:0009395
330	32	12	0.00019	0.00056	4.705e+02	0.553	0.557	GO:0021885
331	26	9	0.00019	0.00038	3.267e+02	0.534	0.457	GO:0090218
332	24	9	0.00018	0.00055	2.678e+02	0.521	0.421	GO:0043500
333	22	8	0.00018	0.0005	2.298e+02	0.547	0.702	GO:0044089
334	63	25	0.00018	0.00041	1.737e+03	0.533	0.448	GO:0022404
335	25	9	0.00018	0.00033	2.967e+02	0.548	0.412	GO:0001659
336	59	22	0.00018	0.00053	1.579e+03	0.544	0.509	GO:0032273
337	30	11	0.00018	0.0005	4.195e+02	0.546	0.258	GO:2000514
338	57	22	0.00017	0.00027	1.447e+03	0.563	0.41	GO:0002065
339	22	9	0.00017	0.00025	2.148e+02	0.57	0.613	GO:0002886
340	87	31	0.00017	0.00041	3.491e+03	0.53	0.488	GO:0003018
341	23	8	0.00017	0.00042	2.568e+02	0.515	0.439	GO:0010574
342	67	27	0.00017	0.0005	1.946e+03	0.597	0.411	GO:0045621
343	27	8	0.00017	0.00036	3.786e+02	0.5	0.571	GO:0008625
344	60	24	0.00017	0.00035	1.570e+03	0.579	0.537	GO:0030183
345	49	18	0.00017	0.0005	1.102e+03	0.522	0.447	GO:0045740
346	26	9	0.00017	0.00034	3.267e+02	0.538	0.512	GO:0048701
347	45	17	0.00017	0.0005	9.175e+02	0.534	0.383	GO:0070252
348	22	7	0.00016	0.00045	2.458e+02	0.564	0.462	GO:0033344
349	22	8	0.00016	0.0004	2.298e+02	0.561	0.242	GO:0045622
350	36	14	0.00016	0.00039	5.813e+02	0.57	0.394	GO:0046850
351	33	11	0.00016	0.00048	5.313e+02	0.543	0.435	GO:0010770
352	31	13	0.00016	0.00045	4.146e+02	0.544	0.477	GO:0051445
353	72	27	0.00016	0.00047	2.335e+03	0.539	0.471	GO:0007613
354	21	7	0.00016	0.00037	2.198e+02	0.508	0.643	GO:0034502
355	129	49	0.00016	0.00047	7.384e+03	0.551	0.525	GO:0046039
356	31	13	0.00015	0.00026	4.146e+02	0.625	0.287	GO:0030318
357	25	9	0.00015	0.00044	2.967e+02	0.551	0.62	GO:0006893
358	29	11	0.00015	0.00031	3.856e+02	0.596	0.502	GO:0007157
359	21	7	0.00015	0.00044	2.198e+02	0.484	0.502	GO:0009651
360	38	14	0.00015	0.00036	6.661e+02	0.519	0.393	GO:0030858
361	33	12	0.00015	0.00024	5.084e+02	0.541	0.515	GO:0032370
362	32	12	0.00015	0.00032	4.705e+02	0.559	0.475	GO:0032722
363	20	6	0.00015	0.00044	2.098e+02	0.509	0.565	GO:0034243
364	40	15	0.00015	0.00044	7.300e+02	0.546	0.487	GO:0035137
365	30	11	0.00015	0.00033	4.195e+02	0.558	0.285	GO:0046632
366	23	8	0.00014	0.00028	2.568e+02	0.563	0.371	GO:0002828
367	29	11	0.00014	0.00029	3.856e+02	0.558	0.314	GO:0001975
368	24	9	0.00014	0.00043	2.678e+02	0.541	0.384	GO:0006111
369	42	13	0.00014	0.00038	8.835e+02	0.489	0.591	GO:2001257
370	55	20	0.00014	0.00036	1.392e+03	0.518	0.522	GO:0050806
371	42	16	0.00014	0.00031	7.968e+02	0.487	0.427	GO:0033762
372	21	7	0.00014	0.00042	2.198e+02	0.468	0.526	GO:0043299
373	60	21	0.00014	0.00031	1.686e+03	0.525	0.485	GO:0046470
374	39	15	0.00014	0.00026	6.851e+02	0.544	0.438	GO:0002260
375	20	6	0.00014	0.00033	2.098e+02	0.47	0.495	GO:0032413
376	26	8	0.00014	0.00028	3.456e+02	0.546	0.341	GO:0046503
377	36	14	0.00014	0.00041	5.813e+02	0.588	0.366	GO:0048538
378	26	8	0.00013	0.0003	3.456e+02	0.459	0.387	GO:0000188
379	27	10	0.00013	0.0004	3.397e+02	0.494	0.47	GO:0010508
380	29	11	0.00013	0.0004	3.856e+02	0.547	0.533	GO:0022029
381	68	26	0.00013	0.0004	2.063e+03	0.569	0.448	GO:0045598
382	20	7	0.00013	0.00035	1.948e+02	0.503	0.524	GO:0048857
383	55	22	0.00013	0.00026	1.322e+03	0.581	0.478	GO:0090277
384	27	9	0.00013	0.00027	3.586e+02	0.585	0.463	GO:0001960
385	26	8	0.00013	0.00027	3.456e+02	0.465	0.514	GO:0006904
386	37	13	0.00013	0.00037	6.481e+02	0.53	0.351	GO:0014075
387	59	24	0.00013	0.00038	1.504e+03	0.576	0.403	GO:0046634
388	42	16	0.00013	0.00038	7.968e+02	0.531	0.539	GO:0072528
389	26	9	0.00012	0.00019	3.267e+02	0.46	0.491	GO:0002088
390	26	7	0.00012	0.00035	3.656e+02	0.482	0.598	GO:0006298
391	32	12	0.00012	0.00025	4.705e+02	0.553	0.422	GO:0006488
392	60	18	0.00012	0.00037	1.812e+03	0.506	0.556	GO:0006968
393	26	8	0.00012	0.00037	3.456e+02	0.495	0.4	GO:0009954
394	69	26	0.00012	0.00027	2.141e+03	0.572	0.485	GO:0048660
395	22	8	0.00012	0.00037	2.298e+02	0.593	0.518	GO:0051491
396	28	8	0.00012	0.00037	4.125e+02	0.497	0.476	GO:0051702
397	25	10	0.00012	0.00027	2.798e+02	0.565	0.488	GO:0001937
398	36	13	0.00012	0.00021	6.052e+02	0.501	0.546	GO:0003007
399	32	11	0.00012	0.00029	4.924e+02	0.5	0.476	GO:0030101
400	25	8	0.00012	0.00024	3.147e+02	0.584	0.325	GO:0040036
401	39	15	0.00012	0.00026	6.851e+02	0.58	0.45	GO:0048806
402	33	13	0.00012	0.00025	4.864e+02	0.555	0.427	GO:0071173
403	34	14	0.00012	0.00035	5.024e+02	0.596	0.522	GO:1901028
404	39	11	0.00012	0.00036	7.947e+02	0.484	0.532	GO:0006778
405	48	19	0.00012	0.00036	1.015e+03	0.583	0.57	GO:0008589
406	42	13	0.00012	0.00036	8.835e+02	0.51	0.441	GO:0010332
407	103	40	0.00012	0.00031	4.665e+03	0.551	0.519	GO:0032320
408	66	26	0.00012	0.00031	1.913e+03	0.588	0.41	GO:0055067
409	57	23	0.00012	0.00023	1.411e+03	0.587	0.484	GO:0002793
410	21	8	0.00012	0.00025	2.048e+02	0.527	0.559	GO:0021522
411	93	37	0.00012	0.00032	3.757e+03	0.557	0.616	GO:0030307
412	20	4	0.00012	0.00035	2.428e+02	0.463	0.538	GO:0031497
413	31	11	0.00012	0.00027	4.555e+02	0.518	0.299	GO:0072529
414	20	6	0.00012	0.00035	2.098e+02	0.538	0.468	GO:0090342
415	34	12	0.00011	0.00027	5.473e+02	0.563	0.579	GO:0002889
416	24	7	0.00011	0.00032	3.027e+02	0.502	0.403	GO:0032735
417	108	40	0.00011	0.00024	5.257e+03	0.562	0.494	GO:0042113
418	56	19	0.00011	0.00023	1.494e+03	0.552	0.528	GO:0042632
419	62	22	0.00011	0.00034	1.787e+03	0.624	0.397	GO:0009062
420	30	9	0.00011	0.00034	4.624e+02	0.541	0.613	GO:0032465
421	28	9	0.00011	0.00034	3.916e+02	0.529	0.488	GO:0045739
422	33	12	0.00011	0.00034	5.084e+02	0.521	0.399	GO:0065002
423	30	10	0.00011	0.00025	4.405e+02	0.533	0.343	GO:0003382
424	20	8	0.00011	0.00026	1.809e+02	0.579	0.499	GO:0007220
425	40	14	0.00011	0.00032	7.569e+02	0.539	0.326	GO:0007422
426	32	11	0.00011	0.00025	4.924e+02	0.557	0.493	GO:0007528
427	28	9	0.00011	0.00032	3.916e+02	0.564	0.572	GO:0010453
428	55	20	0.00011	0.00032	1.392e+03	0.54	0.449	GO:0030216
429	62	24	0.00011	0.00022	1.706e+03	0.513	0.502	GO:0032874
430	22	5	0.00011	0.00032	2.807e+02	0.485	0.354	GO:0035336
431	27	10	0.00011	0.00032	3.397e+02	0.564	0.41	GO:0045923
432	56	21	0.00011	0.00027	1.419e+03	0.557	0.559	GO:0050871
433	27	9	0.00011	0.00024	3.586e+02	0.509	0.599	GO:0098656
434	42	17	0.0001	0.0003	7.699e+02	0.566	0.386	GO:0001658
435	35	12	0.0001	0.00023	5.882e+02	0.48	0.46	GO:0001942
436	65	24	0.0001	0.00024	1.923e+03	0.528	0.469	GO:0006368
437	21	8	0.0001	0.00021	2.048e+02	0.531	0.294	GO:0035710
438	26	11	0.0001	0.00021	2.917e+02	0.587	0.381	GO:0042133
439	25	9	0.0001	0.00027	2.967e+02	0.565	0.438	GO:0050691
440	29	12	0.0001	0.00017	3.666e+02	0.607	0.493	GO:0050853
441	22	7	0.0001	0.00031	2.458e+02	0.536	0.407	GO:0008207
442	72	26	0.0001	0.00031	2.382e+03	0.541	0.558	GO:0045807
443	95	35	0.0001	0.00031	4.086e+03	0.546	0.473	GO:0051250
444	22	8	0.0001	0.00031	2.298e+02	0.538	0.591	GO:0051293
445	29	11	0.0001	0.00031	3.856e+02	0.614	0.319	GO:0051453
446	35	9	0.0001	0.0003	6.660e+02	0.46	0.361	GO:0002062
447	31	10	0.0001	0.00019	4.774e+02	0.534	0.325	GO:0031060
448	39	13	0.0001	0.0003	7.379e+02	0.477	0.58	GO:0032411
449	22	8	0.0001	0.00029	2.298e+02	0.542	0.596	GO:0060314
450	31	12	0.0001	0.00029	4.345e+02	0.525	0.352	GO:0006206
451	36	13	0.0001	0.00029	6.052e+02	0.53	0.323	GO:0046631
452	25	5	0.0001	0.00029	3.745e+02	0.422	0.417	GO:0048169
453	40	15	0.0001	0.0002	7.300e+02	0.509	0.558	GO:0055117
454	23	8	9e-05	0.00025	2.568e+02	0.513	0.582	GO:0007530
455	26	8	9e-05	0.00028	3.456e+02	0.524	0.523	GO:0033144
456	35	13	9e-05	0.00018	5.643e+02	0.573	0.382	GO:0034308
457	43	15	9e-05	0.00028	8.746e+02	0.498	0.396	GO:0045682
458	33	9	9e-05	0.00028	5.802e+02	0.491	0.545	GO:0045776
459	23	8	9e-05	0.00026	2.568e+02	0.501	0.633	GO:0048512
460	20	7	9e-05	0.00023	1.948e+02	0.512	0.394	GO:0048546
461	21	7	9e-05	0.00019	2.198e+02	0.605	0.431	GO:0042107
462	35	14	9e-05	0.00026	5.413e+02	0.552	0.628	GO:0007566
463	28	7	9e-05	0.00026	4.345e+02	0.498	0.493	GO:0032845
464	22	6	9e-05	0.00018	2.627e+02	0.466	0.633	GO:0050912
465	25	8	9e-05	0.00023	3.147e+02	0.559	0.4	GO:0051693
466	20	7	9e-05	0.00026	1.948e+02	0.526	0.486	GO:0052652
467	36	10	8e-05	0.00017	6.830e+02	0.499	0.537	GO:0001890
468	21	6	8e-05	0.00025	2.358e+02	0.403	0.545	GO:0006363
469	48	19	8e-05	0.00017	1.015e+03	0.545	0.504	GO:0030838
470	52	20	8e-05	0.00023	1.209e+03	0.583	0.462	GO:0032642
471	27	9	8e-05	0.00021	3.586e+02	0.534	0.396	GO:0042517
472	22	6	8e-05	0.00025	2.627e+02	0.47	0.524	GO:0043330
473	46	18	8e-05	0.00021	9.395e+02	0.549	0.431	GO:0046324
474	38	11	8e-05	0.00025	7.468e+02	0.55	0.378	GO:0048385
475	47	16	8e-05	0.00017	1.055e+03	0.563	0.284	GO:0019229
476	43	16	8e-05	0.00024	8.457e+02	0.545	0.363	GO:0002244
477	52	19	8e-05	0.00024	1.243e+03	0.501	0.594	GO:0007519
478	22	8	8e-05	0.00014	2.298e+02	0.556	0.588	GO:0030201
479	28	9	8e-05	0.00024	3.916e+02	0.514	0.44	GO:0043551
480	31	9	8e-05	0.00021	5.004e+02	0.564	0.463	GO:0060761
481	20	7	8e-05	0.00013	1.948e+02	0.475	0.459	GO:0070271
482	23	6	8e-05	0.00024	2.917e+02	0.464	0.394	GO:0071695
483	117	45	8e-05	0.00016	6.041e+03	0.554	0.501	GO:1901069
484	33	11	8e-05	0.00024	5.313e+02	0.541	0.436	GO:1901796
485	27	10	8e-05	0.00016	3.397e+02	0.579	0.459	GO:0090329
486	24	7	8e-05	0.00019	3.027e+02	0.543	0.395	GO:0003206
487	49	16	8e-05	0.00021	1.169e+03	0.544	0.376	GO:0008637
488	22	8	8e-05	0.00015	2.298e+02	0.544	0.49	GO:0018200
489	37	12	8e-05	0.00023	6.740e+02	0.55	0.426	GO:0030837
490	27	7	8e-05	0.00023	3.995e+02	0.465	0.59	GO:0030947
491	25	9	8e-05	0.0002	2.967e+02	0.561	0.353	GO:0042181
492	26	9	8e-05	0.00015	3.267e+02	0.527	0.403	GO:0044060
493	50	18	8e-05	0.00014	1.159e+03	0.558	0.343	GO:0044728
494	23	5	8e-05	0.00023	3.107e+02	0.467	0.494	GO:0044773
495	32	11	8e-05	0.00023	4.924e+02	0.52	0.385	GO:0051353
496	34	13	8e-05	0.00023	5.244e+02	0.532	0.482	GO:2000379
497	23	7	8e-05	0.00017	2.737e+02	0.502	0.472	GO:0032459
498	20	6	8e-05	0.00017	2.098e+02	0.507	0.459	GO:0032757
499	51	19	8e-05	0.00016	1.184e+03	0.553	0.384	GO:0051952
500	23	9	8e-05	0.00016	2.408e+02	0.497	0.507	GO:0072525
501	34	10	7e-05	0.00022	5.962e+02	0.512	0.55	GO:0034121
502	31	11	7e-05	0.00022	4.555e+02	0.58	0.384	GO:0035094
503	32	12	7e-05	0.00022	4.705e+02	0.548	0.566	GO:0044246
504	30	11	7e-05	0.00012	4.195e+02	0.563	0.429	GO:0045429
505	153	60	7e-05	0.00015	1.019e+04	0.553	0.586	GO:0045927
506	22	8	7e-05	0.0002	2.298e+02	0.519	0.585	GO:0050829
507	23	7	7e-05	0.00015	2.737e+02	0.585	0.421	GO:0050974
508	24	7	7e-05	0.0002	3.027e+02	0.534	0.336	GO:0001916
509	20	7	7e-05	0.0002	1.948e+02	0.549	0.378	GO:0002861
510	45	15	7e-05	0.00019	9.783e+02	0.603	0.438	GO:0006635
511	38	14	7e-05	0.0002	6.661e+02	0.521	0.615	GO:0008156
512	21	6	7e-05	0.0002	2.358e+02	0.487	0.495	GO:0030239
513	31	11	7e-05	0.0002	4.555e+02	0.543	0.538	GO:0030901
514	51	17	7e-05	0.00016	1.253e+03	0.515	0.569	GO:0032945
515	21	6	7e-05	0.0002	2.358e+02	0.491	0.396	GO:0042116
516	38	14	7e-05	0.0002	6.661e+02	0.503	0.406	GO:0043392
517	21	8	7e-05	0.00016	2.048e+02	0.636	0.533	GO:0045453
518	20	7	7e-05	0.0002	1.948e+02	0.489	0.552	GO:0045736
519	37	10	6e-05	0.00019	7.289e+02	0.457	0.65	GO:0001944
520	27	9	6e-05	0.00015	3.586e+02	0.501	0.627	GO:0009220
521	29	9	6e-05	0.00019	4.265e+02	0.587	0.496	GO:0009394
522	23	7	6e-05	0.00011	2.737e+02	0.586	0.43	GO:0021533
523	30	10	6e-05	0.00019	4.405e+02	0.49	0.459	GO:0022400
524	29	8	6e-05	0.00019	4.484e+02	0.515	0.4	GO:0030835
525	34	10	6e-05	0.00019	5.962e+02	0.479	0.377	GO:0032881
526	24	8	6e-05	0.00011	2.847e+02	0.534	0.484	GO:0033003
527	21	7	6e-05	0.00015	2.198e+02	0.456	0.243	GO:0046135
528	30	11	6e-05	0.00019	4.195e+02	0.547	0.466	GO:0048864
529	89	31	6e-05	0.00019	3.694e+03	0.545	0.463	GO:0050707
530	56	21	6e-05	0.00017	1.419e+03	0.526	0.403	GO:0016571
531	20	6	6e-05	0.00012	2.098e+02	0.528	0.533	GO:0000381
532	57	21	6e-05	0.00014	1.484e+03	0.509	0.462	GO:0060415
533	22	3	6e-05	0.00018	3.196e+02	0.431	0.162	GO:0006297
534	33	12	6e-05	0.00018	5.084e+02	0.525	0.458	GO:0043550
535	20	7	6e-05	0.00018	1.948e+02	0.546	0.509	GO:0045939
536	21	7	6e-05	0.00018	2.198e+02	0.491	0.499	GO:0060412
537	41	15	6e-05	0.00018	7.769e+02	0.553	0.537	GO:0070542
538	34	11	6e-05	0.00012	5.712e+02	0.485	0.632	GO:0001569
539	40	14	6e-05	0.00012	7.569e+02	0.525	0.397	GO:0006144
540	27	9	6e-05	0.00014	3.586e+02	0.55	0.603	GO:0007052
541	29	10	6e-05	0.00011	4.056e+02	0.475	0.676	GO:0008334
542	37	11	6e-05	0.00012	7.009e+02	0.511	0.378	GO:0022008
543	21	6	6e-05	0.00016	2.358e+02	0.539	0.304	GO:0001502
544	30	11	6e-05	0.00017	4.195e+02	0.524	0.432	GO:0007040
545	22	8	6e-05	0.00017	2.298e+02	0.574	0.329	GO:0014065
546	42	15	6e-05	0.00017	8.247e+02	0.56	0.407	GO:0023021
547	22	3	6e-05	0.00017	3.196e+02	0.443	0.587	GO:0035924
548	28	10	6e-05	0.00017	3.716e+02	0.56	0.378	GO:0043114
549	34	13	6e-05	0.00016	5.244e+02	0.543	0.453	GO:0045840
550	24	6	6e-05	0.00017	3.217e+02	0.511	0.664	GO:0070098
551	58	18	6e-05	0.00017	1.669e+03	0.51	0.415	GO:0071260
552	31	10	6e-05	0.00017	4.774e+02	0.501	0.496	GO:0090278
553	87	32	6e-05	0.00017	3.435e+03	0.541	0.536	GO:1903046
554	114	44	5e-05	0.00012	5.726e+03	0.552	0.508	GO:0006184
555	77	29	5e-05	0.00012	2.662e+03	0.56	0.474	GO:0010821
556	31	11	5e-05	0.00012	4.555e+02	0.537	0.448	GO:0035116
557	41	14	5e-05	0.00016	8.048e+02	0.533	0.459	GO:0001709
558	23	7	5e-05	0.0001	2.737e+02	0.565	0.573	GO:0006071
559	161	63	5e-05	0.00016	1.129e+04	0.552	0.52	GO:0006958
560	32	11	5e-05	0.00016	4.924e+02	0.463	0.597	GO:0032414
561	31	8	5e-05	0.00016	5.243e+02	0.483	0.509	GO:0033014
562	41	16	5e-05	0.00016	7.499e+02	0.558	0.496	GO:0050709
563	25	8	5e-05	0.00016	3.147e+02	0.516	0.345	GO:1901071
564	23	9	5e-05	0.00016	2.408e+02	0.555	0.351	GO:1901661
565	24	8	5e-05	0.0001	2.847e+02	0.516	0.465	GO:0009190
566	62	22	5e-05	8e-05	1.787e+03	0.528	0.502	GO:0030500
567	66	23	5e-05	0.00014	2.041e+03	0.515	0.505	GO:0006026
568	90	36	5e-05	0.00014	3.510e+03	0.543	0.534	GO:0007126
569	25	7	5e-05	0.00014	3.336e+02	0.454	0.469	GO:0010226
570	40	12	5e-05	0.00014	8.137e+02	0.509	0.516	GO:0010717
571	129	45	5e-05	0.00014	7.715e+03	0.514	0.474	GO:0018205
572	67	26	5e-05	0.00014	1.987e+03	0.534	0.514	GO:0030512
573	31	10	5e-05	0.00013	4.774e+02	0.56	0.416	GO:0033619
574	28	11	5e-05	0.00014	3.527e+02	0.557	0.453	GO:0042036
575	34	12	5e-05	0.00014	5.473e+02	0.535	0.429	GO:0045921
576	25	7	5e-05	0.00014	3.336e+02	0.5	0.512	GO:0046006
577	20	6	5e-05	0.00014	2.098e+02	0.534	0.263	GO:0046461
578	58	23	5e-05	0.00014	1.475e+03	0.543	0.527	GO:0051297
579	20	6	5e-05	0.00013	2.098e+02	0.53	0.294	GO:0051953
580	24	7	5e-05	0.00014	3.027e+02	0.525	0.21	GO:0060343
581	91	34	5e-05	0.00014	3.724e+03	0.511	0.598	GO:0060537
582	38	12	5e-05	0.00014	7.189e+02	0.56	0.37	GO:0070936
583	55	19	5e-05	0.00013	1.429e+03	0.513	0.415	GO:0090183
584	25	8	5e-05	0.0001	3.147e+02	0.569	0.554	GO:0019400
585	26	9	5e-05	0.0001	3.267e+02	0.593	0.504	GO:0061178
586	60	20	4e-05	0.00013	1.727e+03	0.54	0.439	GO:0002443
587	32	10	4e-05	0.00013	5.153e+02	0.498	0.496	GO:0002792
588	44	16	4e-05	0.00013	8.956e+02	0.549	0.474	GO:0007034
589	101	38	4e-05	0.00013	4.564e+03	0.542	0.458	GO:0007088
590	27	8	4e-05	0.00013	3.786e+02	0.569	0.596	GO:0009147
591	22	7	4e-05	0.00013	2.458e+02	0.495	0.397	GO:0010823
592	25	8	4e-05	0.00013	3.147e+02	0.558	0.48	GO:0016575
593	21	6	4e-05	0.00013	2.358e+02	0.513	0.528	GO:0031670
594	30	10	4e-05	0.00013	4.405e+02	0.536	0.314	GO:0032856
595	33	11	4e-05	0.00013	5.313e+02	0.524	0.434	GO:0042516
596	77	29	4e-05	0.00013	2.662e+03	0.528	0.509	GO:0042594
597	100	36	4e-05	0.00013	4.579e+03	0.519	0.489	GO:0043524
598	155	61	4e-05	0.00011	1.044e+04	0.551	0.53	GO:0043547
599	42	16	4e-05	0.00013	7.968e+02	0.575	0.544	GO:0043620
600	22	8	4e-05	0.00012	2.298e+02	0.49	0.55	GO:0048710
601	44	17	4e-05	0.00013	8.667e+02	0.513	0.639	GO:0051279
602	70	26	4e-05	9e-05	2.220e+03	0.562	0.547	GO:0071356
603	97	33	4e-05	0.00013	4.433e+03	0.51	0.502	GO:0090101
604	21	6	4e-05	8e-05	2.358e+02	0.546	0.579	GO:0001662
605	27	8	4e-05	0.00012	3.786e+02	0.533	0.322	GO:0001914
606	24	4	4e-05	0.00012	3.626e+02	0.441	0.469	GO:0006261
607	23	6	4e-05	0.00012	2.917e+02	0.474	0.582	GO:0006336
608	62	22	4e-05	0.00012	1.787e+03	0.522	0.408	GO:0030048
609	29	9	4e-05	0.00012	4.265e+02	0.485	0.496	GO:0031128
610	71	26	4e-05	0.00011	2.300e+03	0.543	0.512	GO:0032355
611	23	6	4e-05	0.00012	2.917e+02	0.5	0.456	GO:0033146
612	27	6	4e-05	0.00012	4.215e+02	0.461	0.711	GO:0043489
613	25	7	4e-05	0.00012	3.336e+02	0.522	0.476	GO:0044058
614	22	6	4e-05	0.00012	2.627e+02	0.448	0.479	GO:0044705
615	24	9	4e-05	0.00012	2.678e+02	0.567	0.566	GO:0045687
616	21	7	4e-05	0.00012	2.198e+02	0.534	0.514	GO:0046466
617	32	11	4e-05	0.00012	4.924e+02	0.517	0.612	GO:0050732
618	20	6	4e-05	8e-05	2.098e+02	0.513	0.515	GO:0070371
619	40	15	4e-05	0.00012	7.300e+02	0.519	0.481	GO:1900076
620	73	27	4e-05	9e-05	2.418e+03	0.539	0.497	GO:0002064
621	36	13	4e-05	9e-05	6.052e+02	0.521	0.611	GO:0021766
622	21	5	4e-05	9e-05	2.528e+02	0.498	0.688	GO:0090022
623	89	32	4e-05	0.00011	3.635e+03	0.523	0.515	GO:0002685
624	49	18	4e-05	7e-05	1.102e+03	0.52	0.449	GO:0006636
625	23	8	4e-05	7e-05	2.568e+02	0.551	0.492	GO:0007062
626	20	8	4e-05	8e-05	1.809e+02	0.551	0.625	GO:0014743
627	52	17	4e-05	0.00011	1.313e+03	0.553	0.492	GO:0015748
628	94	37	4e-05	0.00011	3.861e+03	0.559	0.485	GO:0019827
629	86	34	4e-05	8e-05	3.228e+03	0.584	0.445	GO:0030217
630	25	8	4e-05	0.00011	3.147e+02	0.479	0.472	GO:0031952
631	22	7	4e-05	0.00011	2.458e+02	0.478	0.459	GO:0033108
632	42	14	4e-05	0.00011	8.536e+02	0.518	0.478	GO:0034644
633	21	5	4e-05	0.00011	2.528e+02	0.53	0.508	GO:0036230
634	28	9	4e-05	0.00011	3.916e+02	0.507	0.417	GO:0044743
635	32	9	4e-05	0.00011	5.393e+02	0.504	0.451	GO:0071331
636	21	5	4e-05	8e-05	2.528e+02	0.503	0.574	GO:0009060
637	25	8	3e-05	0.0001	3.147e+02	0.505	0.342	GO:0000038
638	69	23	3e-05	0.0001	2.278e+03	0.528	0.429	GO:0001654
639	48	16	3e-05	5e-05	1.111e+03	0.524	0.553	GO:0006220
640	26	8	3e-05	5e-05	3.456e+02	0.541	0.348	GO:0006739
641	40	15	3e-05	0.0001	7.300e+02	0.551	0.514	GO:0006953
642	77	27	3e-05	6e-05	2.762e+03	0.547	0.449	GO:0030324
643	36	10	3e-05	0.0001	6.830e+02	0.502	0.449	GO:0030433
644	38	15	3e-05	6e-05	6.412e+02	0.538	0.454	GO:0031577
645	32	9	3e-05	0.0001	5.393e+02	0.466	0.407	GO:0032885
646	57	22	3e-05	0.0001	1.447e+03	0.533	0.498	GO:0033555
647	69	24	3e-05	0.0001	2.231e+03	0.546	0.484	GO:0042102
648	52	19	3e-05	0.0001	1.243e+03	0.542	0.443	GO:0042180
649	24	8	3e-05	0.0001	2.847e+02	0.465	0.646	GO:0042537
650	21	6	3e-05	0.0001	2.358e+02	0.546	0.432	GO:0045987
651	20	7	3e-05	7e-05	1.948e+02	0.565	0.671	GO:0051962
652	28	9	3e-05	0.0001	3.916e+02	0.49	0.447	GO:0060674
653	57	21	3e-05	7e-05	1.484e+03	0.57	0.418	GO:0061025
654	28	10	3e-05	0.0001	3.716e+02	0.537	0.596	GO:0061418
655	29	11	3e-05	7e-05	3.856e+02	0.547	0.4	GO:0001838
656	20	6	3e-05	6e-05	2.098e+02	0.568	0.293	GO:0002833
657	68	25	3e-05	6e-05	2.107e+03	0.541	0.516	GO:0009100
658	31	12	3e-05	7e-05	4.345e+02	0.58	0.366	GO:0045124
659	36	13	3e-05	6e-05	6.052e+02	0.568	0.459	GO:0050999
660	78	28	3e-05	8e-05	2.800e+03	0.514	0.431	GO:0006479
661	51	18	3e-05	8e-05	1.218e+03	0.489	0.517	GO:0006942
662	79	29	3e-05	8e-05	2.839e+03	0.527	0.517	GO:0007229
663	51	18	3e-05	8e-05	1.218e+03	0.581	0.547	GO:0030888
664	24	10	3e-05	8e-05	2.518e+02	0.594	0.462	GO:0032814
665	23	6	3e-05	8e-05	2.917e+02	0.494	0.559	GO:0042755
666	128	46	3e-05	8e-05	7.484e+03	0.563	0.44	GO:0044262
667	37	8	3e-05	8e-05	7.876e+02	0.472	0.469	GO:0051148
668	24	5	3e-05	8e-05	3.416e+02	0.452	0.316	GO:0071514
669	32	10	3e-05	8e-05	5.153e+02	0.521	0.515	GO:0072384
670	20	7	2e-05	5e-05	1.948e+02	0.512	0.65	GO:0030902
671	20	7	2e-05	7e-05	1.948e+02	0.541	0.474	GO:0002262
672	53	19	2e-05	7e-05	1.304e+03	0.518	0.421	GO:0006213
673	20	5	2e-05	7e-05	2.258e+02	0.525	0.319	GO:0009235
674	22	6	2e-05	7e-05	2.627e+02	0.501	0.343	GO:0016338
675	46	14	2e-05	7e-05	1.065e+03	0.54	0.483	GO:0030072
676	36	11	2e-05	7e-05	6.560e+02	0.515	0.705	GO:0030195
677	20	5	2e-05	7e-05	2.258e+02	0.443	0.384	GO:0030879
678	21	5	2e-05	7e-05	2.528e+02	0.543	0.526	GO:0031114
679	60	22	2e-05	7e-05	1.646e+03	0.531	0.576	GO:0032088
680	29	10	2e-05	7e-05	4.056e+02	0.478	0.529	GO:0042168
681	21	5	2e-05	7e-05	2.528e+02	0.405	0.388	GO:0042573
682	39	12	2e-05	7e-05	7.658e+02	0.498	0.376	GO:0048678
683	58	21	2e-05	7e-05	1.550e+03	0.545	0.456	GO:0050715
684	20	4	2e-05	7e-05	2.428e+02	0.455	0.268	GO:0051881
685	64	24	2e-05	7e-05	1.849e+03	0.515	0.554	GO:0060021
686	20	4	2e-05	7e-05	2.428e+02	0.485	0.283	GO:0060081
687	61	23	2e-05	7e-05	1.676e+03	0.556	0.485	GO:2000377
688	26	7	2e-05	6e-05	3.656e+02	0.517	0.34	GO:0000722
689	22	4	2e-05	6e-05	2.997e+02	0.408	0.682	GO:0002090
690	48	16	2e-05	6e-05	1.111e+03	0.546	0.358	GO:0006073
691	52	19	2e-05	6e-05	1.243e+03	0.545	0.552	GO:0006282
692	25	6	2e-05	6e-05	3.536e+02	0.435	0.594	GO:0006378
693	41	12	2e-05	6e-05	8.636e+02	0.488	0.4	GO:0008542
694	20	5	2e-05	6e-05	2.258e+02	0.486	0.686	GO:0009268
695	31	8	2e-05	6e-05	5.243e+02	0.498	0.447	GO:0015701
696	33	11	2e-05	6e-05	5.313e+02	0.539	0.529	GO:0019320
697	34	8	2e-05	6e-05	6.490e+02	0.453	0.406	GO:0030282
698	31	8	2e-05	6e-05	5.243e+02	0.44	0.669	GO:0030803
699	33	9	2e-05	6e-05	5.802e+02	0.44	0.664	GO:0030809
700	95	34	2e-05	6e-05	4.148e+03	0.543	0.478	GO:0030833
701	75	28	2e-05	6e-05	2.538e+03	0.533	0.502	GO:0031669
702	22	6	2e-05	3e-05	2.627e+02	0.432	0.304	GO:0034698
703	43	12	2e-05	6e-05	9.673e+02	0.475	0.603	GO:0035282
704	24	7	2e-05	6e-05	3.027e+02	0.532	0.5	GO:0042596
705	30	9	2e-05	6e-05	4.624e+02	0.496	0.529	GO:0043331
706	21	6	2e-05	6e-05	2.358e+02	0.496	0.446	GO:0045446
707	26	8	2e-05	6e-05	3.456e+02	0.492	0.595	GO:0046132
708	53	18	2e-05	6e-05	1.339e+03	0.54	0.502	GO:0046427
709	45	14	2e-05	6e-05	1.010e+03	0.488	0.46	GO:0046717
710	33	10	2e-05	4e-05	5.553e+02	0.548	0.395	GO:0048387
711	22	6	2e-05	6e-05	2.627e+02	0.482	0.427	GO:0060968
712	32	8	2e-05	6e-05	5.642e+02	0.451	0.445	GO:0071320
713	92	32	2e-05	6e-05	3.948e+03	0.526	0.542	GO:0071453
714	57	22	2e-05	6e-05	1.447e+03	0.554	0.461	GO:0072524
715	20	3	2e-05	6e-05	2.607e+02	0.402	0.495	GO:0098581
716	33	10	2e-05	6e-05	5.553e+02	0.464	0.561	GO:2000756
717	44	15	2e-05	5e-05	9.255e+02	0.535	0.609	GO:0000018
718	80	30	2e-05	3e-05	2.878e+03	0.543	0.522	GO:0001568
719	37	10	2e-05	5e-05	7.289e+02	0.449	0.342	GO:0001656
720	35	13	2e-05	5e-05	5.643e+02	0.534	0.336	GO:0002762
721	85	29	2e-05	5e-05	3.406e+03	0.509	0.473	GO:0006354
722	51	18	2e-05	5e-05	1.218e+03	0.534	0.434	GO:0007200
723	50	10	2e-05	5e-05	1.458e+03	0.42	0.484	GO:0010830
724	21	5	2e-05	5e-05	2.528e+02	0.444	0.396	GO:0015844
725	27	8	2e-05	5e-05	3.786e+02	0.536	0.555	GO:0021549
726	91	36	2e-05	5e-05	3.610e+03	0.545	0.397	GO:0030856
727	50	15	2e-05	5e-05	1.263e+03	0.506	0.39	GO:0031032
728	37	11	2e-05	5e-05	7.009e+02	0.494	0.556	GO:0031047
729	45	17	2e-05	5e-05	9.175e+02	0.589	0.483	GO:0032024
730	23	5	2e-05	5e-05	3.107e+02	0.504	0.425	GO:0034367
731	21	8	2e-05	5e-05	2.048e+02	0.534	0.484	GO:0035088
732	29	9	2e-05	5e-05	4.265e+02	0.516	0.526	GO:0042304
733	40	11	2e-05	5e-05	8.436e+02	0.503	0.569	GO:0044273
734	53	20	2e-05	5e-05	1.269e+03	0.566	0.426	GO:0044801
735	21	7	2e-05	5e-05	2.198e+02	0.539	0.42	GO:0045823
736	27	9	2e-05	5e-05	3.586e+02	0.476	0.53	GO:0046676
737	63	22	2e-05	5e-05	1.860e+03	0.521	0.518	GO:0050880
738	24	6	2e-05	5e-05	3.217e+02	0.448	0.392	GO:0050926
739	49	16	2e-05	5e-05	1.169e+03	0.464	0.524	GO:0051084
740	24	8	2e-05	5e-05	2.847e+02	0.536	0.418	GO:0051568
741	35	10	2e-05	5e-05	6.391e+02	0.493	0.399	GO:2001239
742	25	9	1e-05	3e-05	2.967e+02	0.519	0.635	GO:0007622
743	22	5	1e-05	4e-05	2.807e+02	0.466	0.548	GO:0001961
744	37	13	1e-05	4e-05	6.481e+02	0.499	0.413	GO:0003151
745	27	6	1e-05	4e-05	4.215e+02	0.491	0.366	GO:0006505
746	51	16	1e-05	4e-05	1.288e+03	0.483	0.48	GO:0006970
747	40	11	1e-05	4e-05	8.436e+02	0.469	0.429	GO:0007006
748	29	9	1e-05	4e-05	4.265e+02	0.482	0.627	GO:0009218
749	61	23	1e-05	4e-05	1.676e+03	0.527	0.547	GO:0010522
750	29	8	1e-05	4e-05	4.484e+02	0.508	0.467	GO:0010524
751	34	12	1e-05	4e-05	5.473e+02	0.547	0.578	GO:0014015
752	20	5	1e-05	4e-05	2.258e+02	0.521	0.549	GO:0019724
753	22	6	1e-05	4e-05	2.627e+02	0.511	0.377	GO:0032201
754	70	24	1e-05	4e-05	2.312e+03	0.545	0.425	GO:0033135
755	44	14	1e-05	4e-05	9.564e+02	0.492	0.503	GO:0035872
756	35	10	1e-05	4e-05	6.391e+02	0.478	0.497	GO:0042993
757	45	17	1e-05	4e-05	9.175e+02	0.524	0.474	GO:0048146
758	58	18	1e-05	4e-05	1.669e+03	0.557	0.488	GO:0050777
759	41	12	1e-05	4e-05	8.636e+02	0.465	0.561	GO:0051588
760	27	9	1e-05	4e-05	3.586e+02	0.463	0.457	GO:1901685
761	50	15	1e-05	4e-05	1.263e+03	0.501	0.458	GO:2000177
762	21	7	1e-05	4e-05	2.198e+02	0.61	0.301	GO:2000351
763	30	9	1e-05	2e-05	4.624e+02	0.458	0.469	GO:0000291
764	41	10	1e-05	2e-05	9.263e+02	0.511	0.405	GO:0002200
765	35	12	1e-05	2e-05	5.882e+02	0.562	0.579	GO:0002712
766	34	11	1e-05	2e-05	5.712e+02	0.51	0.588	GO:0006221
767	21	5	1e-05	2e-05	2.528e+02	0.435	0.477	GO:0006342
768	22	6	1e-05	2e-05	2.627e+02	0.502	0.53	GO:0006699
769	23	5	1e-05	2e-05	3.107e+02	0.443	0.446	GO:0009595
770	22	4	1e-05	2e-05	2.997e+02	0.398	0.514	GO:0010799
771	30	6	1e-05	2e-05	5.342e+02	0.505	0.511	GO:0018208
772	69	22	1e-05	2e-05	2.326e+03	0.538	0.441	GO:0019217
773	30	7	1e-05	2e-05	5.093e+02	0.495	0.279	GO:0030513
774	75	24	1e-05	2e-05	2.739e+03	0.49	0.517	GO:0030801
775	62	21	1e-05	2e-05	1.829e+03	0.528	0.461	GO:0032846
776	54	19	1e-05	2e-05	1.365e+03	0.56	0.418	GO:0033138
777	94	28	1e-05	2e-05	4.424e+03	0.504	0.427	GO:0042035
778	45	16	1e-05	2e-05	9.474e+02	0.525	0.342	GO:0042044
779	47	18	1e-05	2e-05	9.924e+02	0.558	0.536	GO:0042733
780	26	9	1e-05	2e-05	3.267e+02	0.5	0.609	GO:0043502
781	51	21	1e-05	2e-05	1.119e+03	0.595	0.396	GO:0044070
782	22	6	1e-05	2e-05	2.627e+02	0.483	0.406	GO:0048873
783	69	19	1e-05	2e-05	2.475e+03	0.517	0.391	GO:0051341
784	32	10	1e-05	2e-05	5.153e+02	0.524	0.503	GO:0051489
785	29	9	1e-05	2e-05	4.265e+02	0.522	0.362	GO:0051893
786	61	20	1e-05	2e-05	1.799e+03	0.538	0.541	GO:0051928
787	30	10	1e-05	2e-05	4.405e+02	0.51	0.377	GO:0070873
788	123	44	1e-05	2e-05	6.931e+03	0.546	0.451	GO:0071229
789	22	4	1e-05	2e-05	2.997e+02	0.432	0.505	GO:0071384
790	111	39	1e-05	2e-05	5.703e+03	0.5	0.467	GO:0071478
791	20	4	1e-05	2e-05	2.428e+02	0.44	0.448	GO:0072337
792	28	6	1e-05	2e-05	4.574e+02	0.468	0.418	GO:0072348
793	69	22	1e-05	2e-05	2.326e+03	0.474	0.604	GO:0072395
794	48	14	1e-05	2e-05	1.180e+03	0.517	0.54	GO:2001022
795	37	10	0.0	1e-05	7.289e+02	0.464	0.444	GO:0001974
796	22	6	0.0	1e-05	2.627e+02	0.532	0.438	GO:0003208
797	20	6	0.0	1e-05	2.098e+02	0.601	0.417	GO:0007031
798	42	13	0.0	1e-05	8.835e+02	0.503	0.52	GO:0007249
799	40	13	0.0	1e-05	7.848e+02	0.552	0.505	GO:0007259
800	24	8	0.0	1e-05	2.847e+02	0.466	0.76	GO:0007492
801	32	11	0.0	1e-05	4.924e+02	0.572	0.571	GO:0008209
802	30	6	0.0	1e-05	5.342e+02	0.504	0.561	GO:0010596
803	96	34	0.0	1e-05	4.257e+03	0.5	0.497	GO:0017015
804	23	6	0.0	1e-05	2.917e+02	0.448	0.479	GO:0019098
805	58	19	0.0	1e-05	1.628e+03	0.508	0.499	GO:0022613
806	72	24	0.0	1e-05	2.478e+03	0.54	0.441	GO:0031333
807	27	7	0.0	1e-05	3.995e+02	0.49	0.568	GO:0034446
808	94	33	0.0	1e-05	4.101e+03	0.519	0.492	GO:0035023
809	49	15	0.0	1e-05	1.204e+03	0.507	0.494	GO:0042787
810	23	4	0.0	1e-05	3.306e+02	0.446	0.762	GO:0043534
811	38	12	0.0	1e-05	7.189e+02	0.516	0.535	GO:0046365
812	26	6	0.0	1e-05	3.865e+02	0.483	0.509	GO:0046825
813	30	5	0.0	1e-05	5.601e+02	0.486	0.484	GO:0048640
814	23	7	0.0	1e-05	2.737e+02	0.515	0.537	GO:0048713
815	196	75	0.0	1e-05	1.690e+04	0.534	0.497	GO:0048732
816	74	25	0.0	1e-05	2.600e+03	0.508	0.575	GO:0051053
817	20	5	0.0	1e-05	2.258e+02	0.446	0.323	GO:0060045
818	82	30	0.0	1e-05	3.062e+03	0.525	0.425	GO:0060193
819	65	21	0.0	1e-05	2.054e+03	0.493	0.592	GO:0060333
820	22	8	0.0	1e-05	2.298e+02	0.555	0.515	GO:0060765
821	26	9	0.0	1e-05	3.267e+02	0.534	0.351	GO:0070979
822	31	9	0.0	1e-05	5.004e+02	0.53	0.558	GO:0071825
823	78	28	0.0	1e-05	2.800e+03	0.545	0.447	GO:0072527
824	51	17	0.0	1e-05	1.253e+03	0.527	0.55	GO:0090263
825	26	8	0.0	1e-05	3.456e+02	0.428	0.593	GO:1900077
826	23	8	0.0	1e-05	2.568e+02	0.562	0.759	GO:1900449
