Order	#(Annotations)	#(Annotations of perturbed genes)	Mean Posterior Probability	Standard Deviation Posterior Probability	p-value	Average Expression Level	Average position perturbed genes	Term Name
1	20	13	0.08279	0.06466	1.199e+02	0.657	0.594	GO:0048477
2	46	24	0.05822	0.06773	7.810e+02	0.634	0.487	GO:0007632
3	41	21	0.02744	0.0345	6.303e+02	0.638	0.449	GO:0008542
4	63	30	0.02575	0.02546	1.553e+03	0.605	0.46	GO:0034332
5	31	17	0.02366	0.02643	3.437e+02	0.593	0.658	GO:0045600
6	40	20	0.01864	0.01965	6.103e+02	0.606	0.492	GO:0010717
7	20	12	0.01758	0.02478	1.329e+02	0.601	0.582	GO:0045577
8	33	17	0.01668	0.00991	4.086e+02	0.594	0.633	GO:0007131
9	23	13	0.01667	0.01935	1.859e+02	0.634	0.443	GO:0010677
10	24	13	0.01498	0.02178	2.099e+02	0.573	0.646	GO:0071514
11	20	11	0.01363	0.01094	1.449e+02	0.697	0.444	GO:0002861
12	20	11	0.0133	0.01718	1.449e+02	0.607	0.604	GO:0002262
13	22	12	0.01308	0.01326	1.759e+02	0.628	0.561	GO:0017145
14	37	19	0.01267	0.02014	5.135e+02	0.599	0.567	GO:0007292
15	25	14	0.01207	0.00988	2.209e+02	0.636	0.448	GO:0051155
16	27	14	0.00892	0.00713	2.738e+02	0.589	0.418	GO:0045912
17	22	12	0.00889	0.00951	1.759e+02	0.604	0.421	GO:0050912
18	36	18	0.00848	0.00968	4.955e+02	0.611	0.48	GO:0022406
19	27	14	0.00816	0.0128	2.738e+02	0.602	0.534	GO:0032855
20	24	12	0.00803	0.01298	2.228e+02	0.619	0.339	GO:0051568
21	30	15	0.00756	0.01069	3.457e+02	0.613	0.504	GO:0032653
22	31	16	0.00714	0.00629	3.607e+02	0.591	0.468	GO:0043666
23	26	13	0.00663	0.00695	2.608e+02	0.624	0.422	GO:0034333
24	37	18	0.00642	0.00666	5.334e+02	0.611	0.547	GO:0001912
25	70	32	0.00633	0.00688	1.966e+03	0.581	0.521	GO:0097529
26	20	10	0.00626	0.00662	1.559e+02	0.573	0.7	GO:0031497
27	25	13	0.00584	0.00597	2.348e+02	0.636	0.425	GO:0030212
28	38	18	0.00555	0.00808	5.723e+02	0.6	0.385	GO:0009066
29	29	15	0.00532	0.0044	3.157e+02	0.634	0.49	GO:0048278
30	28	14	0.00531	0.00591	3.018e+02	0.556	0.522	GO:0006309
31	31	15	0.0051	0.00804	3.776e+02	0.579	0.509	GO:0051004
32	60	27	0.00458	0.00331	1.462e+03	0.594	0.481	GO:0008306
33	70	31	0.00424	0.00514	2.006e+03	0.59	0.437	GO:0032649
34	66	29	0.00398	0.00359	1.793e+03	0.577	0.469	GO:0007043
35	54	25	0.00386	0.00644	1.165e+03	0.603	0.565	GO:0045665
36	21	11	0.00382	0.00737	1.659e+02	0.645	0.565	GO:0035710
37	59	27	0.00366	0.00375	1.399e+03	0.538	0.496	GO:0045454
38	25	12	0.00366	0.00584	2.488e+02	0.63	0.498	GO:0048169
39	29	14	0.0034	0.00391	3.317e+02	0.629	0.458	GO:0002275
40	40	18	0.00308	0.00455	6.552e+02	0.579	0.547	GO:0031343
41	29	14	0.00306	0.00283	3.317e+02	0.611	0.365	GO:0016331
42	26	12	0.00296	0.00411	2.758e+02	0.609	0.484	GO:0006904
43	21	11	0.0029	0.00333	1.659e+02	0.627	0.469	GO:0046329
44	25	12	0.00266	0.00253	2.488e+02	0.567	0.647	GO:0045058
45	29	14	0.00258	0.00246	3.317e+02	0.558	0.522	GO:0000737
46	43	19	0.00245	0.00392	7.650e+02	0.523	0.687	GO:0002244
47	35	16	0.00245	0.00461	4.985e+02	0.586	0.517	GO:0042993
48	29	13	0.00241	0.00423	3.487e+02	0.546	0.529	GO:0048747
49	68	30	0.00238	0.00431	1.898e+03	0.567	0.568	GO:0045598
50	22	10	0.00224	0.00339	2.009e+02	0.607	0.559	GO:0043576
51	56	25	0.00218	0.0031	1.282e+03	0.617	0.385	GO:0016571
52	23	11	0.00216	0.00328	2.118e+02	0.53	0.498	GO:0019835
53	22	11	0.00216	0.00319	1.879e+02	0.584	0.568	GO:0006906
54	22	10	0.00213	0.00307	2.009e+02	0.57	0.527	GO:0001702
55	148	62	0.00209	0.00239	9.187e+03	0.569	0.459	GO:0045216
56	37	17	0.00202	0.00326	5.544e+02	0.576	0.493	GO:0032091
57	41	18	0.002	0.00402	6.991e+02	0.613	0.501	GO:0048168
58	28	13	0.002	0.00229	3.177e+02	0.553	0.452	GO:0042036
59	22	11	0.00197	0.00307	1.879e+02	0.598	0.523	GO:0090200
60	47	21	0.00188	0.00302	9.057e+02	0.563	0.548	GO:0051146
61	27	12	0.00182	0.00265	3.047e+02	0.564	0.44	GO:0043516
62	25	11	0.00171	0.00193	2.638e+02	0.535	0.647	GO:0031057
63	25	12	0.0017	0.002	2.488e+02	0.629	0.61	GO:0010226
64	36	16	0.00161	0.00255	5.364e+02	0.576	0.498	GO:0001890
65	75	32	0.00156	0.00311	2.353e+03	0.56	0.582	GO:0043200
66	22	11	0.0015	0.00162	1.879e+02	0.633	0.365	GO:0033032
67	37	16	0.00148	0.00269	5.763e+02	0.575	0.58	GO:0071230
68	58	24	0.00144	0.00237	1.439e+03	0.581	0.511	GO:0002705
69	28	12	0.0014	0.00215	3.347e+02	0.579	0.629	GO:0051702
70	20	10	0.00137	0.00192	1.559e+02	0.63	0.506	GO:0031640
71	32	13	0.00134	0.00193	4.495e+02	0.502	0.632	GO:0050931
72	45	20	0.00132	0.00221	8.338e+02	0.563	0.365	GO:0022600
73	22	10	0.00131	0.00261	2.009e+02	0.61	0.615	GO:0043567
74	27	12	0.00128	0.00144	3.047e+02	0.576	0.665	GO:0008333
75	22	10	0.00128	0.00163	2.009e+02	0.525	0.544	GO:0042417
76	22	10	0.00126	0.00176	2.009e+02	0.614	0.578	GO:0048048
77	43	19	0.00122	0.00206	7.650e+02	0.593	0.524	GO:0001910
78	21	9	0.00122	0.00193	1.909e+02	0.531	0.39	GO:0071804
79	25	11	0.00122	0.00154	2.638e+02	0.616	0.377	GO:0007622
80	26	11	0.00121	0.00313	2.917e+02	0.563	0.597	GO:0048013
81	30	12	0.00119	0.00117	3.996e+02	0.524	0.422	GO:0048864
82	24	10	0.00119	0.00174	2.518e+02	0.551	0.501	GO:0032814
83	23	11	0.00116	0.00199	2.118e+02	0.646	0.538	GO:0008299
84	32	14	0.00114	0.00263	4.296e+02	0.556	0.551	GO:0035601
85	30	13	0.00114	0.0014	3.806e+02	0.632	0.51	GO:0046632
86	20	8	0.00114	0.00215	1.809e+02	0.558	0.435	GO:0050892
87	48	21	0.00112	0.00225	9.565e+02	0.561	0.509	GO:0071621
88	28	12	0.0011	0.00254	3.347e+02	0.557	0.466	GO:0035637
89	60	25	0.0011	0.00172	1.533e+03	0.564	0.461	GO:1903311
90	26	11	0.00109	0.00205	2.917e+02	0.561	0.469	GO:0032873
91	22	10	0.00108	0.00156	2.009e+02	0.614	0.477	GO:0051293
92	31	13	0.00107	0.00131	4.146e+02	0.527	0.57	GO:0035065
93	20	9	0.00106	0.00217	1.679e+02	0.547	0.546	GO:0001782
94	33	14	0.00104	0.00264	4.655e+02	0.538	0.445	GO:1901796
95	26	11	0.00103	0.00201	2.917e+02	0.611	0.41	GO:0000188
96	24	10	0.00102	0.00134	2.518e+02	0.57	0.507	GO:0008089
97	29	13	0.00101	0.00199	3.487e+02	0.582	0.441	GO:0051402
98	21	9	0.001	0.00214	1.909e+02	0.56	0.397	GO:0009060
99	36	15	0.001	0.00131	5.583e+02	0.575	0.468	GO:0070997
100	114	46	0.00098	0.00196	5.586e+03	0.548	0.539	GO:0007281
101	25	11	0.00098	0.0012	2.638e+02	0.524	0.555	GO:0042311
102	64	27	0.00095	0.00173	1.729e+03	0.587	0.4	GO:0031214
103	49	21	0.00095	0.00117	1.009e+03	0.558	0.509	GO:0097530
104	92	37	0.00095	0.00253	3.655e+03	0.55	0.479	GO:0030595
105	26	12	0.00094	0.00114	2.758e+02	0.629	0.476	GO:0097028
106	23	10	0.00094	0.00096	2.258e+02	0.622	0.468	GO:1903313
107	28	12	0.00092	0.00129	3.347e+02	0.569	0.517	GO:0046579
108	103	42	0.00091	0.00165	4.539e+03	0.551	0.539	GO:0031334
109	32	13	0.00089	0.00104	4.495e+02	0.523	0.56	GO:0021885
110	24	10	0.00088	0.00179	2.518e+02	0.558	0.49	GO:0001916
111	24	11	0.00088	0.00179	2.368e+02	0.585	0.409	GO:0014031
112	42	18	0.00087	0.00131	7.440e+02	0.579	0.437	GO:0001755
113	23	10	0.00086	0.00141	2.258e+02	0.579	0.449	GO:0007176
114	43	18	0.00085	0.00245	7.909e+02	0.556	0.432	GO:0007369
115	146	61	0.00084	0.00131	8.955e+03	0.565	0.448	GO:0034329
116	34	15	0.00084	0.00243	4.815e+02	0.564	0.588	GO:0045840
117	23	10	0.00082	0.00111	2.258e+02	0.538	0.449	GO:0034605
118	26	11	0.00082	0.0015	2.917e+02	0.577	0.513	GO:0061178
119	30	13	0.00081	0.00202	3.806e+02	0.591	0.396	GO:0022400
120	22	10	0.00081	0.00131	2.009e+02	0.595	0.446	GO:0045622
121	22	9	0.00081	0.00146	2.148e+02	0.561	0.313	GO:0044705
122	26	11	0.0008	0.00151	2.917e+02	0.546	0.498	GO:0007215
123	23	10	0.0008	0.00192	2.258e+02	0.58	0.598	GO:0061515
124	26	11	0.00079	0.00129	2.917e+02	0.588	0.463	GO:0032350
125	37	15	0.00079	0.00125	5.992e+02	0.531	0.375	GO:0007044
126	31	13	0.00079	0.00117	4.146e+02	0.583	0.463	GO:0010977
127	25	10	0.00076	0.00131	2.798e+02	0.607	0.368	GO:0061077
128	20	8	0.00076	0.00135	1.809e+02	0.528	0.587	GO:0045648
129	28	12	0.00075	0.00126	3.347e+02	0.58	0.453	GO:0043370
130	31	13	0.00073	0.00103	4.146e+02	0.584	0.421	GO:0034109
131	22	9	0.00073	0.00088	2.148e+02	0.53	0.463	GO:0061337
132	35	14	0.00072	0.00133	5.413e+02	0.55	0.56	GO:0071377
133	30	12	0.00072	0.00143	3.996e+02	0.556	0.619	GO:0048640
134	31	13	0.00072	0.00157	4.146e+02	0.523	0.613	GO:0070192
135	23	9	0.00071	0.00119	2.408e+02	0.477	0.499	GO:0006662
136	38	16	0.00071	0.00092	6.172e+02	0.605	0.467	GO:0051225
137	22	9	0.0007	0.00111	2.148e+02	0.556	0.513	GO:0010718
138	21	8	0.00069	0.00096	2.048e+02	0.473	0.675	GO:0035088
139	39	17	0.00068	0.00133	6.362e+02	0.583	0.491	GO:0008088
140	25	10	0.00068	0.00081	2.798e+02	0.537	0.582	GO:0046006
141	22	9	0.00066	0.00075	2.148e+02	0.561	0.414	GO:0003208
142	46	20	0.00065	0.00082	8.827e+02	0.587	0.569	GO:0006333
143	24	9	0.00065	0.00088	2.678e+02	0.525	0.509	GO:0042596
144	23	10	0.00063	0.00164	2.258e+02	0.662	0.393	GO:0072525
145	46	19	0.00062	0.00149	9.106e+02	0.566	0.524	GO:0031341
146	21	10	0.00062	0.00109	1.779e+02	0.641	0.444	GO:0045446
147	20	9	0.00062	0.00109	1.679e+02	0.586	0.421	GO:2000677
148	31	13	0.00061	0.00105	4.146e+02	0.549	0.543	GO:0051057
149	21	9	0.00058	0.00123	1.909e+02	0.601	0.429	GO:0032715
150	24	10	0.00057	0.00101	2.518e+02	0.57	0.537	GO:0003179
151	26	11	0.00057	0.00066	2.917e+02	0.601	0.549	GO:0046132
152	58	23	0.00056	0.00142	1.475e+03	0.556	0.42	GO:0050715
153	27	11	0.00055	0.00111	3.217e+02	0.604	0.452	GO:0034453
154	24	10	0.00055	0.00084	2.518e+02	0.496	0.577	GO:0007492
155	36	15	0.00054	0.00068	5.583e+02	0.52	0.45	GO:0006323
156	30	12	0.00053	0.00089	3.996e+02	0.564	0.413	GO:0000291
157	21	8	0.0005	0.00106	2.048e+02	0.532	0.622	GO:0006342
158	32	12	0.0005	0.00065	4.705e+02	0.517	0.511	GO:0006801
159	20	7	0.0005	0.00145	1.948e+02	0.487	0.491	GO:0030149
160	20	8	0.0005	0.001	1.809e+02	0.555	0.499	GO:0046839
161	24	9	0.0005	0.00111	2.678e+02	0.571	0.489	GO:0048147
162	26	10	0.00049	0.00056	3.087e+02	0.51	0.467	GO:0051602
163	53	23	0.00049	0.00073	1.170e+03	0.575	0.64	GO:0048863
164	25	9	0.00048	0.00096	2.967e+02	0.53	0.379	GO:0036151
165	29	12	0.00048	0.00125	3.666e+02	0.517	0.529	GO:0022029
166	35	15	0.00047	0.00089	5.194e+02	0.537	0.582	GO:0002762
167	21	8	0.00046	0.00084	2.048e+02	0.541	0.493	GO:0001662
168	25	10	0.00046	0.00078	2.798e+02	0.545	0.45	GO:1901071
169	36	15	0.00046	0.001	5.583e+02	0.58	0.455	GO:0003007
170	20	8	0.00046	0.00137	1.809e+02	0.577	0.577	GO:0009208
171	36	14	0.00046	0.00075	5.813e+02	0.557	0.425	GO:0048024
172	21	8	0.00045	0.00119	2.048e+02	0.545	0.313	GO:0006783
173	46	18	0.00045	0.00113	9.395e+02	0.477	0.517	GO:0030010
174	21	8	0.00045	0.00089	2.048e+02	0.544	0.405	GO:0043299
175	20	8	0.00044	0.00067	1.809e+02	0.567	0.602	GO:0007220
176	23	10	0.00044	0.00093	2.258e+02	0.605	0.408	GO:0048512
177	21	7	0.00043	0.00081	2.198e+02	0.46	0.548	GO:0034502
178	22	10	0.00043	0.0013	2.009e+02	0.586	0.509	GO:0034698
179	20	8	0.00042	0.00087	1.809e+02	0.527	0.472	GO:0043537
180	27	11	0.00042	0.00078	3.217e+02	0.603	0.549	GO:0009220
181	34	13	0.00042	0.00113	5.244e+02	0.535	0.381	GO:0032729
182	29	10	0.00042	0.00114	4.056e+02	0.571	0.578	GO:0051496
183	21	9	0.00042	0.00069	1.909e+02	0.573	0.472	GO:0014003
184	20	8	0.00041	0.0008	1.809e+02	0.574	0.638	GO:0043921
185	26	11	0.00041	0.0005	2.917e+02	0.562	0.53	GO:0045814
186	48	19	0.00041	0.00079	1.015e+03	0.57	0.501	GO:0030218
187	27	11	0.00041	0.00065	3.217e+02	0.546	0.581	GO:0090329
188	21	8	0.0004	0.0005	2.048e+02	0.562	0.43	GO:0042573
189	20	8	0.0004	0.00063	1.809e+02	0.635	0.418	GO:0015721
190	35	13	0.0004	0.00117	5.643e+02	0.48	0.548	GO:0017144
191	36	14	0.00039	0.00112	5.813e+02	0.546	0.492	GO:0002711
192	43	17	0.00039	0.00064	8.178e+02	0.566	0.516	GO:0043966
193	24	10	0.00038	0.0009	2.518e+02	0.562	0.418	GO:0035329
194	30	12	0.00037	0.00112	3.996e+02	0.529	0.404	GO:0032856
195	22	9	0.00036	0.0005	2.148e+02	0.544	0.599	GO:0006278
196	78	32	0.00036	0.00074	2.603e+03	0.572	0.46	GO:0006479
197	25	10	0.00035	0.00058	2.798e+02	0.663	0.353	GO:0006611
198	41	17	0.00035	0.00066	7.240e+02	0.605	0.341	GO:0034968
199	25	10	0.00035	0.00072	2.798e+02	0.509	0.604	GO:0016575
200	34	13	0.00034	0.00091	5.244e+02	0.492	0.57	GO:1901983
201	34	12	0.00034	0.00097	5.473e+02	0.508	0.448	GO:0002889
202	59	24	0.00034	0.00047	1.504e+03	0.589	0.483	GO:0051149
203	29	12	0.00034	0.00079	3.666e+02	0.602	0.56	GO:0009218
204	48	19	0.00033	0.00046	1.015e+03	0.559	0.572	GO:0006939
205	31	12	0.00033	0.00052	4.345e+02	0.55	0.398	GO:0033014
206	52	20	0.00031	0.00064	1.209e+03	0.574	0.474	GO:0000288
207	34	13	0.00031	0.00062	5.244e+02	0.533	0.563	GO:0045646
208	23	7	0.00031	0.00059	2.737e+02	0.501	0.475	GO:0002026
209	25	7	0.00031	0.00078	3.336e+02	0.463	0.658	GO:0031280
210	45	18	0.00031	0.00072	8.886e+02	0.556	0.59	GO:0048592
211	48	20	0.00031	0.00059	9.854e+02	0.542	0.535	GO:2001022
212	30	12	0.0003	0.0007	3.996e+02	0.502	0.502	GO:0030261
213	28	11	0.0003	0.00058	3.527e+02	0.544	0.519	GO:0005979
214	21	7	0.0003	0.0008	2.198e+02	0.505	0.684	GO:0045987
215	46	19	0.0003	0.0005	9.106e+02	0.542	0.495	GO:0006369
216	29	12	0.0003	0.00048	3.666e+02	0.583	0.413	GO:0043928
217	27	10	0.00029	0.00075	3.397e+02	0.62	0.41	GO:0019674
218	33	11	0.00029	0.00051	5.313e+02	0.554	0.598	GO:0032233
219	30	11	0.00029	0.00044	4.195e+02	0.57	0.54	GO:0060135
220	42	17	0.00028	0.0007	7.699e+02	0.587	0.379	GO:0023021
221	22	7	0.00028	0.00085	2.458e+02	0.451	0.349	GO:0002090
222	32	12	0.00028	0.00061	4.705e+02	0.556	0.484	GO:0032885
223	20	8	0.00028	0.00065	1.809e+02	0.526	0.291	GO:0052652
224	20	8	0.00028	0.00065	1.809e+02	0.517	0.599	GO:0090342
225	32	11	0.00027	0.00069	4.924e+02	0.532	0.528	GO:0007528
226	21	8	0.00027	0.00064	2.048e+02	0.567	0.399	GO:0050704
227	32	12	0.00027	0.00057	4.705e+02	0.531	0.465	GO:0070830
228	46	17	0.00026	0.00053	9.694e+02	0.502	0.629	GO:0007588
229	22	6	0.00026	0.00069	2.627e+02	0.586	0.257	GO:0046847
230	37	14	0.00026	0.00041	6.232e+02	0.563	0.52	GO:0030514
231	85	34	0.00026	0.00055	3.133e+03	0.561	0.501	GO:0031345
232	23	9	0.00026	0.00053	2.408e+02	0.557	0.62	GO:0009148
233	20	7	0.00026	0.00054	1.948e+02	0.577	0.405	GO:0072337
234	28	10	0.00026	0.00056	3.716e+02	0.548	0.383	GO:0072348
235	27	10	0.00026	0.00067	3.397e+02	0.568	0.449	GO:0021983
236	23	9	0.00026	0.00062	2.408e+02	0.563	0.458	GO:0032689
237	32	11	0.00026	0.00055	4.924e+02	0.475	0.56	GO:0097194
238	22	8	0.00025	0.00053	2.298e+02	0.573	0.464	GO:0060314
239	38	15	0.00025	0.00042	6.412e+02	0.533	0.488	GO:0030593
240	41	16	0.00024	0.00046	7.499e+02	0.555	0.499	GO:0042059
241	33	13	0.00024	0.00038	4.864e+02	0.557	0.396	GO:0016056
242	33	12	0.00024	0.00032	5.084e+02	0.575	0.489	GO:0071173
243	23	9	0.00024	0.0006	2.408e+02	0.537	0.669	GO:0045214
244	28	12	0.00024	0.00033	3.347e+02	0.57	0.398	GO:0006779
245	23	10	0.00024	0.00033	2.258e+02	0.607	0.498	GO:0042346
246	22	9	0.00024	0.00034	2.148e+02	0.544	0.697	GO:0051491
247	22	6	0.00023	0.00061	2.627e+02	0.517	0.516	GO:0033108
248	42	16	0.00023	0.00048	7.968e+02	0.574	0.486	GO:0030071
249	21	8	0.00022	0.00048	2.048e+02	0.576	0.365	GO:0072009
250	29	12	0.00022	0.00035	3.666e+02	0.536	0.558	GO:0006476
251	37	13	0.00022	0.00046	6.481e+02	0.48	0.458	GO:0018210
252	29	12	0.00022	0.00044	3.666e+02	0.561	0.676	GO:0008361
253	39	16	0.00021	0.00035	6.601e+02	0.587	0.474	GO:0001906
254	46	16	0.00021	0.00064	1.000e+03	0.496	0.483	GO:0002028
255	29	11	0.00021	0.00042	3.856e+02	0.597	0.374	GO:0006099
256	36	12	0.00021	0.0006	6.301e+02	0.517	0.508	GO:0043473
257	64	23	0.00021	0.00042	1.891e+03	0.512	0.415	GO:1900274
258	67	26	0.0002	0.00047	1.987e+03	0.541	0.511	GO:0045621
259	26	10	0.0002	0.00033	3.087e+02	0.557	0.662	GO:0051851
260	22	8	0.0002	0.00061	2.298e+02	0.568	0.323	GO:0060765
261	24	8	0.0002	0.00042	2.847e+02	0.512	0.462	GO:0006111
262	122	47	0.0002	0.00044	6.559e+03	0.555	0.41	GO:0022618
263	28	10	0.0002	0.00041	3.716e+02	0.554	0.556	GO:0043388
264	23	8	0.0002	0.0006	2.568e+02	0.53	0.686	GO:0048484
265	24	8	0.0002	0.00042	2.847e+02	0.554	0.495	GO:0070098
266	21	8	0.0002	0.0003	2.048e+02	0.571	0.582	GO:0000272
267	31	11	0.0002	0.00045	4.555e+02	0.469	0.368	GO:0006730
268	24	7	0.0002	0.00039	3.027e+02	0.459	0.658	GO:0007194
269	23	7	0.0002	0.00042	2.737e+02	0.538	0.501	GO:0030316
270	22	7	0.0002	0.00059	2.458e+02	0.55	0.59	GO:0035249
271	76	27	0.0002	0.00039	2.674e+03	0.506	0.501	GO:0071103
272	62	25	0.00019	0.00041	1.668e+03	0.537	0.432	GO:0050907
273	24	8	0.00019	0.00058	2.847e+02	0.482	0.671	GO:0050850
274	22	8	0.00019	0.00043	2.298e+02	0.537	0.579	GO:0060612
275	34	13	0.00019	0.0004	5.244e+02	0.545	0.465	GO:0045668
276	22	8	0.00019	0.00041	2.298e+02	0.542	0.427	GO:1901655
277	56	22	0.00019	0.00049	1.383e+03	0.549	0.461	GO:0045582
278	45	18	0.00018	0.00055	8.886e+02	0.543	0.525	GO:0006120
279	20	7	0.00018	0.00046	1.948e+02	0.519	0.437	GO:0021795
280	29	10	0.00018	0.00029	4.056e+02	0.534	0.309	GO:0042168
281	41	16	0.00018	0.00031	7.499e+02	0.544	0.522	GO:0046637
282	25	10	0.00018	0.00038	2.798e+02	0.577	0.357	GO:0006378
283	32	11	0.00018	0.00054	4.924e+02	0.555	0.595	GO:0016445
284	117	43	0.00018	0.00054	6.189e+03	0.539	0.492	GO:0030178
285	26	8	0.00018	0.00034	3.456e+02	0.506	0.431	GO:0032732
286	24	10	0.00018	0.00038	2.518e+02	0.567	0.535	GO:0000289
287	42	16	0.00018	0.00037	7.968e+02	0.581	0.536	GO:0034644
288	26	9	0.00018	0.00036	3.267e+02	0.53	0.371	GO:1902692
289	30	13	0.00018	0.00049	3.806e+02	0.586	0.473	GO:2000514
290	25	8	0.00017	0.00033	3.147e+02	0.557	0.477	GO:0000038
291	20	8	0.00017	0.00032	1.809e+02	0.611	0.612	GO:0014743
292	26	10	0.00017	0.00027	3.087e+02	0.57	0.357	GO:0043631
293	31	12	0.00017	0.0003	4.345e+02	0.552	0.562	GO:0006206
294	29	12	0.00017	0.0004	3.666e+02	0.541	0.546	GO:2000278
295	26	11	0.00016	0.00036	2.917e+02	0.554	0.583	GO:0002286
296	23	8	0.00016	0.00033	2.568e+02	0.567	0.363	GO:0010574
297	57	22	0.00016	0.00049	1.447e+03	0.555	0.438	GO:0030900
298	97	38	0.00016	0.00049	4.121e+03	0.532	0.47	GO:0031123
299	26	11	0.00016	0.00022	2.917e+02	0.516	0.614	GO:0050869
300	20	7	0.00016	0.00024	1.948e+02	0.503	0.453	GO:0051881
301	20	7	0.00016	0.00048	1.948e+02	0.504	0.616	GO:0008210
302	37	13	0.00016	0.00043	6.481e+02	0.5	0.47	GO:0031644
303	29	10	0.00016	0.00032	4.056e+02	0.512	0.379	GO:0042743
304	20	7	0.00016	0.00026	1.948e+02	0.512	0.584	GO:0051962
305	24	9	0.00016	0.00041	2.678e+02	0.541	0.414	GO:0003206
306	21	9	0.00016	0.00032	1.909e+02	0.541	0.507	GO:0046135
307	27	11	0.00016	0.00038	3.217e+02	0.566	0.496	GO:0048738
308	24	7	0.00016	0.00033	3.027e+02	0.428	0.47	GO:0050918
309	26	9	0.00016	0.00047	3.267e+02	0.478	0.453	GO:0010559
310	30	11	0.00016	0.00027	4.195e+02	0.54	0.519	GO:0032465
311	22	8	0.00016	0.00047	2.298e+02	0.581	0.473	GO:0060968
312	20	5	0.00015	0.00031	2.258e+02	0.49	0.494	GO:0006595
313	32	12	0.00015	0.00041	4.705e+02	0.575	0.489	GO:0007094
314	26	9	0.00015	0.0003	3.267e+02	0.586	0.494	GO:0033209
315	34	13	0.00015	0.00032	5.244e+02	0.582	0.492	GO:0045841
316	20	8	0.00015	0.00033	1.809e+02	0.584	0.447	GO:0045736
317	22	9	0.00015	0.00034	2.148e+02	0.603	0.503	GO:0042430
318	28	11	0.00015	0.0003	3.527e+02	0.544	0.521	GO:0016574
319	42	16	0.00015	0.00039	7.968e+02	0.538	0.571	GO:0033762
320	46	16	0.00015	0.0003	1.000e+03	0.538	0.569	GO:0042177
321	33	12	0.00015	0.0003	5.084e+02	0.494	0.508	GO:0046471
322	20	7	0.00015	0.00039	1.948e+02	0.584	0.489	GO:0050685
323	36	15	0.00015	0.0003	5.583e+02	0.496	0.635	GO:0050909
324	21	6	0.00014	0.00024	2.358e+02	0.51	0.693	GO:0010165
325	28	8	0.00014	0.00043	4.125e+02	0.504	0.457	GO:0010453
326	31	12	0.00014	0.00025	4.345e+02	0.492	0.634	GO:0030318
327	27	10	0.00014	0.00043	3.397e+02	0.495	0.482	GO:0030449
328	30	10	0.00014	0.00029	4.405e+02	0.468	0.646	GO:0030818
329	22	8	0.00014	0.00043	2.298e+02	0.504	0.447	GO:0032862
330	30	10	0.00014	0.00043	4.405e+02	0.526	0.369	GO:0042462
331	21	8	0.00014	0.00036	2.048e+02	0.527	0.504	GO:0035813
332	35	14	0.00014	0.00022	5.413e+02	0.569	0.531	GO:0043094
333	22	7	0.00014	0.00028	2.458e+02	0.603	0.35	GO:0021915
334	24	10	0.00014	0.00021	2.518e+02	0.525	0.673	GO:0003279
335	30	10	0.00014	0.00042	4.405e+02	0.533	0.498	GO:0003382
336	108	42	0.00014	0.00031	5.121e+03	0.534	0.499	GO:0006364
337	24	10	0.00014	0.00037	2.518e+02	0.522	0.392	GO:0009190
338	37	14	0.00014	0.00042	6.232e+02	0.588	0.437	GO:0031047
339	68	26	0.00014	0.00034	2.063e+03	0.538	0.574	GO:0051101
340	30	10	0.00014	0.00032	4.405e+02	0.485	0.492	GO:0051209
341	21	6	0.00014	0.00028	2.358e+02	0.518	0.234	GO:0071385
342	72	29	0.00014	0.00024	2.245e+03	0.555	0.499	GO:2000736
343	22	9	0.00014	0.00026	2.148e+02	0.53	0.477	GO:0000819
344	22	8	0.00014	0.00027	2.298e+02	0.534	0.569	GO:0010507
345	68	27	0.00014	0.00032	2.020e+03	0.536	0.553	GO:0042307
346	49	18	0.00014	0.00028	1.102e+03	0.54	0.47	GO:0042308
347	28	10	0.00014	0.00031	3.716e+02	0.524	0.453	GO:0045055
348	79	31	0.00014	0.00028	2.739e+03	0.532	0.495	GO:0051100
349	63	21	0.00014	0.00041	1.902e+03	0.506	0.474	GO:0051781
350	44	17	0.00014	0.00036	8.667e+02	0.533	0.576	GO:0051785
351	27	9	0.00014	0.00041	3.586e+02	0.484	0.453	GO:1903018
352	61	23	0.00013	0.0004	1.676e+03	0.53	0.457	GO:0009408
353	30	11	0.00013	0.0004	4.195e+02	0.516	0.429	GO:0010596
354	64	24	0.00013	0.0003	1.849e+03	0.558	0.493	GO:0010923
355	97	37	0.00013	0.0004	4.181e+03	0.573	0.417	GO:0051651
356	89	33	0.00013	0.00028	3.578e+03	0.516	0.536	GO:0006814
357	39	15	0.00013	0.00037	6.851e+02	0.558	0.575	GO:0007041
358	23	7	0.00013	0.00038	2.737e+02	0.54	0.631	GO:0045661
359	21	8	0.00013	0.00028	2.048e+02	0.56	0.638	GO:0052312
360	31	11	0.00013	0.00024	4.555e+02	0.512	0.58	GO:0031060
361	59	23	0.00012	0.00025	1.541e+03	0.527	0.562	GO:0032273
362	26	9	0.00012	0.00028	3.267e+02	0.486	0.531	GO:0043124
363	28	7	0.00012	0.00037	4.345e+02	0.487	0.496	GO:0044743
364	21	7	0.00012	0.00037	2.198e+02	0.542	0.477	GO:0045616
365	43	15	0.00012	0.00032	8.746e+02	0.542	0.486	GO:0070988
366	67	26	0.00012	0.00025	1.987e+03	0.528	0.611	GO:1902106
367	53	21	0.00012	0.00022	1.235e+03	0.548	0.52	GO:0044801
368	37	13	0.00012	0.00026	6.481e+02	0.52	0.694	GO:0071479
369	99	37	0.00012	0.00036	4.402e+03	0.545	0.449	GO:0032319
370	56	23	0.00012	0.00016	1.349e+03	0.577	0.49	GO:0002708
371	48	17	0.00012	0.00025	1.078e+03	0.551	0.574	GO:0006220
372	56	21	0.00012	0.00023	1.419e+03	0.565	0.407	GO:0016266
373	22	8	0.00012	0.00018	2.298e+02	0.588	0.606	GO:0030511
374	83	34	0.00012	0.00035	2.948e+03	0.549	0.473	GO:0031124
375	27	11	0.00012	0.00033	3.217e+02	0.519	0.509	GO:0051983
376	57	22	0.00012	0.00019	1.447e+03	0.547	0.525	GO:0061025
377	23	7	0.00011	0.00019	2.737e+02	0.521	0.492	GO:0006336
378	38	14	0.00011	0.00018	6.661e+02	0.528	0.512	GO:0050982
379	46	18	0.00011	0.00024	9.395e+02	0.562	0.572	GO:0060041
380	73	29	0.00011	0.00021	2.325e+03	0.511	0.503	GO:0090305
381	32	12	0.00011	0.00019	4.705e+02	0.546	0.514	GO:2000107
382	44	16	0.00011	0.00034	8.956e+02	0.542	0.592	GO:0007034
383	30	11	0.00011	0.00034	4.195e+02	0.522	0.612	GO:0007040
384	39	16	0.00011	0.00034	6.601e+02	0.596	0.36	GO:0038032
385	22	8	0.00011	0.00018	2.298e+02	0.53	0.534	GO:0044089
386	30	10	0.00011	0.00034	4.405e+02	0.43	0.392	GO:0050433
387	24	8	0.00011	0.00034	2.847e+02	0.523	0.502	GO:0070588
388	31	12	0.00011	0.00031	4.345e+02	0.518	0.549	GO:0072529
389	77	27	0.00011	0.00032	2.762e+03	0.546	0.415	GO:0002274
390	23	7	0.00011	0.00022	2.737e+02	0.532	0.371	GO:0032731
391	21	7	0.00011	0.00022	2.198e+02	0.528	0.494	GO:0033081
392	28	9	0.00011	0.00023	3.916e+02	0.462	0.58	GO:0045739
393	27	11	0.00011	0.00027	3.217e+02	0.557	0.327	GO:0050663
394	79	31	0.00011	0.00032	2.739e+03	0.572	0.457	GO:0071482
395	23	7	0.00011	0.00029	2.737e+02	0.577	0.355	GO:0072595
396	21	6	0.0001	0.00016	2.358e+02	0.486	0.399	GO:0031114
397	24	7	0.0001	0.00023	3.027e+02	0.502	0.391	GO:0042474
398	27	10	0.0001	0.00026	3.397e+02	0.534	0.521	GO:0055007
399	21	6	0.0001	0.00031	2.358e+02	0.442	0.488	GO:0000718
400	22	7	0.0001	0.00031	2.458e+02	0.48	0.486	GO:0006829
401	36	9	0.0001	0.00031	7.109e+02	0.515	0.346	GO:0021515
402	40	15	0.0001	0.0002	7.300e+02	0.501	0.648	GO:2001251
403	39	15	0.0001	0.0003	6.851e+02	0.561	0.418	GO:0030004
404	39	13	0.0001	0.0003	7.379e+02	0.505	0.598	GO:0030397
405	20	7	0.0001	0.0003	1.948e+02	0.484	0.726	GO:0048546
406	22	6	0.0001	0.0003	2.627e+02	0.481	0.503	GO:0050829
407	33	13	0.0001	0.0002	4.864e+02	0.5	0.57	GO:2000756
408	129	49	0.0001	0.00029	7.384e+03	0.561	0.442	GO:0008277
409	59	23	0.0001	0.00029	1.541e+03	0.55	0.376	GO:0009306
410	98	39	0.0001	0.00019	4.168e+03	0.56	0.482	GO:0010921
411	47	17	0.0001	0.00022	1.023e+03	0.536	0.469	GO:0019229
412	66	24	0.0001	0.00029	1.997e+03	0.52	0.491	GO:0034340
413	46	16	0.0001	0.00027	1.000e+03	0.523	0.344	GO:0048259
414	21	8	0.0001	0.00029	2.048e+02	0.549	0.214	GO:0050832
415	23	7	0.0001	0.00021	2.737e+02	0.451	0.442	GO:0086001
416	36	12	9e-05	0.00028	6.301e+02	0.505	0.454	GO:0006040
417	64	23	9e-05	0.00028	1.891e+03	0.523	0.413	GO:0007586
418	54	18	9e-05	0.00028	1.402e+03	0.462	0.535	GO:0046364
419	36	14	9e-05	0.00022	5.813e+02	0.614	0.523	GO:0046631
420	39	13	9e-05	0.00028	7.379e+02	0.53	0.556	GO:0051017
421	32	10	9e-05	0.00028	5.153e+02	0.537	0.706	GO:0051489
422	31	12	9e-05	0.00021	4.345e+02	0.559	0.413	GO:0000387
423	27	9	9e-05	0.00022	3.586e+02	0.501	0.575	GO:0006775
424	48	17	9e-05	0.00026	1.078e+03	0.506	0.504	GO:0007189
425	24	9	9e-05	0.00018	2.678e+02	0.478	0.499	GO:0018904
426	37	13	9e-05	0.0002	6.481e+02	0.566	0.386	GO:0021987
427	56	20	9e-05	0.00017	1.456e+03	0.555	0.392	GO:0022403
428	34	13	9e-05	0.00024	5.244e+02	0.567	0.493	GO:0032881
429	40	16	9e-05	0.00018	7.040e+02	0.54	0.496	GO:0042130
430	20	6	9e-05	0.00024	2.098e+02	0.499	0.292	GO:0042744
431	27	9	9e-05	0.00015	3.586e+02	0.521	0.656	GO:0045933
432	20	6	9e-05	0.00026	2.098e+02	0.454	0.408	GO:0051953
433	114	45	9e-05	0.00019	5.656e+03	0.541	0.5	GO:0060326
434	27	9	8e-05	0.00014	3.586e+02	0.512	0.44	GO:0007052
435	30	11	8e-05	0.00014	4.195e+02	0.53	0.529	GO:0010660
436	32	12	8e-05	0.00025	4.705e+02	0.547	0.421	GO:0045599
437	32	11	8e-05	0.00015	4.924e+02	0.506	0.749	GO:0045620
438	42	15	8e-05	0.00025	8.247e+02	0.53	0.446	GO:2001257
439	104	41	8e-05	0.00018	4.716e+03	0.56	0.519	GO:0043393
440	28	8	8e-05	0.00018	4.125e+02	0.521	0.538	GO:0060348
441	27	7	8e-05	0.00024	3.995e+02	0.459	0.625	GO:0021549
442	48	18	8e-05	0.0002	1.046e+03	0.509	0.576	GO:0030838
443	23	5	8e-05	0.00016	3.107e+02	0.472	0.471	GO:0044773
444	22	6	8e-05	0.00021	2.627e+02	0.388	0.717	GO:0060071
445	82	30	8e-05	0.00024	3.062e+03	0.528	0.493	GO:0090090
446	21	6	8e-05	0.00018	2.358e+02	0.527	0.51	GO:0002675
447	78	31	8e-05	0.00017	2.651e+03	0.559	0.493	GO:0007623
448	28	11	8e-05	0.00017	3.527e+02	0.535	0.647	GO:1903309
449	24	8	8e-05	0.0002	2.847e+02	0.527	0.458	GO:0006261
450	24	8	8e-05	0.00023	2.847e+02	0.531	0.492	GO:0006890
451	23	6	8e-05	0.00023	2.917e+02	0.512	0.411	GO:0032504
452	32	12	8e-05	0.0002	4.705e+02	0.565	0.582	GO:0050732
453	28	8	8e-05	0.00023	4.125e+02	0.509	0.379	GO:2001244
454	21	8	8e-05	0.00017	2.048e+02	0.59	0.413	GO:0045907
455	20	6	7e-05	0.00019	2.098e+02	0.484	0.652	GO:0000413
456	29	10	7e-05	0.00015	4.056e+02	0.537	0.449	GO:0001838
457	33	10	7e-05	0.00022	5.553e+02	0.506	0.282	GO:0009620
458	57	19	7e-05	0.00022	1.561e+03	0.512	0.473	GO:0046823
459	186	71	7e-05	0.00022	1.525e+04	0.549	0.525	GO:0051098
460	28	9	7e-05	0.00022	3.916e+02	0.499	0.502	GO:0061418
461	26	9	7e-05	0.00017	3.267e+02	0.558	0.684	GO:0006298
462	39	15	7e-05	0.00015	6.851e+02	0.548	0.49	GO:0032006
463	30	10	7e-05	0.00013	4.405e+02	0.494	0.297	GO:0048260
464	21	5	7e-05	0.0002	2.528e+02	0.451	0.556	GO:0002720
465	40	12	7e-05	0.0002	8.137e+02	0.516	0.405	GO:0006144
466	23	6	7e-05	0.0002	2.917e+02	0.451	0.432	GO:0007062
467	23	9	7e-05	0.00015	2.408e+02	0.538	0.313	GO:0019098
468	22	4	7e-05	0.0002	2.997e+02	0.477	0.367	GO:0043330
469	20	8	7e-05	0.00014	1.809e+02	0.531	0.526	GO:0072676
470	46	18	7e-05	0.00019	9.395e+02	0.55	0.49	GO:0097306
471	21	8	7e-05	0.00016	2.048e+02	0.533	0.571	GO:1901099
472	29	11	6e-05	0.00019	3.856e+02	0.567	0.515	GO:0043491
473	58	22	6e-05	0.00011	1.512e+03	0.572	0.38	GO:0045744
474	41	13	6e-05	0.00015	8.337e+02	0.566	0.492	GO:0045839
475	21	6	6e-05	0.00014	2.358e+02	0.456	0.402	GO:0046320
476	49	16	6e-05	0.00015	1.169e+03	0.542	0.535	GO:0048588
477	21	6	6e-05	0.00019	2.358e+02	0.506	0.54	GO:0060412
478	23	7	6e-05	0.00019	2.737e+02	0.553	0.572	GO:0071695
479	41	15	6e-05	0.00017	7.769e+02	0.552	0.626	GO:0002200
480	24	5	6e-05	0.00018	3.416e+02	0.474	0.57	GO:0051385
481	164	64	6e-05	0.00014	1.173e+04	0.573	0.487	GO:0006469
482	35	12	6e-05	0.00014	5.882e+02	0.496	0.694	GO:0007628
483	26	9	6e-05	0.00012	3.267e+02	0.472	0.49	GO:0021955
484	36	11	6e-05	0.00014	6.560e+02	0.475	0.538	GO:0032480
485	20	7	6e-05	0.00012	1.948e+02	0.554	0.513	GO:0034243
486	27	7	6e-05	0.00013	3.995e+02	0.485	0.717	GO:0040020
487	28	8	6e-05	0.00014	4.125e+02	0.503	0.68	GO:0051145
488	41	14	6e-05	0.00012	8.048e+02	0.573	0.57	GO:0051492
489	23	7	6e-05	0.00014	2.737e+02	0.432	0.5	GO:1901661
490	53	19	6e-05	0.00017	1.304e+03	0.537	0.583	GO:0006213
491	23	5	6e-05	0.00018	3.107e+02	0.463	0.539	GO:0006270
492	37	12	6e-05	0.00018	6.740e+02	0.49	0.633	GO:0007077
493	31	11	6e-05	0.00018	4.555e+02	0.569	0.598	GO:0030901
494	20	6	6e-05	0.00016	2.098e+02	0.457	0.518	GO:0032757
495	22	6	6e-05	0.00018	2.627e+02	0.442	0.443	GO:0035924
496	26	10	6e-05	0.00016	3.087e+02	0.617	0.424	GO:0050710
497	30	8	6e-05	0.00018	4.854e+02	0.455	0.5	GO:0050873
498	37	12	6e-05	0.00011	6.740e+02	0.473	0.514	GO:0003151
499	34	12	6e-05	0.00012	5.473e+02	0.498	0.376	GO:0042254
500	24	9	6e-05	0.00013	2.678e+02	0.584	0.494	GO:0050922
501	25	8	6e-05	0.00013	3.147e+02	0.555	0.578	GO:0060998
502	35	12	6e-05	0.00017	5.882e+02	0.502	0.448	GO:0002712
503	49	17	6e-05	0.00017	1.135e+03	0.555	0.428	GO:0006835
504	32	10	6e-05	0.00017	5.153e+02	0.54	0.249	GO:0032722
505	33	10	6e-05	0.00016	5.553e+02	0.503	0.596	GO:0033692
506	27	10	6e-05	0.0001	3.397e+02	0.55	0.622	GO:0042310
507	22	6	6e-05	0.00017	2.627e+02	0.454	0.353	GO:0043536
508	33	11	6e-05	0.00017	5.313e+02	0.538	0.342	GO:0043550
509	80	30	6e-05	0.00017	2.878e+03	0.549	0.457	GO:0044848
510	22	6	6e-05	0.00016	2.627e+02	0.444	0.539	GO:0048873
511	30	12	6e-05	0.00016	3.996e+02	0.557	0.526	GO:0070873
512	23	8	5e-05	0.00014	2.568e+02	0.544	0.636	GO:0034405
513	35	13	5e-05	0.00011	5.643e+02	0.56	0.606	GO:0046134
514	36	13	5e-05	0.00014	6.052e+02	0.539	0.45	GO:1901019
515	57	19	5e-05	0.0001	1.561e+03	0.503	0.604	GO:0003143
516	34	10	5e-05	0.00016	5.962e+02	0.475	0.383	GO:0008154
517	22	7	5e-05	0.00016	2.458e+02	0.611	0.317	GO:0010799
518	34	12	5e-05	0.00016	5.473e+02	0.586	0.401	GO:0030282
519	21	7	5e-05	0.00016	2.198e+02	0.52	0.631	GO:0032925
520	69	26	5e-05	0.00016	2.141e+03	0.512	0.542	GO:0042102
521	22	7	5e-05	0.00016	2.458e+02	0.509	0.335	GO:0046688
522	28	9	5e-05	0.00016	3.916e+02	0.517	0.426	GO:0050854
523	20	5	5e-05	0.00016	2.258e+02	0.516	0.57	GO:0051412
524	33	13	5e-05	0.00016	4.864e+02	0.558	0.519	GO:0090199
525	23	6	5e-05	0.00016	2.917e+02	0.435	0.534	GO:0090207
526	24	5	5e-05	0.00016	3.416e+02	0.485	0.282	GO:1901989
527	47	17	5e-05	0.0001	1.023e+03	0.532	0.468	GO:0061097
528	44	16	5e-05	0.00014	8.956e+02	0.51	0.603	GO:0000018
529	34	13	5e-05	0.00014	5.244e+02	0.57	0.552	GO:0001707
530	20	6	5e-05	0.00014	2.098e+02	0.559	0.597	GO:0001953
531	32	10	5e-05	0.00012	5.153e+02	0.47	0.618	GO:0006488
532	40	15	5e-05	0.00014	7.300e+02	0.556	0.556	GO:0007422
533	48	18	5e-05	0.0001	1.046e+03	0.523	0.493	GO:0010822
534	22	5	5e-05	0.00014	2.807e+02	0.458	0.451	GO:0032201
535	24	8	5e-05	0.00014	2.847e+02	0.531	0.562	GO:0043500
536	28	8	5e-05	0.00014	4.125e+02	0.516	0.397	GO:0043551
537	30	10	5e-05	0.00014	4.405e+02	0.507	0.516	GO:0045429
538	23	7	5e-05	0.00014	2.737e+02	0.456	0.528	GO:0050974
539	22	5	5e-05	0.00014	2.807e+02	0.493	0.278	GO:0051926
540	41	13	5e-05	0.00014	8.337e+02	0.498	0.594	GO:0060563
541	29	10	5e-05	0.00012	4.056e+02	0.502	0.563	GO:0061448
542	22	8	5e-05	9e-05	2.298e+02	0.493	0.663	GO:2000401
543	71	24	5e-05	0.00011	2.395e+03	0.525	0.451	GO:2001242
544	33	11	5e-05	9e-05	5.313e+02	0.513	0.636	GO:0022409
545	26	8	5e-05	0.0001	3.456e+02	0.483	0.584	GO:0051350
546	20	6	4e-05	0.00013	2.098e+02	0.471	0.453	GO:0002825
547	23	9	4e-05	0.00011	2.408e+02	0.597	0.5	GO:0010771
548	111	44	4e-05	0.00013	5.351e+03	0.533	0.499	GO:0022904
549	25	7	4e-05	0.00013	3.336e+02	0.485	0.571	GO:0042771
550	43	13	4e-05	0.00013	9.354e+02	0.527	0.433	GO:0045682
551	31	9	4e-05	9e-05	5.004e+02	0.5	0.509	GO:0052646
552	29	9	4e-05	0.00013	4.265e+02	0.467	0.475	GO:0060043
553	20	5	4e-05	9e-05	2.258e+02	0.517	0.586	GO:2000108
554	25	8	4e-05	0.00012	3.147e+02	0.481	0.609	GO:0001937
555	32	12	4e-05	0.0001	4.705e+02	0.538	0.557	GO:0009948
556	24	8	4e-05	8e-05	2.847e+02	0.587	0.447	GO:0010712
557	24	7	4e-05	0.00011	3.027e+02	0.54	0.659	GO:0016447
558	20	5	4e-05	0.00012	2.258e+02	0.487	0.3	GO:0030902
559	23	8	4e-05	0.00011	2.568e+02	0.584	0.447	GO:0032965
560	34	13	4e-05	0.00012	5.244e+02	0.523	0.448	GO:0033865
561	32	10	4e-05	0.00012	5.153e+02	0.516	0.369	GO:0042461
562	35	12	4e-05	0.00012	5.882e+02	0.525	0.492	GO:0042752
563	73	27	4e-05	0.00012	2.418e+03	0.55	0.498	GO:0042990
564	23	8	4e-05	0.00012	2.568e+02	0.504	0.504	GO:0044062
565	40	15	4e-05	0.00012	7.300e+02	0.58	0.464	GO:0044273
566	83	31	4e-05	0.00012	3.103e+03	0.536	0.549	GO:0046824
567	31	11	4e-05	0.00012	4.555e+02	0.5	0.462	GO:0048663
568	100	37	4e-05	0.00012	4.514e+03	0.518	0.467	GO:0050906
569	74	27	4e-05	0.00012	2.501e+03	0.546	0.481	GO:0051153
570	22	6	4e-05	0.00011	2.627e+02	0.474	0.522	GO:0006400
571	50	17	4e-05	0.00011	1.193e+03	0.535	0.552	GO:0006885
572	74	28	4e-05	0.00011	2.454e+03	0.564	0.441	GO:0007051
573	46	16	4e-05	0.00011	1.000e+03	0.486	0.616	GO:0007266
574	37	12	4e-05	0.00011	6.740e+02	0.47	0.53	GO:0014075
575	114	45	4e-05	0.00011	5.656e+03	0.541	0.507	GO:0016072
576	94	31	4e-05	0.00011	4.227e+03	0.527	0.525	GO:0030097
577	42	15	4e-05	0.00011	8.247e+02	0.512	0.549	GO:0035051
578	41	12	4e-05	0.00011	8.636e+02	0.55	0.425	GO:0050709
579	30	10	4e-05	7e-05	4.405e+02	0.54	0.449	GO:0072175
580	25	8	3e-05	7e-05	3.147e+02	0.455	0.537	GO:0001659
581	48	15	3e-05	0.0001	1.145e+03	0.571	0.365	GO:0006749
582	29	9	3e-05	0.0001	4.265e+02	0.437	0.527	GO:0017156
583	27	8	3e-05	0.0001	3.786e+02	0.487	0.602	GO:0019935
584	30	9	3e-05	0.0001	4.624e+02	0.506	0.386	GO:0022408
585	31	9	3e-05	7e-05	5.004e+02	0.543	0.455	GO:0030073
586	22	6	3e-05	0.0001	2.627e+02	0.531	0.607	GO:0030325
587	21	7	3e-05	0.0001	2.198e+02	0.533	0.593	GO:0032673
588	34	11	3e-05	0.0001	5.712e+02	0.493	0.41	GO:0035115
589	21	8	3e-05	6e-05	2.048e+02	0.482	0.563	GO:0046173
590	89	32	3e-05	6e-05	3.635e+03	0.541	0.413	GO:0050707
591	31	11	3e-05	0.0001	4.555e+02	0.492	0.536	GO:0051282
592	22	7	3e-05	6e-05	2.458e+02	0.469	0.442	GO:0086002
593	34	12	3e-05	8e-05	5.473e+02	0.549	0.584	GO:0006221
594	22	7	3e-05	8e-05	2.458e+02	0.519	0.489	GO:0010880
595	27	10	3e-05	6e-05	3.397e+02	0.548	0.49	GO:0001914
596	29	10	3e-05	6e-05	4.056e+02	0.48	0.577	GO:0001975
597	78	31	3e-05	6e-05	2.651e+03	0.565	0.467	GO:0006493
598	29	9	3e-05	5e-05	4.265e+02	0.457	0.516	GO:0019370
599	33	11	3e-05	6e-05	5.313e+02	0.495	0.528	GO:0032648
600	48	16	3e-05	6e-05	1.111e+03	0.534	0.511	GO:0048525
601	27	9	3e-05	7e-05	3.586e+02	0.46	0.839	GO:0048536
602	20	7	3e-05	6e-05	1.948e+02	0.524	0.554	GO:0090559
603	25	8	3e-05	8e-05	3.147e+02	0.475	0.472	GO:0001958
604	35	12	3e-05	8e-05	5.882e+02	0.508	0.361	GO:0002062
605	60	21	3e-05	8e-05	1.686e+03	0.545	0.488	GO:0002673
606	45	16	3e-05	8e-05	9.474e+02	0.551	0.482	GO:0002709
607	33	11	3e-05	8e-05	5.313e+02	0.501	0.405	GO:0016358
608	33	10	3e-05	8e-05	5.553e+02	0.469	0.646	GO:0030809
609	33	8	3e-05	8e-05	6.061e+02	0.485	0.246	GO:0032760
610	32	10	3e-05	8e-05	5.153e+02	0.504	0.708	GO:0040018
611	25	7	3e-05	8e-05	3.336e+02	0.533	0.434	GO:0040036
612	106	40	3e-05	8e-05	5.016e+03	0.524	0.515	GO:0042129
613	58	20	3e-05	8e-05	1.589e+03	0.554	0.466	GO:0043467
614	23	6	3e-05	8e-05	2.917e+02	0.457	0.547	GO:0043534
615	31	10	3e-05	8e-05	4.774e+02	0.516	0.441	GO:0060325
616	112	43	2e-05	5e-05	5.544e+03	0.544	0.536	GO:0045619
617	32	10	2e-05	5e-05	5.153e+02	0.556	0.475	GO:0048521
618	31	9	2e-05	5e-05	5.004e+02	0.513	0.64	GO:0051445
619	21	6	2e-05	6e-05	2.358e+02	0.52	0.452	GO:0002040
620	77	27	2e-05	5e-05	2.762e+03	0.521	0.515	GO:0006914
621	40	12	2e-05	7e-05	8.137e+02	0.503	0.546	GO:0007159
622	40	12	2e-05	7e-05	8.137e+02	0.522	0.697	GO:0016126
623	31	10	2e-05	7e-05	4.774e+02	0.514	0.479	GO:0035116
624	63	23	2e-05	7e-05	1.818e+03	0.525	0.484	GO:0042058
625	23	6	2e-05	7e-05	2.917e+02	0.515	0.388	GO:0048713
626	23	8	2e-05	7e-05	2.568e+02	0.567	0.448	GO:0051180
627	29	10	2e-05	7e-05	4.056e+02	0.573	0.426	GO:0051453
628	39	11	2e-05	7e-05	7.947e+02	0.488	0.445	GO:0060420
629	41	14	2e-05	7e-05	8.048e+02	0.528	0.564	GO:0090002
630	26	9	2e-05	6e-05	3.267e+02	0.554	0.358	GO:0090218
631	28	8	2e-05	7e-05	4.125e+02	0.498	0.449	GO:2001238
632	47	16	2e-05	6e-05	1.055e+03	0.558	0.539	GO:0002449
633	24	7	2e-05	6e-05	3.027e+02	0.503	0.503	GO:0006658
634	26	6	2e-05	6e-05	3.865e+02	0.499	0.414	GO:0006739
635	40	10	2e-05	6e-05	8.745e+02	0.504	0.492	GO:0006901
636	85	27	2e-05	6e-05	3.523e+03	0.525	0.415	GO:0007603
637	25	7	2e-05	6e-05	3.336e+02	0.472	0.64	GO:0009065
638	67	25	2e-05	6e-05	2.030e+03	0.557	0.416	GO:0010469
639	33	11	2e-05	6e-05	5.313e+02	0.547	0.47	GO:0019320
640	175	68	2e-05	6e-05	1.338e+04	0.568	0.483	GO:0033673
641	176	68	2e-05	6e-05	1.357e+04	0.551	0.44	GO:0034330
642	27	7	2e-05	6e-05	3.995e+02	0.473	0.48	GO:0034446
643	23	7	2e-05	6e-05	2.737e+02	0.498	0.403	GO:0036152
644	21	6	2e-05	6e-05	2.358e+02	0.452	0.595	GO:0042107
645	22	6	2e-05	6e-05	2.627e+02	0.514	0.387	GO:0042490
646	23	6	2e-05	6e-05	2.917e+02	0.488	0.718	GO:0045581
647	29	8	2e-05	6e-05	4.484e+02	0.496	0.627	GO:0046513
648	26	7	2e-05	6e-05	3.656e+02	0.516	0.469	GO:0046825
649	58	23	2e-05	6e-05	1.475e+03	0.563	0.439	GO:0050777
650	34	10	2e-05	5e-05	5.962e+02	0.466	0.442	GO:0055021
651	46	16	2e-05	6e-05	1.000e+03	0.509	0.429	GO:0055024
652	20	8	2e-05	6e-05	1.809e+02	0.564	0.715	GO:0060349
653	30	6	2e-05	6e-05	5.342e+02	0.456	0.522	GO:0071827
654	32	12	2e-05	6e-05	4.705e+02	0.56	0.426	GO:0072384
655	86	32	2e-05	5e-05	3.336e+03	0.545	0.493	GO:0002706
656	66	23	2e-05	5e-05	2.041e+03	0.54	0.433	GO:0006026
657	39	14	2e-05	5e-05	7.110e+02	0.53	0.383	GO:0006778
658	52	16	2e-05	5e-05	1.350e+03	0.486	0.513	GO:0006888
659	20	5	2e-05	5e-05	2.258e+02	0.481	0.312	GO:0006949
660	35	11	2e-05	5e-05	6.131e+02	0.486	0.544	GO:0007205
661	122	43	2e-05	5e-05	6.870e+03	0.547	0.401	GO:0009260
662	94	36	2e-05	5e-05	3.919e+03	0.51	0.469	GO:0009593
663	79	31	2e-05	5e-05	2.739e+03	0.575	0.469	GO:0014706
664	65	24	2e-05	5e-05	1.923e+03	0.549	0.51	GO:0016458
665	23	5	2e-05	5e-05	3.107e+02	0.428	0.632	GO:0021533
666	32	12	2e-05	4e-05	4.705e+02	0.509	0.623	GO:0031572
667	25	7	2e-05	5e-05	3.336e+02	0.479	0.446	GO:0031952
668	39	11	2e-05	5e-05	7.947e+02	0.49	0.503	GO:0042147
669	37	12	2e-05	5e-05	6.740e+02	0.541	0.454	GO:0045071
670	27	6	2e-05	5e-05	4.215e+02	0.417	0.731	GO:0046209
671	21	8	2e-05	5e-05	2.048e+02	0.504	0.492	GO:0046466
672	20	5	2e-05	5e-05	2.258e+02	0.451	0.691	GO:0046640
673	21	6	2e-05	4e-05	2.358e+02	0.444	0.463	GO:0046834
674	32	8	2e-05	5e-05	5.642e+02	0.429	0.415	GO:0048706
675	68	24	2e-05	4e-05	2.152e+03	0.541	0.441	GO:0048771
676	44	15	2e-05	5e-05	9.255e+02	0.543	0.475	GO:0048844
677	57	22	2e-05	5e-05	1.447e+03	0.547	0.467	GO:0050684
678	32	8	2e-05	5e-05	5.642e+02	0.46	0.623	GO:0071277
679	41	13	2e-05	5e-05	8.337e+02	0.507	0.65	GO:0071347
680	32	10	2e-05	5e-05	5.153e+02	0.545	0.521	GO:0090003
681	25	8	2e-05	5e-05	3.147e+02	0.54	0.402	GO:0090311
682	39	13	2e-05	5e-05	7.379e+02	0.489	0.487	GO:0090382
683	34	12	2e-05	5e-05	5.473e+02	0.524	0.49	GO:2001021
684	48	16	1e-05	4e-05	1.111e+03	0.534	0.594	GO:0006073
685	85	26	1e-05	4e-05	3.582e+03	0.514	0.47	GO:0006415
686	21	5	1e-05	4e-05	2.528e+02	0.483	0.357	GO:0008045
687	27	10	1e-05	4e-05	3.397e+02	0.562	0.564	GO:0009147
688	21	6	1e-05	4e-05	2.358e+02	0.524	0.406	GO:0009651
689	61	19	1e-05	4e-05	1.842e+03	0.505	0.395	GO:0010631
690	34	12	1e-05	4e-05	5.473e+02	0.493	0.465	GO:0018107
691	49	16	1e-05	4e-05	1.169e+03	0.463	0.548	GO:0019319
692	30	11	1e-05	4e-05	4.195e+02	0.527	0.704	GO:0030513
693	20	4	1e-05	4e-05	2.428e+02	0.436	0.424	GO:0031122
694	23	5	1e-05	4e-05	3.107e+02	0.415	0.732	GO:0032892
695	28	6	1e-05	4e-05	4.574e+02	0.474	0.442	GO:0033077
696	26	7	1e-05	4e-05	3.656e+02	0.487	0.564	GO:0043502
697	25	8	1e-05	4e-05	3.147e+02	0.537	0.397	GO:0043552
698	21	5	1e-05	4e-05	2.528e+02	0.446	0.369	GO:0045453
699	36	12	1e-05	4e-05	6.301e+02	0.53	0.56	GO:0046131
700	22	6	1e-05	4e-05	2.627e+02	0.459	0.601	GO:0048710
701	103	36	1e-05	4e-05	4.929e+03	0.527	0.549	GO:0050808
702	77	28	1e-05	4e-05	2.712e+03	0.568	0.546	GO:0051099
703	150	49	1e-05	4e-05	1.074e+04	0.496	0.475	GO:0051480
704	24	4	1e-05	4e-05	3.626e+02	0.421	0.782	GO:0055090
705	25	8	1e-05	4e-05	3.147e+02	0.508	0.451	GO:0071353
706	45	17	1e-05	2e-05	9.175e+02	0.56	0.427	GO:0000096
707	23	7	1e-05	2e-05	2.737e+02	0.486	0.523	GO:0001990
708	34	12	1e-05	2e-05	5.473e+02	0.552	0.643	GO:0002562
709	76	28	1e-05	2e-05	2.624e+03	0.55	0.526	GO:0002573
710	50	17	1e-05	2e-05	1.193e+03	0.481	0.579	GO:0006418
711	29	10	1e-05	2e-05	4.056e+02	0.478	0.456	GO:0007157
712	57	18	1e-05	2e-05	1.600e+03	0.47	0.457	GO:0007254
713	165	62	1e-05	2e-05	1.212e+04	0.559	0.48	GO:0007611
714	22	3	1e-05	2e-05	3.196e+02	0.472	0.385	GO:0015985
715	58	20	1e-05	2e-05	1.589e+03	0.51	0.455	GO:0022613
716	73	22	1e-05	2e-05	2.666e+03	0.513	0.543	GO:0030177
717	60	19	1e-05	2e-05	1.769e+03	0.555	0.577	GO:0030183
718	31	11	1e-05	2e-05	4.555e+02	0.53	0.376	GO:0030279
719	27	9	1e-05	2e-05	3.586e+02	0.564	0.38	GO:0030947
720	43	14	1e-05	2e-05	9.045e+02	0.48	0.59	GO:0031058
721	32	10	1e-05	2e-05	5.153e+02	0.511	0.485	GO:0032720
722	37	13	1e-05	2e-05	6.481e+02	0.519	0.488	GO:0032784
723	51	19	1e-05	2e-05	1.184e+03	0.521	0.512	GO:0032945
724	22	6	1e-05	2e-05	2.627e+02	0.513	0.441	GO:0034105
725	22	6	1e-05	2e-05	2.627e+02	0.471	0.593	GO:0035336
726	37	10	1e-05	2e-05	7.289e+02	0.543	0.401	GO:0042098
727	38	14	1e-05	2e-05	6.661e+02	0.51	0.527	GO:0043392
728	47	15	1e-05	2e-05	1.088e+03	0.511	0.428	GO:0046148
729	45	14	1e-05	2e-05	1.010e+03	0.486	0.563	GO:0046456
730	45	14	1e-05	2e-05	1.010e+03	0.54	0.357	GO:0046717
731	32	7	1e-05	2e-05	5.901e+02	0.469	0.431	GO:0046928
732	33	10	1e-05	2e-05	5.553e+02	0.522	0.509	GO:0060393
733	40	12	1e-05	2e-05	8.137e+02	0.486	0.559	GO:0060401
734	25	8	1e-05	2e-05	3.147e+02	0.526	0.348	GO:0061217
735	22	7	1e-05	2e-05	2.458e+02	0.504	0.33	GO:0090189
736	57	17	1e-05	2e-05	1.641e+03	0.503	0.549	GO:1901879
737	88	33	1e-05	2e-05	3.477e+03	0.544	0.466	GO:1903036
738	72	26	0.0	1e-05	2.382e+03	0.52	0.556	GO:0000077
739	40	11	0.0	1e-05	8.436e+02	0.5	0.467	GO:0001541
740	102	37	0.0	1e-05	4.744e+03	0.519	0.493	GO:0006338
741	36	13	0.0	1e-05	6.052e+02	0.484	0.423	GO:0006821
742	50	14	0.0	1e-05	1.300e+03	0.477	0.506	GO:0006826
743	24	9	0.0	1e-05	2.678e+02	0.629	0.467	GO:0007616
744	29	9	0.0	1e-05	4.265e+02	0.471	0.386	GO:0008334
745	21	3	0.0	1e-05	2.897e+02	0.416	0.422	GO:0009084
746	38	9	0.0	1e-05	8.056e+02	0.489	0.406	GO:0009311
747	33	11	0.0	1e-05	5.313e+02	0.54	0.48	GO:0010770
748	26	8	0.0	1e-05	3.456e+02	0.532	0.551	GO:0010862
749	36	7	0.0	1e-05	7.697e+02	0.479	0.305	GO:0010883
750	21	3	0.0	1e-05	2.897e+02	0.376	0.572	GO:0015844
751	26	5	0.0	1e-05	4.085e+02	0.412	0.509	GO:0018022
752	21	4	0.0	1e-05	2.707e+02	0.471	0.389	GO:0019915
753	22	7	0.0	1e-05	2.458e+02	0.489	0.567	GO:0019933
754	43	14	0.0	1e-05	9.045e+02	0.516	0.57	GO:0030516
755	68	21	0.0	1e-05	2.292e+03	0.509	0.539	GO:0030518
756	47	16	0.0	1e-05	1.055e+03	0.566	0.578	GO:0032231
757	68	24	0.0	1e-05	2.152e+03	0.515	0.508	GO:0032321
758	40	12	0.0	1e-05	8.137e+02	0.486	0.486	GO:0035137
759	119	47	0.0	1e-05	6.158e+03	0.564	0.47	GO:0035303
760	29	8	0.0	1e-05	4.484e+02	0.491	0.593	GO:0035337
761	31	9	0.0	1e-05	5.004e+02	0.467	0.4	GO:0042558
762	52	18	0.0	1e-05	1.278e+03	0.536	0.395	GO:0043010
763	34	11	0.0	1e-05	5.712e+02	0.489	0.589	GO:0045921
764	36	10	0.0	1e-05	6.830e+02	0.477	0.345	GO:0046850
765	69	23	0.0	1e-05	2.278e+03	0.526	0.495	GO:0048514
766	83	29	0.0	1e-05	3.211e+03	0.528	0.52	GO:0048872
767	69	26	0.0	1e-05	2.141e+03	0.539	0.441	GO:0051897
768	39	13	0.0	1e-05	7.379e+02	0.518	0.472	GO:0060079
769	65	24	0.0	1e-05	1.923e+03	0.524	0.491	GO:0060337
770	69	21	0.0	1e-05	2.375e+03	0.45	0.591	GO:0060606
771	32	9	0.0	1e-05	5.393e+02	0.495	0.545	GO:0070206
772	47	15	0.0	1e-05	1.088e+03	0.549	0.412	GO:0072163
773	104	39	0.0	1e-05	4.846e+03	0.533	0.572	GO:0090316
774	59	20	0.0	1e-05	1.657e+03	0.48	0.46	GO:0097285
775	34	11	0.0	1e-05	5.712e+02	0.489	0.484	GO:1901028
