Order	#(Annotations)	#(Annotations of perturbed genes)	Mean Posterior Probability	Standard Deviation Posterior Probability	p-value	Average Expression Level	Average position perturbed genes	Term Name
1	109	78	1.0	0.0	2.908e+03	0.218	0.461	GO:0016050
2	152	79	1.0	0.0	8.427e+03	0.031	0.436	GO:0022900
3	111	72	1.0	0.0	3.579e+03	0.114	0.501	GO:0045787
4	158	119	0.95168	0.14497	5.407e+03	0.211	0.516	GO:0090287
5	60	29	0.81085	0.37908	1.395e+03	-0.005	0.396	GO:0010976
6	169	127	0.8	0.4	6.219e+03	0.295	0.406	GO:0046822
7	175	92	0.68183	0.38737	1.106e+04	0.015	0.475	GO:0033673
8	91	41	0.66535	0.39628	3.340e+03	-0.046	0.411	GO:0034754
9	191	136	0.65236	0.42714	8.985e+03	0.226	0.44	GO:0038127
10	42	25	0.64502	0.37657	5.783e+02	0.132	0.498	GO:0031100
11	160	83	0.58364	0.37849	9.346e+03	0.052	0.385	GO:0007507
12	24	16	0.56371	0.40086	1.649e+02	0.277	0.344	GO:0032228
13	47	28	0.56293	0.39061	7.220e+02	0.111	0.432	GO:1901880
14	118	64	0.54022	0.30575	4.924e+03	0.081	0.392	GO:0007219
15	64	34	0.51157	0.3313	1.483e+03	-0.009	0.483	GO:0007586
16	138	65	0.50766	0.45991	7.431e+03	0.009	0.402	GO:0034728
17	43	29	0.49366	0.44596	5.115e+02	0.15	0.482	GO:0045682
18	151	73	0.49352	0.45877	8.739e+03	0.006	0.417	GO:0071824
19	175	82	0.46158	0.36532	1.196e+04	-0.017	0.434	GO:0000377
20	23	14	0.42758	0.37682	1.719e+02	0.227	0.373	GO:0021533
21	126	72	0.42215	0.40544	5.354e+03	0.101	0.408	GO:0050731
22	77	41	0.42102	0.43283	2.138e+03	0.098	0.413	GO:0021953
23	50	29	0.41683	0.40066	8.397e+02	0.085	0.45	GO:0043242
24	141	74	0.41644	0.4027	7.204e+03	0.052	0.468	GO:0051271
25	104	49	0.41372	0.33691	4.232e+03	0.024	0.4	GO:0006473
26	94	49	0.38834	0.33856	3.231e+03	-0.001	0.479	GO:0007163
27	29	18	0.35304	0.22679	2.648e+02	0.132	0.405	GO:0017156
28	190	135	0.34802	0.42727	8.931e+03	0.226	0.439	GO:0007173
29	94	52	0.31515	0.31184	3.079e+03	0.027	0.524	GO:0035023
30	182	85	0.3063	0.33919	1.296e+04	-0.022	0.434	GO:0000375
31	75	48	0.30276	0.26772	1.672e+03	0.106	0.482	GO:0002479
32	91	48	0.3	0.45826	3.002e+03	0.015	0.412	GO:0030856
33	24	19	0.27208	0.31926	1.110e+02	0.34	0.387	GO:0006361
34	56	35	0.24904	0.30843	9.655e+02	0.013	0.542	GO:0007272
35	25	20	0.24727	0.30084	1.160e+02	0.33	0.412	GO:0006360
36	35	21	0.22568	0.18756	3.996e+02	0.107	0.461	GO:0017144
37	74	49	0.21456	0.31343	1.548e+03	0.145	0.486	GO:0006289
38	89	43	0.20683	0.29171	3.054e+03	0.042	0.4	GO:0018394
39	30	21	0.195	0.33432	2.348e+02	0.187	0.452	GO:0045604
40	78	37	0.19293	0.24639	2.378e+03	-0.022	0.416	GO:0007623
41	142	71	0.18915	0.37908	7.562e+03	0.0	0.457	GO:0031346
42	94	47	0.18687	0.30812	3.327e+03	0.024	0.429	GO:0044236
43	40	19	0.18666	0.28546	6.321e+02	0.001	0.377	GO:0032890
44	41	24	0.17962	0.10825	5.613e+02	0.08	0.48	GO:0019748
45	21	14	0.17289	0.22284	1.269e+02	0.174	0.399	GO:0021522
46	88	45	0.17276	0.30546	2.874e+03	0.043	0.432	GO:0044259
47	85	45	0.16544	0.29123	2.614e+03	0.052	0.404	GO:0006354
48	89	47	0.16436	0.29558	2.870e+03	0.061	0.407	GO:0050707
49	32	19	0.15987	0.14808	3.387e+02	0.076	0.431	GO:0048706
50	101	63	0.15897	0.12143	3.128e+03	0.091	0.491	GO:0002474
51	137	68	0.14558	0.23118	7.076e+03	-0.012	0.449	GO:0007584
52	66	30	0.14496	0.17775	1.755e+03	-0.03	0.433	GO:0010506
53	66	42	0.14412	0.20301	1.307e+03	0.12	0.538	GO:2000117
54	51	26	0.12894	0.14406	9.743e+02	0.031	0.394	GO:0051952
55	79	50	0.12514	0.11742	1.882e+03	0.092	0.491	GO:0042590
56	22	11	0.12329	0.19639	1.878e+02	0.042	0.349	GO:0032862
57	83	48	0.12187	0.1933	2.305e+03	0.073	0.433	GO:0006353
58	99	51	0.11978	0.18583	3.613e+03	0.028	0.441	GO:0051168
59	58	34	0.1193	0.24522	1.115e+03	0.015	0.534	GO:2000648
60	27	15	0.10701	0.18699	2.588e+02	0.115	0.341	GO:0048738
61	84	63	0.10395	0.29892	1.553e+03	0.314	0.401	GO:0032387
62	183	109	0.1	0.3	1.079e+04	0.109	0.425	GO:0051222
63	140	107	0.1	0.3	4.083e+03	0.306	0.409	GO:1900180
64	136	71	0.09622	0.12367	6.731e+03	0.056	0.463	GO:2000146
65	29	16	0.09458	0.09411	2.997e+02	0.113	0.402	GO:0002275
66	82	42	0.0917	0.10403	2.494e+03	0.049	0.426	GO:0032963
67	47	36	0.08941	0.21618	4.626e+02	0.249	0.509	GO:0006283
68	26	15	0.08906	0.14674	2.318e+02	0.099	0.416	GO:0051350
69	26	16	0.08592	0.08944	2.158e+02	0.136	0.422	GO:0051602
70	27	13	0.08127	0.14396	2.887e+02	0.043	0.391	GO:0010508
71	40	22	0.08031	0.22168	5.673e+02	0.076	0.437	GO:1900543
72	133	69	0.07842	0.12757	6.469e+03	0.049	0.469	GO:0030336
73	65	43	0.07835	0.13741	1.198e+03	0.136	0.515	GO:0034146
74	96	50	0.07745	0.18886	3.371e+03	-0.005	0.487	GO:0032526
75	21	16	0.07679	0.14961	9.596e+01	0.297	0.398	GO:0006363
76	41	25	0.07423	0.10375	5.364e+02	0.212	0.351	GO:0032652
77	36	21	0.07302	0.1866	4.355e+02	0.129	0.373	GO:0021515
78	21	9	0.0728	0.07472	1.908e+02	0.023	0.279	GO:0046135
79	125	58	0.07233	0.1742	6.162e+03	0.01	0.415	GO:0043543
80	63	40	0.07202	0.12618	1.195e+03	0.116	0.539	GO:0043154
81	53	34	0.06931	0.10385	8.358e+02	0.022	0.557	GO:0042552
82	96	49	0.0662	0.1129	3.421e+03	0.022	0.432	GO:0043279
83	33	17	0.06415	0.09834	4.085e+02	0.017	0.463	GO:0042339
84	21	14	0.06387	0.08861	1.269e+02	0.162	0.406	GO:0019915
85	87	42	0.063	0.08867	2.921e+03	0.037	0.406	GO:0018393
86	39	22	0.05407	0.08735	5.274e+02	0.05	0.467	GO:0002260
87	47	26	0.05385	0.13281	7.768e+02	0.117	0.366	GO:0061097
88	24	17	0.053	0.04435	1.479e+02	0.302	0.362	GO:0006890
89	164	85	0.05182	0.12263	9.823e+03	0.012	0.473	GO:0006469
90	30	14	0.05145	0.06096	3.626e+02	-0.001	0.403	GO:0032856
91	114	63	0.05088	0.09457	4.524e+03	0.03	0.505	GO:0031331
92	31	17	0.04962	0.08999	3.437e+02	0.087	0.421	GO:0030803
93	67	52	0.04911	0.145	9.000e+02	0.235	0.521	GO:0030512
94	189	86	0.04823	0.0688	1.420e+04	-0.025	0.465	GO:0009203
95	53	27	0.04762	0.08174	1.052e+03	0.009	0.418	GO:0071300
96	120	61	0.04606	0.07789	5.349e+03	0.025	0.464	GO:0031175
97	30	17	0.04536	0.07278	3.127e+02	0.072	0.44	GO:0007040
98	58	34	0.0451	0.06534	1.115e+03	0.113	0.436	GO:0050715
99	22	9	0.04494	0.05233	2.148e+02	-0.054	0.343	GO:0017145
100	92	51	0.04404	0.08609	2.945e+03	0.063	0.453	GO:0071453
101	37	22	0.04173	0.0599	4.505e+02	0.213	0.319	GO:0032651
102	53	22	0.04155	0.05173	1.201e+03	-0.072	0.435	GO:0050807
103	23	15	0.04148	0.08493	1.569e+02	0.164	0.477	GO:0030316
104	84	47	0.03737	0.10779	2.437e+03	0.036	0.527	GO:0031099
105	85	46	0.03682	0.05004	2.568e+03	0.069	0.438	GO:0036294
106	22	12	0.03667	0.0422	1.759e+02	0.099	0.402	GO:1901532
107	20	8	0.03551	0.06088	1.808e+02	-0.037	0.384	GO:0051962
108	38	19	0.0354	0.04122	5.513e+02	-0.003	0.436	GO:0008156
109	33	16	0.03434	0.08617	4.265e+02	0.024	0.475	GO:0042220
110	68	35	0.03254	0.05008	1.713e+03	0.091	0.392	GO:0045666
111	28	12	0.03146	0.04489	3.346e+02	-0.034	0.342	GO:0031069
112	27	15	0.03083	0.03016	2.588e+02	0.044	0.482	GO:0006505
113	27	22	0.03053	0.08757	1.259e+02	0.306	0.501	GO:0030947
114	79	41	0.02992	0.05542	2.294e+03	0.008	0.436	GO:0014706
115	68	40	0.02981	0.04483	1.524e+03	0.059	0.489	GO:0072401
116	69	41	0.02755	0.04779	1.552e+03	0.06	0.498	GO:0072395
117	23	15	0.02737	0.03861	1.569e+02	0.32	0.285	GO:0032731
118	39	23	0.02733	0.04187	5.044e+02	0.097	0.481	GO:0035690
119	25	14	0.02508	0.03224	2.208e+02	0.083	0.415	GO:0031280
120	41	23	0.02468	0.06398	5.852e+02	0.073	0.477	GO:0043967
121	39	19	0.024	0.0314	5.912e+02	0.03	0.409	GO:0030199
122	26	17	0.024	0.04503	1.989e+02	0.15	0.488	GO:0044060
123	140	69	0.02398	0.07029	7.422e+03	-0.042	0.51	GO:0035966
124	22	9	0.02323	0.04964	2.148e+02	-0.031	0.396	GO:0044089
125	35	19	0.0232	0.04719	4.405e+02	0.069	0.42	GO:0030800
126	23	12	0.02311	0.03669	1.988e+02	0.034	0.468	GO:0006270
127	43	24	0.02291	0.03275	6.461e+02	0.092	0.435	GO:0045980
128	123	57	0.02229	0.04119	5.972e+03	-0.012	0.44	GO:0071229
129	22	18	0.02224	0.02972	8.297e+01	0.243	0.605	GO:0006297
130	22	13	0.0222	0.0414	1.629e+02	0.054	0.481	GO:0060071
131	80	39	0.02089	0.036	2.456e+03	0.015	0.43	GO:0022617
132	79	39	0.0207	0.02939	2.376e+03	0.033	0.426	GO:0044243
133	69	39	0.02025	0.04998	1.633e+03	0.056	0.442	GO:0042102
134	41	25	0.02014	0.05498	5.364e+02	0.086	0.46	GO:0008542
135	32	14	0.01994	0.03675	4.295e+02	-0.062	0.451	GO:0090003
136	93	44	0.01932	0.05796	3.380e+03	0.016	0.419	GO:0006475
137	195	89	0.01802	0.03789	1.508e+04	-0.026	0.465	GO:0009143
138	33	18	0.01694	0.03802	3.906e+02	0.073	0.442	GO:0030809
139	56	27	0.0166	0.03208	1.219e+03	-0.03	0.487	GO:0007033
140	114	54	0.01652	0.02435	5.063e+03	-0.008	0.47	GO:0006184
141	36	21	0.01602	0.02657	4.355e+02	0.007	0.516	GO:0002053
142	31	19	0.01512	0.02959	3.067e+02	0.025	0.496	GO:0035094
143	93	53	0.01488	0.03613	2.933e+03	0.08	0.483	GO:0031098
144	84	40	0.01461	0.04384	2.749e+03	0.039	0.401	GO:0016573
145	46	25	0.01457	0.01906	7.559e+02	0.055	0.377	GO:0042531
146	22	9	0.01446	0.02447	2.148e+02	-0.115	0.361	GO:0006829
147	100	57	0.01437	0.01723	3.388e+03	0.028	0.494	GO:0042770
148	191	87	0.01432	0.0261	1.449e+04	-0.021	0.462	GO:0009146
149	60	35	0.0142	0.0398	1.199e+03	0.049	0.484	GO:0008306
150	133	73	0.0141	0.04229	6.185e+03	0.034	0.513	GO:0010466
151	26	13	0.01405	0.02773	2.608e+02	0.128	0.397	GO:0043113
152	21	12	0.01388	0.02565	1.539e+02	0.024	0.554	GO:0043299
153	47	21	0.01379	0.0233	9.054e+02	-0.078	0.468	GO:0048814
154	23	13	0.0134	0.01373	1.859e+02	0.18	0.365	GO:0050927
155	54	32	0.01324	0.0254	9.565e+02	0.075	0.459	GO:0045665
156	30	16	0.01323	0.02844	3.297e+02	0.063	0.437	GO:0030818
157	25	20	0.01296	0.01865	1.160e+02	0.209	0.524	GO:0010226
158	54	27	0.01249	0.02502	1.106e+03	0.026	0.473	GO:0001649
159	29	12	0.01239	0.03718	3.666e+02	-0.102	0.3	GO:0022029
160	22	13	0.01212	0.01564	1.629e+02	0.129	0.419	GO:2000401
161	21	10	0.01118	0.02424	1.779e+02	0.142	0.32	GO:1901099
162	23	13	0.01105	0.01455	1.859e+02	0.072	0.488	GO:0006071
163	39	22	0.01094	0.02219	5.274e+02	0.106	0.384	GO:0048806
164	21	8	0.01086	0.02801	2.048e+02	-0.02	0.317	GO:0046173
165	71	38	0.01084	0.03253	1.812e+03	0.016	0.505	GO:0032355
166	50	29	0.0108	0.01514	8.397e+02	0.049	0.546	GO:0048489
167	25	9	0.01068	0.02785	2.967e+02	-0.156	0.378	GO:0060998
168	77	43	0.01058	0.02464	2.053e+03	0.027	0.515	GO:0072091
169	131	67	0.01053	0.03158	6.341e+03	-0.01	0.491	GO:0045165
170	20	10	0.01045	0.01383	1.559e+02	-0.019	0.4	GO:0001782
171	24	14	0.01043	0.01929	1.959e+02	0.045	0.513	GO:0043500
172	27	15	0.01042	0.02551	2.588e+02	0.017	0.37	GO:0042517
173	104	49	0.01023	0.01454	4.232e+03	-0.021	0.477	GO:0043393
174	41	18	0.0102	0.02028	6.989e+02	-0.001	0.36	GO:0008593
175	29	16	0.01009	0.02019	2.997e+02	0.032	0.519	GO:0043491
176	74	35	0.00997	0.02399	2.146e+03	-0.027	0.447	GO:0050773
177	22	17	0.00961	0.01515	1.010e+02	0.183	0.591	GO:0032201
178	103	48	0.00954	0.02861	4.181e+03	-0.062	0.418	GO:0032320
179	86	48	0.0095	0.01979	2.559e+03	0.048	0.505	GO:0051351
180	25	14	0.00949	0.02317	2.208e+02	0.024	0.532	GO:0030212
181	34	15	0.00947	0.02057	4.814e+02	-0.001	0.394	GO:0045668
182	39	22	0.00945	0.01573	5.274e+02	0.071	0.454	GO:0007041
183	35	18	0.00945	0.01892	4.594e+02	0.025	0.468	GO:0034308
184	30	16	0.0094	0.02289	3.297e+02	0.069	0.395	GO:0071333
185	24	13	0.00936	0.01693	2.098e+02	0.17	0.365	GO:0050926
186	28	13	0.00934	0.01698	3.177e+02	-0.039	0.458	GO:0018146
187	80	41	0.0093	0.01368	2.374e+03	0.075	0.447	GO:0010594
188	31	18	0.00911	0.02467	3.257e+02	0.033	0.506	GO:0000387
189	67	39	0.00891	0.01194	1.496e+03	0.046	0.5	GO:0006977
190	35	15	0.00881	0.01694	5.193e+02	-0.044	0.443	GO:0048871
191	72	42	0.00831	0.01745	1.722e+03	0.054	0.529	GO:0051437
192	34	18	0.00786	0.01849	4.245e+02	0.047	0.435	GO:0030815
193	50	28	0.0078	0.01776	8.686e+02	0.076	0.406	GO:0008630
194	46	28	0.00771	0.02126	6.751e+02	0.079	0.476	GO:0007632
195	88	50	0.00765	0.01745	2.635e+03	0.03	0.478	GO:0015850
196	34	19	0.00755	0.01396	4.056e+02	0.07	0.517	GO:0018107
197	26	13	0.00751	0.01003	2.608e+02	0.048	0.475	GO:0070373
198	24	18	0.0074	0.0181	1.299e+02	0.162	0.528	GO:0010712
199	32	17	0.00736	0.0104	3.756e+02	-0.002	0.48	GO:0016486
200	26	17	0.00735	0.02206	1.989e+02	0.193	0.461	GO:0034504
201	23	12	0.00733	0.01513	1.988e+02	0.108	0.321	GO:0007176
202	91	51	0.00728	0.01285	2.853e+03	0.07	0.485	GO:0051403
203	24	16	0.007	0.01526	1.649e+02	0.172	0.424	GO:0032735
204	53	29	0.0068	0.02039	9.953e+02	0.052	0.382	GO:0042509
205	31	18	0.00671	0.01221	3.257e+02	0.109	0.42	GO:0048663
206	51	31	0.00662	0.01157	8.298e+02	0.1	0.461	GO:0001947
207	22	12	0.00655	0.01688	1.759e+02	0.094	0.405	GO:0035924
208	55	30	0.00647	0.01469	1.074e+03	0.047	0.472	GO:0032941
209	56	24	0.00636	0.01565	1.314e+03	-0.035	0.402	GO:0007269
210	109	60	0.00612	0.01835	4.152e+03	0.06	0.477	GO:0043409
211	49	25	0.00605	0.01656	8.995e+02	-0.025	0.497	GO:0043542
212	43	20	0.006	0.01262	7.398e+02	0.048	0.355	GO:0043966
213	21	12	0.00589	0.01086	1.539e+02	0.012	0.479	GO:0010165
214	89	52	0.00581	0.01577	2.621e+03	0.033	0.511	GO:0030330
215	64	30	0.0057	0.01709	1.618e+03	-0.012	0.405	GO:0006406
216	28	15	0.00568	0.0161	2.867e+02	0.007	0.436	GO:0035567
217	161	88	0.00543	0.01193	9.081e+03	0.001	0.532	GO:0046578
218	21	14	0.00538	0.00921	1.269e+02	0.146	0.37	GO:0071385
219	77	43	0.00534	0.01227	2.053e+03	0.06	0.49	GO:0002274
220	50	24	0.00533	0.01072	9.762e+02	-0.04	0.466	GO:0031032
221	35	20	0.00524	0.00879	4.205e+02	0.004	0.553	GO:0051058
222	97	56	0.00518	0.01447	3.149e+03	0.092	0.467	GO:0071901
223	22	14	0.00512	0.01318	1.489e+02	0.08	0.52	GO:0090103
224	91	48	0.00497	0.01464	3.002e+03	0.027	0.43	GO:0060537
225	22	15	0.00491	0.00959	1.339e+02	0.155	0.385	GO:0071384
226	47	26	0.00486	0.00981	7.768e+02	-0.0	0.497	GO:0001776
227	29	13	0.00477	0.01254	3.486e+02	-0.048	0.453	GO:0001578
228	30	14	0.00472	0.01365	3.626e+02	-0.068	0.448	GO:0050433
229	21	11	0.00468	0.00856	1.659e+02	0.1	0.376	GO:0050820
230	37	17	0.00464	0.01014	5.542e+02	0.026	0.398	GO:0071230
231	69	39	0.00459	0.00817	1.633e+03	0.049	0.467	GO:0050818
232	164	93	0.00458	0.01375	9.115e+03	0.025	0.499	GO:0030522
233	27	11	0.00447	0.01303	3.216e+02	-0.054	0.168	GO:0050663
234	27	17	0.00447	0.00884	2.258e+02	0.095	0.413	GO:0045923
235	45	27	0.00446	0.00845	6.571e+02	0.066	0.501	GO:0032655
236	21	9	0.00442	0.00909	1.908e+02	-0.014	0.449	GO:0046834
237	74	36	0.00442	0.00717	2.107e+03	-0.005	0.45	GO:0051053
238	67	43	0.0044	0.00966	1.331e+03	0.069	0.532	GO:1902106
239	25	10	0.00436	0.00812	2.797e+02	-0.158	0.354	GO:0016575
240	35	19	0.0043	0.00891	4.405e+02	-0.007	0.51	GO:0007566
241	66	40	0.00428	0.00972	1.389e+03	0.11	0.49	GO:0043407
242	42	24	0.00428	0.00727	6.032e+02	0.033	0.499	GO:0050994
243	28	14	0.00414	0.00946	3.017e+02	0.04	0.371	GO:0045739
244	33	17	0.00414	0.00643	4.085e+02	-0.027	0.538	GO:0019320
245	36	15	0.00411	0.01234	5.582e+02	-0.139	0.494	GO:0006584
246	42	18	0.00398	0.00805	7.438e+02	-0.049	0.455	GO:0034637
247	72	46	0.00398	0.00842	1.545e+03	0.153	0.447	GO:2000736
248	29	12	0.00396	0.00821	3.666e+02	-0.119	0.526	GO:2000179
249	30	20	0.00389	0.01168	2.558e+02	0.299	0.345	GO:0006370
250	25	12	0.00389	0.00975	2.488e+02	-0.058	0.537	GO:0090311
251	23	17	0.00388	0.00833	1.239e+02	0.218	0.531	GO:0001990
252	22	10	0.0038	0.01141	2.008e+02	-0.063	0.487	GO:0032728
253	38	18	0.00379	0.00708	5.722e+02	-0.047	0.522	GO:0046365
254	20	15	0.00372	0.00855	9.096e+01	0.222	0.522	GO:2000108
255	28	14	0.00369	0.00893	3.017e+02	-0.026	0.564	GO:0045055
256	44	24	0.00366	0.00652	6.900e+02	0.039	0.464	GO:0007034
257	37	20	0.00363	0.01088	4.934e+02	0.047	0.537	GO:0018210
258	32	12	0.0036	0.0108	4.703e+02	-0.121	0.3	GO:0021885
259	99	42	0.0036	0.00982	4.096e+03	-0.085	0.433	GO:0032319
260	20	12	0.00358	0.00977	1.329e+02	0.062	0.423	GO:0031122
261	44	31	0.00358	0.00778	4.945e+02	0.157	0.511	GO:0035872
262	36	18	0.00353	0.00995	4.954e+02	0.016	0.402	GO:0043473
263	22	11	0.00348	0.0075	1.878e+02	-0.023	0.429	GO:0030201
264	41	21	0.00346	0.00695	6.301e+02	0.045	0.426	GO:0001678
265	51	20	0.00344	0.00632	1.151e+03	-0.089	0.406	GO:0001508
266	40	28	0.00341	0.01024	4.146e+02	0.271	0.402	GO:0010717
267	129	62	0.00339	0.00737	6.413e+03	-0.004	0.438	GO:0065004
268	20	10	0.00337	0.00649	1.559e+02	0.03	0.404	GO:0016241
269	154	65	0.00333	0.01	9.888e+03	-0.063	0.407	GO:0042445
270	46	23	0.00331	0.00538	8.047e+02	-0.03	0.437	GO:0030010
271	121	58	0.0033	0.0099	5.656e+03	-0.017	0.509	GO:0000086
272	75	42	0.00328	0.00899	1.944e+03	0.054	0.476	GO:0031669
273	42	24	0.00325	0.00391	6.032e+02	0.01	0.497	GO:0015918
274	22	13	0.00319	0.00558	1.629e+02	0.144	0.429	GO:0051898
275	25	14	0.00317	0.00646	2.208e+02	0.064	0.518	GO:0019400
276	61	31	0.00315	0.00944	1.393e+03	-0.061	0.503	GO:0009408
277	31	20	0.0031	0.00927	2.868e+02	0.285	0.345	GO:0009452
278	30	16	0.0031	0.00791	3.297e+02	0.038	0.398	GO:0048864
279	85	38	0.0031	0.00929	2.931e+03	-0.054	0.496	GO:0006661
280	176	84	0.00308	0.00873	1.195e+04	-0.033	0.449	GO:0048511
281	22	16	0.00308	0.00557	1.179e+02	0.152	0.496	GO:0030511
282	35	18	0.00295	0.00592	4.594e+02	0.044	0.463	GO:2001239
283	22	11	0.00294	0.00875	1.878e+02	0.026	0.411	GO:0018200
284	20	9	0.00293	0.00851	1.679e+02	-0.046	0.474	GO:0051412
285	88	51	0.00292	0.00876	2.584e+03	0.123	0.428	GO:1903036
286	72	36	0.00284	0.00851	1.958e+03	-0.002	0.504	GO:0045807
287	24	14	0.00282	0.00573	1.959e+02	0.04	0.48	GO:0007492
288	27	17	0.00267	0.00802	2.258e+02	0.082	0.514	GO:0043516
289	103	53	0.0026	0.00779	3.913e+03	0.062	0.472	GO:0010632
290	23	13	0.00258	0.00598	1.859e+02	0.04	0.465	GO:0044062
291	59	25	0.00257	0.0077	1.468e+03	-0.082	0.34	GO:0009306
292	22	11	0.00256	0.00768	1.878e+02	0.091	0.378	GO:0006509
293	20	11	0.00253	0.00656	1.449e+02	0.038	0.502	GO:0097035
294	23	9	0.00253	0.00758	2.408e+02	-0.149	0.502	GO:1901661
295	66	32	0.00252	0.00507	1.682e+03	-0.041	0.476	GO:0006304
296	42	23	0.00252	0.00639	6.272e+02	0.1	0.438	GO:0043535
297	20	12	0.00251	0.00754	1.329e+02	0.101	0.426	GO:0031497
298	110	56	0.00249	0.00748	4.493e+03	-0.041	0.503	GO:0051384
299	41	25	0.00248	0.00684	5.364e+02	0.095	0.539	GO:0050764
300	27	13	0.00248	0.00592	2.887e+02	-0.066	0.455	GO:0032855
301	41	23	0.00247	0.00701	5.852e+02	0.009	0.48	GO:0048168
302	20	15	0.00246	0.00738	9.096e+01	0.141	0.568	GO:0010714
303	37	21	0.00245	0.00474	4.725e+02	0.064	0.448	GO:0030837
304	59	34	0.00244	0.00731	1.174e+03	0.032	0.489	GO:0051149
305	34	17	0.00238	0.00315	4.425e+02	-0.018	0.521	GO:0015914
306	72	35	0.00236	0.00709	1.996e+03	0.023	0.439	GO:0030574
307	48	26	0.00232	0.00615	8.247e+02	-0.015	0.51	GO:0006939
308	25	14	0.0023	0.00679	2.208e+02	0.081	0.467	GO:0006611
309	29	15	0.0023	0.00481	3.157e+02	0.012	0.4	GO:0000737
310	30	21	0.00227	0.00457	2.348e+02	0.167	0.45	GO:0046638
311	23	12	0.00224	0.00651	1.988e+02	0.023	0.466	GO:0045214
312	37	19	0.00222	0.00488	5.133e+02	0.01	0.488	GO:0006305
313	29	14	0.00222	0.00564	3.316e+02	-0.024	0.439	GO:0048747
314	63	27	0.0022	0.00645	1.660e+03	-0.024	0.408	GO:0022404
315	59	31	0.00218	0.00441	1.273e+03	0.011	0.482	GO:0032273
316	51	26	0.00214	0.00642	9.743e+02	-0.017	0.48	GO:0030888
317	27	14	0.00214	0.00471	2.737e+02	0.138	0.393	GO:0021983
318	64	32	0.00213	0.00506	1.550e+03	-0.002	0.499	GO:0031279
319	23	20	0.00212	0.00408	6.698e+01	0.432	0.39	GO:0042346
320	47	24	0.00208	0.00624	8.277e+02	0.077	0.394	GO:0010595
321	20	12	0.00206	0.00517	1.329e+02	0.149	0.306	GO:0030879
322	21	11	0.00204	0.00611	1.659e+02	0.03	0.435	GO:0015844
323	173	98	0.00202	0.00585	1.015e+04	0.076	0.436	GO:0050730
324	40	19	0.002	0.006	6.321e+02	-0.065	0.558	GO:0048639
325	32	19	0.00197	0.00433	3.387e+02	0.018	0.587	GO:0050931
326	28	14	0.00196	0.00455	3.017e+02	-0.112	0.462	GO:0046189
327	27	10	0.00195	0.00584	3.396e+02	-0.125	0.328	GO:0006775
328	67	38	0.00194	0.00472	1.535e+03	0.038	0.525	GO:0051436
329	42	20	0.0019	0.0047	6.949e+02	-0.025	0.49	GO:2001257
330	39	20	0.00185	0.00507	5.702e+02	-0.002	0.476	GO:0001756
331	28	14	0.00185	0.00403	3.017e+02	-0.062	0.468	GO:0043114
332	28	15	0.00184	0.00385	2.867e+02	0.088	0.456	GO:0061418
333	31	11	0.00182	0.00458	4.554e+02	-0.192	0.429	GO:0030901
334	43	26	0.00182	0.00404	5.953e+02	0.085	0.476	GO:0048839
335	24	13	0.00179	0.005	2.098e+02	0.054	0.435	GO:0007194
336	20	7	0.00178	0.00535	1.948e+02	-0.149	0.408	GO:0050685
337	20	10	0.00176	0.00529	1.559e+02	-0.024	0.421	GO:0008210
338	65	36	0.0017	0.00442	1.477e+03	0.082	0.425	GO:0006368
339	111	54	0.00169	0.00506	4.718e+03	-0.014	0.435	GO:0022904
340	86	44	0.00167	0.00425	2.744e+03	0.028	0.428	GO:0050714
341	32	17	0.00166	0.00313	3.756e+02	0.037	0.453	GO:0030101
342	47	26	0.00165	0.00496	7.768e+02	0.078	0.373	GO:0051146
343	26	14	0.00163	0.0038	2.468e+02	0.036	0.463	GO:0048013
344	30	15	0.00162	0.00486	3.456e+02	0.034	0.509	GO:0050766
345	37	24	0.00162	0.00485	4.036e+02	0.081	0.552	GO:0003151
346	130	72	0.0016	0.00352	5.865e+03	0.039	0.515	GO:0010951
347	22	9	0.00159	0.00468	2.148e+02	-0.065	0.372	GO:0033032
348	22	12	0.00154	0.00463	1.759e+02	0.038	0.461	GO:0014065
349	23	17	0.00153	0.00357	1.239e+02	0.086	0.675	GO:0000060
350	135	71	0.00152	0.00455	6.596e+03	0.01	0.523	GO:0031398
351	22	9	0.0015	0.00381	2.148e+02	-0.017	0.418	GO:0021915
352	40	35	0.0015	0.00449	1.909e+02	0.442	0.398	GO:0006901
353	58	35	0.00149	0.00255	1.080e+03	0.135	0.44	GO:0071260
354	53	27	0.00147	0.0044	1.052e+03	0.04	0.47	GO:0060359
355	40	20	0.00147	0.00408	6.101e+02	-0.031	0.467	GO:0001657
356	25	8	0.00146	0.00437	3.146e+02	-0.242	0.431	GO:0006378
357	22	8	0.00145	0.00395	2.298e+02	-0.067	0.37	GO:0006699
358	23	12	0.00144	0.00292	1.988e+02	0.161	0.381	GO:0034405
359	25	13	0.00143	0.00392	2.348e+02	0.084	0.342	GO:0051155
360	24	15	0.00142	0.00425	1.809e+02	0.149	0.395	GO:0030857
361	33	12	0.00141	0.00296	5.082e+02	-0.112	0.443	GO:0051963
362	76	43	0.00137	0.00412	1.976e+03	0.095	0.466	GO:0002573
363	25	19	0.00137	0.00412	1.359e+02	0.242	0.543	GO:0031952
364	23	16	0.00136	0.00352	1.409e+02	0.143	0.538	GO:0010574
365	26	19	0.00136	0.00409	1.619e+02	0.238	0.509	GO:0097028
366	154	86	0.00134	0.00374	8.157e+03	0.029	0.509	GO:0009896
367	23	15	0.00133	0.00283	1.569e+02	0.171	0.545	GO:0050974
368	26	13	0.00132	0.00296	2.608e+02	-0.014	0.375	GO:0050710
369	30	16	0.00132	0.00294	3.297e+02	0.036	0.465	GO:0051209
370	28	17	0.00132	0.00396	2.538e+02	0.038	0.562	GO:0060348
371	26	13	0.00131	0.00304	2.608e+02	0.003	0.412	GO:0000188
372	79	31	0.0013	0.00389	2.737e+03	-0.071	0.388	GO:0072329
373	70	30	0.00129	0.00304	2.045e+03	-0.123	0.469	GO:0018212
374	36	14	0.00129	0.00388	5.811e+02	-0.035	0.408	GO:0050909
375	20	11	0.00128	0.00257	1.449e+02	0.065	0.509	GO:0007029
376	26	16	0.00128	0.00292	2.158e+02	0.08	0.494	GO:0010559
377	77	39	0.00128	0.00385	2.218e+03	-0.044	0.514	GO:0030324
378	49	42	0.00128	0.00385	3.228e+02	0.454	0.363	GO:0042308
379	30	21	0.00128	0.00215	2.348e+02	0.167	0.453	GO:2000514
380	155	67	0.00128	0.00383	9.876e+03	-0.062	0.435	GO:0006643
381	28	20	0.00123	0.00264	1.969e+02	0.211	0.429	GO:0043370
382	38	17	0.00122	0.00249	5.941e+02	-0.062	0.481	GO:0030049
383	82	45	0.00122	0.0019	2.363e+03	0.035	0.515	GO:0051443
384	41	28	0.00122	0.00366	4.556e+02	0.156	0.44	GO:0046637
385	155	72	0.00121	0.0036	9.446e+03	-0.057	0.494	GO:0030203
386	26	13	0.00117	0.0035	2.608e+02	-0.001	0.584	GO:0032873
387	40	23	0.00116	0.00349	5.443e+02	0.05	0.511	GO:0060401
388	89	46	0.00116	0.00348	2.916e+03	-0.021	0.502	GO:0055088
389	21	11	0.00115	0.00344	1.659e+02	0.017	0.443	GO:0046320
390	83	61	0.00114	0.00343	1.593e+03	0.243	0.43	GO:0046824
391	23	11	0.00112	0.00337	2.118e+02	-0.068	0.561	GO:0032369
392	20	10	0.00112	0.00337	1.559e+02	-0.038	0.472	GO:0060349
393	61	33	0.00112	0.00232	1.328e+03	0.011	0.497	GO:0033273
394	20	11	0.00109	0.00326	1.449e+02	0.158	0.401	GO:0014743
395	35	20	0.00108	0.00217	4.205e+02	-0.019	0.597	GO:0022616
396	27	12	0.00108	0.00325	3.047e+02	-0.118	0.464	GO:0046676
397	22	12	0.00107	0.00217	1.759e+02	-0.009	0.507	GO:0030325
398	116	59	0.00106	0.00318	4.998e+03	-0.034	0.5	GO:0031960
399	33	17	0.00106	0.00317	4.085e+02	0.05	0.393	GO:0071326
400	52	24	0.00104	0.00311	1.083e+03	-0.032	0.438	GO:0006282
401	21	14	0.00103	0.00206	1.269e+02	0.104	0.553	GO:0045453
402	68	33	0.00103	0.00308	1.784e+03	-0.004	0.496	GO:0048771
403	32	16	0.00103	0.00308	3.926e+02	0.033	0.395	GO:0071331
404	73	34	0.00102	0.00307	2.110e+03	-0.002	0.424	GO:0050728
405	26	19	0.00102	0.00306	1.619e+02	0.155	0.592	GO:0000722
406	23	12	0.00102	0.00207	1.988e+02	0.096	0.362	GO:0010771
407	21	8	0.00102	0.00293	2.048e+02	-0.102	0.481	GO:0071312
408	121	51	0.001	0.00301	6.127e+03	-0.072	0.413	GO:0006665
409	48	22	0.00099	0.00298	9.283e+02	-0.023	0.474	GO:0048525
410	49	23	0.00098	0.00295	9.523e+02	-0.057	0.481	GO:0000724
411	28	12	0.00097	0.00195	3.346e+02	-0.025	0.467	GO:0051702
412	73	57	0.00096	0.00289	1.048e+03	0.358	0.363	GO:0042990
413	26	16	0.00096	0.00219	2.158e+02	0.179	0.311	GO:0061098
414	26	17	0.00096	0.00287	1.989e+02	0.294	0.331	GO:0032732
415	53	25	0.00095	0.00286	1.109e+03	-0.006	0.497	GO:0048863
416	58	30	0.00092	0.00183	1.245e+03	-0.036	0.478	GO:0002821
417	30	15	0.00092	0.00275	3.456e+02	-0.032	0.524	GO:0046632
418	21	13	0.00091	0.00161	1.409e+02	0.077	0.465	GO:0035813
419	23	12	0.00091	0.00272	1.988e+02	-0.045	0.57	GO:0044773
420	72	35	0.00089	0.00268	1.996e+03	-0.002	0.502	GO:0032069
421	46	24	0.00089	0.00266	7.808e+02	-0.009	0.462	GO:0006369
422	35	18	0.00088	0.0024	4.594e+02	0.021	0.458	GO:0007205
423	52	25	0.00087	0.0014	1.054e+03	0.037	0.479	GO:2001237
424	59	36	0.00087	0.0026	1.103e+03	0.078	0.462	GO:0046634
425	20	12	0.00086	0.00257	1.329e+02	0.057	0.487	GO:0048857
426	20	9	0.00085	0.00254	1.679e+02	-0.115	0.437	GO:0006949
427	77	40	0.00083	0.00248	2.178e+03	0.002	0.497	GO:0051099
428	20	10	0.00082	0.00246	1.559e+02	0.019	0.43	GO:0051954
429	33	16	0.00081	0.00178	4.265e+02	0.015	0.433	GO:0032648
430	66	39	0.00081	0.00244	1.429e+03	0.061	0.488	GO:0042060
431	22	11	0.00081	0.00244	1.878e+02	-0.055	0.609	GO:0061337
432	39	22	0.00081	0.00242	5.274e+02	0.045	0.5	GO:0060402
433	32	14	0.0008	0.00241	4.295e+02	-0.058	0.557	GO:0042461
434	20	12	0.0008	0.00239	1.329e+02	0.048	0.523	GO:0001953
435	22	9	0.0008	0.00236	2.148e+02	-0.034	0.404	GO:0016338
436	56	28	0.00078	0.00235	1.189e+03	-0.018	0.5	GO:0009880
437	27	15	0.00078	0.00156	2.588e+02	-0.021	0.512	GO:0031111
438	68	28	0.00077	0.00194	1.978e+03	-0.147	0.483	GO:0018108
439	31	11	0.00077	0.0023	4.554e+02	-0.091	0.316	GO:0072529
440	42	22	0.00076	0.00229	6.501e+02	0.046	0.357	GO:0035051
441	36	19	0.00076	0.00224	4.764e+02	0.044	0.529	GO:0010883
442	95	49	0.00076	0.00206	3.326e+03	-0.035	0.49	GO:0048167
443	29	18	0.00075	0.00226	2.648e+02	0.147	0.417	GO:0030835
444	35	16	0.00075	0.00226	4.983e+02	-0.053	0.507	GO:0043266
445	185	130	0.00075	0.00224	8.657e+03	0.24	0.402	GO:0033157
446	42	20	0.00074	0.00193	6.949e+02	-0.04	0.486	GO:0006029
447	26	13	0.00072	0.00216	2.608e+02	0.006	0.345	GO:2000243
448	65	35	0.00072	0.00145	1.513e+03	0.04	0.481	GO:0007589
449	33	17	0.00072	0.00216	4.085e+02	0.034	0.427	GO:0032760
450	68	39	0.00071	0.00214	1.564e+03	0.035	0.492	GO:0030518
451	20	9	0.0007	0.00211	1.679e+02	-0.019	0.446	GO:0045648
452	37	18	0.0007	0.00157	5.333e+02	-0.051	0.422	GO:0001912
453	34	14	0.0007	0.0017	5.023e+02	-0.1	0.451	GO:0009262
454	21	11	0.0007	0.00209	1.659e+02	0.031	0.441	GO:2000351
455	43	21	0.00069	0.00208	7.159e+02	-0.038	0.528	GO:0030516
456	22	9	0.00068	0.00191	2.148e+02	-0.118	0.446	GO:0008207
457	42	24	0.00068	0.0015	6.032e+02	0.011	0.531	GO:0002718
458	63	34	0.00068	0.00204	1.419e+03	0.01	0.504	GO:0045638
459	23	11	0.00068	0.00203	2.118e+02	-0.004	0.437	GO:0043278
460	52	26	0.00067	0.00202	1.026e+03	-0.043	0.489	GO:0046888
461	26	14	0.00067	0.00202	2.468e+02	-0.016	0.552	GO:0061178
462	32	13	0.00067	0.00202	4.494e+02	-0.047	0.528	GO:0070830
463	27	16	0.00066	0.00198	2.428e+02	0.091	0.552	GO:0001960
464	88	45	0.00066	0.00172	2.874e+03	-0.059	0.485	GO:0000079
465	20	10	0.00066	0.00137	1.559e+02	-0.039	0.554	GO:0045773
466	23	14	0.00065	0.00196	1.719e+02	0.099	0.453	GO:0045661
467	102	44	0.00065	0.00194	4.303e+03	-0.086	0.49	GO:0007606
468	51	31	0.00064	0.00192	8.298e+02	0.093	0.481	GO:0071383
469	25	15	0.00063	0.00105	2.058e+02	0.142	0.422	GO:0051693
470	44	29	0.00062	0.00187	5.554e+02	0.113	0.487	GO:0046635
471	47	27	0.00062	0.00186	7.499e+02	0.044	0.479	GO:0019229
472	34	24	0.00061	0.00123	2.958e+02	0.161	0.488	GO:0045840
473	24	14	0.00061	0.00184	1.959e+02	0.106	0.399	GO:0014031
474	32	17	0.00061	0.00184	3.756e+02	0.046	0.459	GO:0045599
475	29	17	0.00061	0.00184	2.827e+02	0.096	0.432	GO:0048742
476	37	18	0.00061	0.00182	5.333e+02	0.015	0.451	GO:0032091
477	68	31	0.0006	0.0013	1.858e+03	-0.067	0.419	GO:0032321
478	25	12	0.00059	0.00178	2.488e+02	-0.082	0.535	GO:0042181
479	36	16	0.00059	0.00178	5.363e+02	-0.133	0.566	GO:0045333
480	21	11	0.00059	0.00176	1.659e+02	0.114	0.374	GO:0002675
481	35	22	0.00058	0.00175	3.776e+02	0.067	0.545	GO:0002762
482	34	16	0.00058	0.00174	4.614e+02	-0.046	0.439	GO:0010812
483	46	26	0.00057	0.00172	7.300e+02	0.039	0.435	GO:0009187
484	26	13	0.00056	0.00113	2.608e+02	0.057	0.349	GO:0009954
485	82	32	0.00056	0.00169	2.956e+03	-0.133	0.468	GO:0016101
486	23	17	0.00056	0.00168	1.239e+02	0.143	0.54	GO:0032965
487	46	21	0.00055	0.00166	8.555e+02	-0.018	0.425	GO:0060041
488	28	12	0.00055	0.0012	3.346e+02	-0.067	0.452	GO:2000242
489	37	17	0.00055	0.00115	5.542e+02	-0.017	0.519	GO:0045071
490	22	15	0.00054	0.00087	1.339e+02	0.195	0.465	GO:0010718
491	32	12	0.00054	0.00162	4.703e+02	-0.125	0.462	GO:0071277
492	20	7	0.00054	0.00161	1.948e+02	-0.08	0.359	GO:0043921
493	31	14	0.00053	0.00111	3.955e+02	-0.079	0.471	GO:0019692
494	104	54	0.00053	0.00158	3.962e+03	0.004	0.469	GO:0070665
495	58	36	0.00052	0.00121	1.044e+03	0.05	0.565	GO:0006521
496	22	13	0.00052	0.00156	1.629e+02	0.111	0.493	GO:0006906
497	28	12	0.00052	0.00156	3.346e+02	-0.081	0.391	GO:0016925
498	36	18	0.00052	0.00155	4.954e+02	0.034	0.479	GO:0032480
499	32	20	0.00051	0.00154	3.187e+02	0.039	0.581	GO:0006312
500	29	12	0.00051	0.00154	3.666e+02	-0.105	0.438	GO:0009394
501	22	10	0.00049	0.00148	2.008e+02	-0.092	0.511	GO:0051926
502	23	9	0.00049	0.00148	2.408e+02	-0.103	0.43	GO:2000191
503	67	27	0.00049	0.00146	1.945e+03	-0.119	0.44	GO:0006879
504	34	17	0.00048	0.00144	4.425e+02	0.073	0.447	GO:0009755
505	61	29	0.00048	0.00144	1.458e+03	-0.057	0.494	GO:0010631
506	24	13	0.00048	0.00144	2.098e+02	-0.039	0.688	GO:1901989
507	93	46	0.00048	0.00143	3.282e+03	-0.042	0.508	GO:0007218
508	33	20	0.00047	0.0014	3.517e+02	0.145	0.504	GO:0060393
509	33	18	0.00046	0.0011	3.906e+02	-0.005	0.392	GO:0042516
510	29	13	0.00045	0.00095	3.486e+02	0.023	0.413	GO:0050853
511	23	11	0.00045	0.00134	2.118e+02	0.022	0.414	GO:0006336
512	37	19	0.00045	0.00134	5.133e+02	-0.023	0.488	GO:1901888
513	112	52	0.00044	0.00133	4.951e+03	-0.033	0.47	GO:0007417
514	181	114	0.00044	0.00133	9.870e+03	0.13	0.476	GO:0044344
515	23	10	0.00044	0.00133	2.258e+02	-0.085	0.525	GO:0071695
516	26	13	0.00044	0.00133	2.608e+02	-0.016	0.514	GO:0090218
517	28	13	0.00044	0.00132	3.177e+02	-0.175	0.599	GO:0002312
518	23	12	0.00044	0.00132	1.988e+02	0.074	0.363	GO:0010677
519	27	11	0.00044	0.00132	3.216e+02	-0.152	0.452	GO:0032410
520	20	7	0.00043	0.00087	1.948e+02	-0.24	0.497	GO:0045940
521	90	46	0.00043	0.00128	3.006e+03	0.048	0.487	GO:2001234
522	59	21	0.00042	0.00127	1.617e+03	-0.116	0.358	GO:0006687
523	20	13	0.00042	0.00127	1.199e+02	0.126	0.465	GO:0090342
524	37	18	0.00042	0.00127	5.333e+02	-0.086	0.493	GO:1901264
525	20	8	0.00042	0.00126	1.808e+02	-0.046	0.443	GO:0006595
526	25	13	0.00042	0.00126	2.348e+02	-0.025	0.487	GO:0048169
527	20	10	0.0004	0.0012	1.559e+02	-0.054	0.548	GO:0000413
528	41	15	0.00039	0.00118	7.766e+02	-0.117	0.327	GO:0051492
529	68	52	0.00039	0.00092	9.678e+02	0.277	0.439	GO:0042307
530	148	85	0.00039	0.00116	7.340e+03	0.102	0.425	GO:0048015
531	95	50	0.00038	0.00115	3.276e+03	-0.035	0.486	GO:0002822
532	33	16	0.00038	0.00115	4.265e+02	-0.036	0.508	GO:0048387
533	45	25	0.00038	0.00113	7.100e+02	0.0	0.554	GO:0001837
534	42	21	0.00038	0.00113	6.720e+02	-0.025	0.482	GO:0010332
535	26	17	0.00037	0.00112	1.989e+02	0.153	0.543	GO:0010862
536	21	10	0.00037	0.00112	1.779e+02	-0.079	0.561	GO:0032925
537	45	18	0.00037	0.0011	8.883e+02	-0.071	0.409	GO:0006635
538	24	14	0.00036	0.00077	1.959e+02	0.141	0.408	GO:0060343
539	23	13	0.00036	0.00108	1.859e+02	0.047	0.632	GO:0000083
540	48	21	0.00036	0.00108	9.562e+02	-0.115	0.583	GO:0071621
541	24	13	0.00036	0.00107	2.098e+02	0.037	0.417	GO:0071514
542	21	11	0.00035	0.00106	1.659e+02	-0.009	0.552	GO:0035710
543	69	39	0.00034	0.00069	1.633e+03	0.051	0.505	GO:0060606
544	22	11	0.00034	0.00101	1.878e+02	0.007	0.435	GO:0034105
545	33	14	0.00033	0.001	4.654e+02	-0.036	0.443	GO:0016358
546	45	26	0.00033	0.00098	6.841e+02	0.059	0.474	GO:0022600
547	22	10	0.00032	0.00097	2.008e+02	-0.122	0.542	GO:0035336
548	40	21	0.00032	0.00096	5.892e+02	-0.004	0.497	GO:0050819
549	43	23	0.00032	0.00095	6.701e+02	0.01	0.519	GO:0002244
550	116	54	0.00032	0.00095	5.300e+03	-0.002	0.423	GO:0006334
551	38	15	0.00032	0.00095	6.410e+02	-0.252	0.571	GO:0050911
552	25	13	0.00031	0.00094	2.348e+02	0.09	0.504	GO:0001937
553	28	14	0.00031	0.00094	3.017e+02	-0.052	0.51	GO:0043551
554	27	10	0.00031	0.00094	3.396e+02	-0.179	0.496	GO:1901685
555	41	20	0.00031	0.00092	6.520e+02	-0.006	0.463	GO:0051588
556	45	21	0.0003	0.00091	8.077e+02	-0.015	0.433	GO:0006120
557	23	12	0.0003	0.00091	1.988e+02	-0.092	0.567	GO:0048713
558	119	57	0.0003	0.0009	5.474e+03	0.007	0.445	GO:0050792
559	21	11	0.00029	0.00088	1.659e+02	0.005	0.472	GO:0031114
560	151	77	0.00029	0.00086	8.432e+03	-0.026	0.503	GO:0000082
561	30	15	0.00029	0.00086	3.456e+02	0.011	0.452	GO:0003156
562	45	21	0.00029	0.00086	8.077e+02	-0.024	0.468	GO:0070252
563	26	19	0.00028	0.00085	1.619e+02	0.122	0.597	GO:0014910
564	29	14	0.00028	0.00084	3.316e+02	0.062	0.365	GO:0043486
565	32	17	0.00028	0.00084	3.756e+02	-0.033	0.575	GO:0051353
566	26	12	0.00028	0.00083	2.757e+02	-0.127	0.579	GO:1902692
567	96	75	0.00027	0.0008	1.804e+03	0.226	0.52	GO:0017015
568	25	12	0.00027	0.0008	2.488e+02	-0.054	0.463	GO:0042481
569	45	23	0.00026	0.00079	7.588e+02	0.028	0.481	GO:0007416
570	23	11	0.00026	0.00078	2.118e+02	-0.12	0.563	GO:0045930
571	103	46	0.00026	0.00077	4.296e+03	-0.063	0.494	GO:0006414
572	42	26	0.00026	0.00077	5.524e+02	0.096	0.505	GO:0033762
573	26	9	0.00026	0.00077	3.266e+02	-0.212	0.428	GO:0043631
574	27	17	0.00026	0.00077	2.258e+02	0.1	0.483	GO:1903018
575	38	21	0.00025	0.00076	5.104e+02	-0.014	0.57	GO:0043392
576	45	26	0.00025	0.00076	6.841e+02	0.071	0.444	GO:0048146
577	40	23	0.00024	0.00073	5.443e+02	-0.017	0.508	GO:0007259
578	103	53	0.00024	0.00072	3.913e+03	-0.04	0.479	GO:0002819
579	46	26	0.00024	0.00072	7.300e+02	0.021	0.498	GO:0032272
580	20	10	0.00024	0.00071	1.559e+02	0.037	0.383	GO:0045736
581	36	16	0.00024	0.00071	5.363e+02	-0.095	0.502	GO:0048538
582	67	41	0.00023	0.0007	1.415e+03	0.09	0.469	GO:0045621
583	20	10	0.00023	0.0007	1.559e+02	0.067	0.352	GO:0046640
584	41	19	0.00023	0.0007	6.750e+02	0.018	0.357	GO:0070542
585	34	22	0.00023	0.0007	3.427e+02	0.131	0.533	GO:2001021
586	32	13	0.00023	0.00068	4.494e+02	-0.071	0.588	GO:0048521
587	60	31	0.00022	0.00067	1.332e+03	-0.015	0.502	GO:2001235
588	22	11	0.00022	0.00066	1.878e+02	-0.077	0.53	GO:0051181
589	67	37	0.00022	0.0006	1.573e+03	0.059	0.497	GO:0072657
590	20	11	0.00022	0.00066	1.449e+02	0.056	0.513	GO:0072676
591	31	19	0.00022	0.00065	3.067e+02	0.147	0.504	GO:0060761
592	34	15	0.00021	0.00064	4.814e+02	-0.059	0.564	GO:0045841
593	22	8	0.00021	0.00062	2.298e+02	-0.091	0.332	GO:0015985
594	21	7	0.0002	0.00061	2.198e+02	-0.128	0.414	GO:0009084
595	33	13	0.0002	0.0006	4.863e+02	-0.112	0.44	GO:0090199
596	20	12	0.00019	0.00058	1.329e+02	0.144	0.354	GO:0007220
597	38	16	0.00019	0.00056	6.171e+02	-0.101	0.537	GO:0031577
598	23	11	0.00019	0.00056	2.118e+02	-0.008	0.573	GO:0032504
599	20	9	0.00019	0.00056	1.679e+02	-0.086	0.508	GO:0060045
600	68	35	0.00018	0.00055	1.713e+03	-0.051	0.509	GO:0002700
601	69	32	0.00018	0.00055	1.892e+03	-0.011	0.388	GO:0010906
602	23	14	0.00018	0.00054	1.719e+02	0.085	0.467	GO:0007530
603	21	8	0.00018	0.00054	2.048e+02	-0.088	0.606	GO:0034502
604	100	45	0.00018	0.00054	4.031e+03	-0.018	0.472	GO:0045667
605	24	14	0.00018	0.00053	1.959e+02	0.038	0.434	GO:0009190
606	33	28	0.00017	0.00052	1.559e+02	0.485	0.325	GO:0042992
607	24	9	0.00017	0.00044	2.677e+02	-0.115	0.304	GO:0006111
608	28	15	0.00017	0.0005	2.867e+02	0.024	0.455	GO:0051145
609	21	12	0.00016	0.00049	1.539e+02	0.179	0.357	GO:0060412
610	38	21	0.00016	0.00048	5.104e+02	0.069	0.5	GO:0007595
611	32	10	0.00016	0.00048	5.152e+02	-0.202	0.552	GO:0032414
612	20	11	0.00015	0.00046	1.449e+02	0.029	0.547	GO:0032757
613	30	15	0.00015	0.00046	3.456e+02	0.058	0.367	GO:0050873
614	20	6	0.00015	0.00046	2.098e+02	-0.261	0.708	GO:0051881
615	36	19	0.00015	0.00044	4.764e+02	0.029	0.466	GO:0021766
616	21	12	0.00015	0.00044	1.539e+02	0.039	0.513	GO:0048665
617	36	18	0.00014	0.00042	4.954e+02	-0.04	0.52	GO:0030195
618	27	13	0.00014	0.00042	2.887e+02	0.025	0.402	GO:0045912
619	44	26	0.00013	0.00028	6.392e+02	0.031	0.494	GO:0048844
620	64	32	0.00013	0.00038	1.550e+03	0.002	0.516	GO:0006987
621	20	12	0.00013	0.00038	1.329e+02	0.078	0.521	GO:0045577
622	27	15	0.00012	0.00035	2.588e+02	0.055	0.514	GO:0010743
623	31	15	0.00012	0.00035	3.776e+02	-0.047	0.622	GO:0030279
624	41	25	0.00012	0.00035	5.364e+02	0.059	0.529	GO:0048661
625	32	18	0.00011	0.00034	3.576e+02	0.031	0.504	GO:0006801
626	29	13	0.00011	0.00034	3.486e+02	-0.039	0.471	GO:0048278
627	20	13	0.0001	0.00031	1.199e+02	0.076	0.479	GO:0002825
628	24	11	0.0001	0.00031	2.368e+02	-0.062	0.465	GO:0042474
629	21	14	0.0001	0.00029	1.269e+02	0.067	0.481	GO:0045987
630	26	11	0.0001	0.00029	2.917e+02	-0.013	0.44	GO:0051851
631	85	48	0.0001	0.00029	2.474e+03	-0.009	0.535	GO:0070507
632	60	26	9e-05	0.00028	1.497e+03	-0.096	0.5	GO:0001708
633	88	43	9e-05	0.00028	2.964e+03	-0.058	0.551	GO:0042384
634	102	45	9e-05	0.00026	4.245e+03	-0.037	0.431	GO:0007517
635	22	12	8e-05	0.00025	1.759e+02	-0.039	0.582	GO:0045686
636	21	11	8e-05	0.00023	1.659e+02	0.022	0.392	GO:0033081
637	40	22	8e-05	0.00023	5.673e+02	0.02	0.481	GO:0055117
638	28	12	7e-05	0.00022	3.346e+02	-0.119	0.588	GO:0035637
639	27	11	7e-05	0.0002	3.216e+02	-0.176	0.467	GO:0021549
640	32	21	7e-05	0.0002	2.978e+02	0.156	0.504	GO:0032722
641	21	7	6e-05	0.00019	2.198e+02	-0.129	0.319	GO:0042573
642	51	25	6e-05	0.00019	1.001e+03	-0.034	0.473	GO:0048641
643	21	8	6e-05	0.00019	2.048e+02	-0.143	0.445	GO:0072009
644	59	29	6e-05	0.00019	1.334e+03	-0.006	0.463	GO:0097285
645	34	18	6e-05	0.00018	4.245e+02	-0.079	0.618	GO:0002562
646	23	8	6e-05	0.00018	2.567e+02	-0.139	0.475	GO:0009148
647	37	19	6e-05	0.00017	5.133e+02	-0.05	0.534	GO:0001656
648	62	33	6e-05	0.00017	1.390e+03	-0.023	0.515	GO:0003014
649	27	16	6e-05	0.00017	2.428e+02	0.094	0.487	GO:0008333
650	20	9	6e-05	0.00017	1.679e+02	-0.107	0.534	GO:0042744
651	39	18	5e-05	0.00016	6.131e+02	-0.072	0.537	GO:0031623
652	49	29	5e-05	0.00016	7.899e+02	0.073	0.489	GO:0061035
653	28	14	4e-05	0.00013	3.017e+02	0.004	0.493	GO:0043470
654	40	18	4e-05	0.00012	6.550e+02	-0.104	0.515	GO:0016126
655	29	15	4e-05	0.00012	3.157e+02	-0.001	0.491	GO:0051893
656	67	34	4e-05	0.00011	1.680e+03	-0.003	0.498	GO:0051339
657	30	16	3e-05	0.0001	3.297e+02	0.053	0.406	GO:0003382
658	33	20	3e-05	0.0001	3.517e+02	0.12	0.454	GO:0007257
659	57	27	3e-05	8e-05	1.277e+03	0.014	0.455	GO:0002793
660	71	35	3e-05	8e-05	1.923e+03	0.012	0.424	GO:0006405
661	120	56	3e-05	8e-05	5.661e+03	-0.035	0.488	GO:0016125
662	100	53	3e-05	8e-05	3.608e+03	0.018	0.465	GO:0050671
663	30	14	2e-05	5e-05	3.626e+02	-0.04	0.429	GO:0008038
664	80	32	2e-05	5e-05	2.776e+03	-0.082	0.456	GO:0009158
665	71	41	2e-05	5e-05	1.692e+03	0.059	0.499	GO:0043506
666	36	16	1e-05	4e-05	5.363e+02	-0.03	0.42	GO:0022406
667	45	23	1e-05	4e-05	7.588e+02	-0.005	0.474	GO:0048592
668	74	39	1e-05	4e-05	1.991e+03	0.006	0.459	GO:0051153
669	24	10	1e-05	2e-05	2.517e+02	-0.205	0.538	GO:0000289
670	26	15	1e-05	2e-05	2.318e+02	0.039	0.458	GO:0033144
671	30	14	1e-05	2e-05	3.626e+02	0.016	0.434	GO:0045168
