Order	#(Annotations)	#(Annotations of perturbed genes)	Mean Posterior Probability	Standard Deviation Posterior Probability	p-value	Average Expression Level	Average position perturbed genes	Term Name
1	96	76	1.0	0.0	1.728e+03	0.349	0.402	GO:0032526
2	92	52	0.9122	0.26341	2.893e+03	0.07	0.467	GO:0006518
3	49	31	0.87442	0.24797	7.291e+02	0.164	0.384	GO:0061035
4	169	137	0.85759	0.29834	4.901e+03	0.343	0.404	GO:1901988
5	47	34	0.78147	0.27415	5.335e+02	0.137	0.524	GO:0061097
6	187	95	0.75467	0.40045	1.294e+04	0.034	0.429	GO:1902105
7	126	88	0.6608	0.42959	4.075e+03	0.213	0.453	GO:0046390
8	42	33	0.65778	0.3883	3.428e+02	0.224	0.515	GO:0001755
9	121	67	0.6572	0.44811	5.085e+03	0.074	0.458	GO:0010721
10	97	72	0.61512	0.4732	2.122e+03	0.205	0.508	GO:0009108
11	119	62	0.61206	0.46463	5.168e+03	0.04	0.449	GO:0050954
12	112	55	0.61164	0.37577	4.773e+03	0.001	0.413	GO:0051495
13	38	21	0.61024	0.45403	5.104e+02	0.149	0.337	GO:0048385
14	89	45	0.58974	0.37573	2.962e+03	0.015	0.473	GO:0050707
15	97	48	0.58383	0.3733	3.567e+03	0.028	0.432	GO:0031123
16	55	45	0.49197	0.43487	5.056e+02	0.326	0.455	GO:0032941
17	139	65	0.48516	0.31048	7.574e+03	-0.055	0.437	GO:1901617
18	65	53	0.47056	0.46015	7.143e+02	0.299	0.477	GO:0007589
19	62	35	0.46929	0.31545	1.322e+03	0.125	0.379	GO:0030500
20	43	20	0.4388	0.34916	7.398e+02	0.047	0.312	GO:0042157
21	49	26	0.4374	0.39314	8.736e+02	0.037	0.414	GO:0006626
22	83	42	0.41556	0.3723	2.577e+03	0.03	0.423	GO:0031124
23	33	17	0.37478	0.46404	4.085e+02	0.112	0.311	GO:0048387
24	24	14	0.37464	0.23594	1.959e+02	0.146	0.348	GO:0055090
25	50	30	0.34584	0.22495	8.098e+02	0.087	0.45	GO:0031032
26	49	27	0.32332	0.34383	8.467e+02	0.003	0.498	GO:0006835
27	28	16	0.32151	0.17135	2.708e+02	0.115	0.36	GO:0016574
28	51	26	0.27392	0.28809	9.743e+02	0.012	0.414	GO:0072655
29	119	57	0.26272	0.36267	5.474e+03	-0.009	0.407	GO:0050851
30	73	38	0.25306	0.31781	1.956e+03	0.078	0.403	GO:0034162
31	104	55	0.24585	0.33409	3.908e+03	-0.01	0.483	GO:0016049
32	65	38	0.24422	0.16695	1.402e+03	0.089	0.476	GO:0009798
33	94	54	0.2428	0.39921	2.973e+03	0.097	0.435	GO:0050768
34	41	22	0.2407	0.30244	6.082e+02	0.009	0.437	GO:0051588
35	116	61	0.24002	0.33386	4.878e+03	0.043	0.454	GO:0007605
36	33	17	0.23871	0.33214	4.085e+02	0.093	0.384	GO:0032233
37	87	50	0.22012	0.39446	2.547e+03	0.082	0.442	GO:0045580
38	50	29	0.2195	0.25751	8.398e+02	0.019	0.457	GO:0006885
39	76	58	0.2082	0.39653	1.214e+03	0.297	0.407	GO:0009156
40	126	83	0.2	0.4	4.502e+03	0.137	0.508	GO:0051188
41	44	23	0.19369	0.18501	7.140e+02	0.066	0.389	GO:0000018
42	185	106	0.18488	0.3713	1.147e+04	0.034	0.52	GO:0006732
43	34	14	0.17891	0.15124	5.023e+02	-0.033	0.333	GO:0051865
44	69	39	0.17705	0.2192	1.633e+03	0.023	0.483	GO:0019217
45	42	20	0.16675	0.22468	6.950e+02	0.044	0.38	GO:0015918
46	21	16	0.16166	0.21055	9.596e+01	0.236	0.471	GO:0051354
47	56	31	0.14488	0.20795	1.099e+03	0.078	0.41	GO:0050871
48	52	33	0.14159	0.19496	8.169e+02	0.125	0.462	GO:0060688
49	26	21	0.1341	0.16107	1.209e+02	0.243	0.544	GO:0061098
50	56	27	0.13374	0.13912	1.219e+03	-0.023	0.436	GO:0007033
51	115	59	0.13167	0.23951	4.883e+03	-0.007	0.499	GO:0034599
52	80	59	0.13009	0.26452	1.469e+03	0.266	0.407	GO:0009124
53	20	13	0.1281	0.18078	1.199e+02	0.161	0.379	GO:0051954
54	165	133	0.12522	0.301	4.774e+03	0.338	0.404	GO:1901991
55	165	87	0.12204	0.18614	9.817e+03	0.039	0.453	GO:0007611
56	68	37	0.11731	0.24825	1.640e+03	0.121	0.376	GO:0070167
57	66	39	0.11222	0.12133	1.429e+03	0.03	0.465	GO:0055067
58	43	23	0.10893	0.0884	6.701e+02	-0.001	0.443	GO:0007270
59	85	42	0.10599	0.2984	2.746e+03	-0.002	0.481	GO:0031345
60	62	37	0.10509	0.2431	1.249e+03	0.103	0.454	GO:0009953
61	61	36	0.1	0.3	1.224e+03	0.121	0.405	GO:0014013
62	38	18	0.09967	0.09767	5.722e+02	0.008	0.4	GO:0009311
63	75	45	0.09795	0.20007	1.812e+03	0.084	0.498	GO:0018958
64	29	15	0.09296	0.16992	3.157e+02	0.081	0.386	GO:0051496
65	109	53	0.09213	0.16697	4.552e+03	0.018	0.438	GO:0006720
66	51	31	0.09092	0.24763	8.298e+02	0.05	0.481	GO:0051952
67	36	25	0.09012	0.15324	3.417e+02	0.209	0.503	GO:0046131
68	32	20	0.0836	0.14409	3.187e+02	0.173	0.423	GO:0045599
69	21	15	0.0793	0.07251	1.119e+02	0.199	0.378	GO:0030239
70	154	80	0.07763	0.2329	8.653e+03	0.029	0.483	GO:0043603
71	42	25	0.0711	0.10564	5.783e+02	0.116	0.443	GO:0007249
72	60	28	0.06983	0.14179	1.428e+03	0.003	0.44	GO:0042440
73	79	38	0.0652	0.19561	2.417e+03	-0.031	0.514	GO:0032675
74	46	25	0.06476	0.08261	7.559e+02	0.034	0.464	GO:0006940
75	31	21	0.06118	0.12253	2.658e+02	0.172	0.483	GO:0030318
76	36	22	0.06068	0.16493	4.136e+02	0.076	0.427	GO:0055081
77	23	13	0.06017	0.1522	1.859e+02	0.141	0.347	GO:0061515
78	37	17	0.05813	0.10787	5.542e+02	-0.046	0.469	GO:0032755
79	45	28	0.05606	0.13231	6.292e+02	0.041	0.532	GO:0072089
80	25	15	0.05238	0.08585	2.058e+02	0.164	0.312	GO:0090311
81	75	39	0.05181	0.09168	2.066e+03	0.033	0.474	GO:0031669
82	31	18	0.04948	0.07386	3.257e+02	0.125	0.385	GO:0060325
83	56	33	0.04938	0.06975	1.034e+03	0.084	0.532	GO:0009880
84	30	16	0.04915	0.07752	3.297e+02	0.015	0.404	GO:0007040
85	35	21	0.04887	0.06706	3.996e+02	0.081	0.518	GO:0043044
86	57	29	0.04867	0.09575	1.217e+03	0.084	0.447	GO:0007254
87	55	30	0.04842	0.08243	1.074e+03	0.068	0.402	GO:0007224
88	75	44	0.04717	0.07425	1.857e+03	0.022	0.539	GO:0034614
89	29	21	0.04634	0.12204	2.049e+02	0.181	0.509	GO:0009218
90	24	13	0.04495	0.09719	2.098e+02	0.097	0.451	GO:0033003
91	148	74	0.04234	0.07199	8.211e+03	0.013	0.452	GO:0009612
92	79	40	0.04093	0.0695	2.335e+03	0.049	0.398	GO:0034138
93	50	31	0.04087	0.06094	7.789e+02	0.035	0.535	GO:0070301
94	33	18	0.03897	0.04573	3.906e+02	-0.013	0.486	GO:1901796
95	50	36	0.03822	0.06234	6.094e+02	0.228	0.394	GO:0051784
96	38	34	0.03746	0.11239	1.469e+02	0.389	0.467	GO:0007595
97	121	55	0.03731	0.03853	5.852e+03	-0.063	0.458	GO:0006665
98	62	42	0.03632	0.06863	1.049e+03	0.182	0.442	GO:0009142
99	32	16	0.03623	0.05534	3.926e+02	-0.032	0.429	GO:0046928
100	22	13	0.03618	0.09886	1.629e+02	0.122	0.391	GO:0001702
101	163	77	0.03483	0.0656	1.033e+04	-0.001	0.476	GO:0009581
102	71	27	0.03416	0.07281	2.253e+03	-0.031	0.396	GO:0018105
103	28	17	0.03269	0.05412	2.538e+02	0.101	0.44	GO:0046189
104	92	43	0.03178	0.03872	3.334e+03	0.006	0.428	GO:0006721
105	38	19	0.03059	0.05099	5.513e+02	0.09	0.425	GO:0050982
106	23	14	0.02986	0.06958	1.719e+02	0.117	0.466	GO:0009148
107	36	22	0.02902	0.04711	4.136e+02	0.126	0.462	GO:0003007
108	26	15	0.02841	0.03496	2.318e+02	0.021	0.459	GO:0061178
109	45	22	0.02736	0.05797	7.828e+02	-0.044	0.447	GO:0046717
110	27	15	0.02718	0.03993	2.588e+02	-0.043	0.502	GO:0043516
111	85	43	0.02671	0.08006	2.702e+03	0.026	0.445	GO:0050864
112	73	36	0.02621	0.06363	2.032e+03	0.058	0.42	GO:0034134
113	34	16	0.0261	0.04122	4.614e+02	-0.064	0.394	GO:0006695
114	112	59	0.02606	0.07818	4.543e+03	0.053	0.44	GO:0045619
115	34	21	0.02573	0.06646	3.647e+02	0.14	0.453	GO:0045840
116	63	32	0.02517	0.04302	1.486e+03	0.006	0.458	GO:0072073
117	24	10	0.02487	0.04844	2.518e+02	-0.039	0.397	GO:0070588
118	46	26	0.0247	0.06656	7.300e+02	0.1	0.429	GO:0014068
119	40	17	0.02465	0.04063	6.789e+02	-0.091	0.38	GO:0016126
120	64	33	0.02339	0.05176	1.517e+03	0.005	0.523	GO:0051899
121	27	16	0.0231	0.06574	2.428e+02	0.111	0.445	GO:0045933
122	33	15	0.02307	0.03568	4.454e+02	-0.059	0.415	GO:0016056
123	86	49	0.02298	0.04879	2.511e+03	0.038	0.5	GO:0045995
124	47	24	0.0222	0.0666	8.277e+02	-0.006	0.462	GO:0072163
125	27	17	0.0221	0.03444	2.258e+02	0.172	0.507	GO:0006775
126	96	49	0.02194	0.03923	3.421e+03	0.032	0.476	GO:0031668
127	30	15	0.02149	0.03136	3.456e+02	0.106	0.418	GO:0030261
128	32	18	0.02117	0.03159	3.576e+02	0.063	0.495	GO:0009948
129	32	21	0.02092	0.04207	2.978e+02	0.161	0.483	GO:0050931
130	36	16	0.01995	0.0418	5.363e+02	-0.047	0.446	GO:0070997
131	21	7	0.01963	0.05888	2.198e+02	-0.133	0.307	GO:0046466
132	29	18	0.01863	0.03725	2.648e+02	0.089	0.518	GO:0043486
133	84	34	0.01852	0.02513	3.038e+03	-0.011	0.405	GO:0018209
134	41	24	0.01851	0.02884	5.613e+02	0.094	0.478	GO:0050709
135	20	10	0.01849	0.02848	1.559e+02	-0.022	0.471	GO:0046854
136	107	47	0.01798	0.05395	4.681e+03	-0.03	0.402	GO:0008203
137	28	17	0.01756	0.0306	2.538e+02	0.113	0.473	GO:0043114
138	199	146	0.01737	0.0521	9.135e+03	0.259	0.424	GO:1901990
139	32	21	0.01708	0.02074	2.978e+02	0.155	0.543	GO:0000578
140	58	26	0.01698	0.02809	1.370e+03	-0.097	0.479	GO:0051297
141	163	71	0.01601	0.04052	1.087e+04	-0.03	0.431	GO:0006869
142	38	19	0.01594	0.0196	5.513e+02	0.027	0.371	GO:0006513
143	25	10	0.01558	0.03249	2.797e+02	-0.109	0.417	GO:0045058
144	34	19	0.0152	0.03628	4.056e+02	0.144	0.33	GO:0035019
145	122	85	0.01484	0.04451	3.839e+03	0.208	0.46	GO:0009260
146	20	13	0.01456	0.02894	1.199e+02	0.16	0.474	GO:0009208
147	63	33	0.01366	0.02969	1.453e+03	0.019	0.457	GO:0045638
148	35	15	0.01357	0.04072	5.193e+02	-0.071	0.394	GO:0017144
149	51	35	0.01284	0.03709	6.962e+02	0.2	0.43	GO:0009206
150	166	79	0.01274	0.02958	1.066e+04	0.009	0.469	GO:0009582
151	91	40	0.01262	0.02584	3.391e+03	-0.026	0.43	GO:0034754
152	155	70	0.01227	0.03171	9.616e+03	-0.057	0.475	GO:0006643
153	20	9	0.01195	0.02476	1.679e+02	0.002	0.412	GO:0070271
154	36	22	0.01167	0.035	4.136e+02	0.126	0.383	GO:0032330
155	72	34	0.01166	0.02607	2.035e+03	-0.04	0.437	GO:0050688
156	51	31	0.0113	0.02888	8.298e+02	0.149	0.473	GO:0048641
157	30	15	0.01099	0.02612	3.456e+02	0.028	0.389	GO:0032653
158	21	11	0.01055	0.02834	1.659e+02	0.093	0.368	GO:0060412
159	40	20	0.01045	0.01131	6.102e+02	0.007	0.467	GO:1902930
160	24	12	0.01035	0.02073	2.228e+02	-0.055	0.449	GO:0006111
161	50	29	0.01028	0.01936	8.398e+02	0.081	0.436	GO:0042398
162	36	23	0.01012	0.03036	3.906e+02	0.096	0.484	GO:0006584
163	21	12	0.00995	0.01527	1.539e+02	0.124	0.387	GO:0042573
164	62	29	0.00981	0.02146	1.522e+03	-0.099	0.517	GO:0031023
165	26	13	0.00978	0.01411	2.608e+02	0.009	0.448	GO:0010559
166	27	15	0.0095	0.02335	2.588e+02	0.068	0.379	GO:0010743
167	50	25	0.00934	0.02685	9.494e+02	0.005	0.485	GO:0009267
168	25	15	0.0093	0.0189	2.058e+02	0.076	0.522	GO:0010543
169	63	36	0.00921	0.01626	1.348e+03	0.005	0.544	GO:0015698
170	46	24	0.00921	0.02762	7.808e+02	0.008	0.462	GO:0072164
171	40	18	0.00918	0.01739	6.550e+02	-0.07	0.396	GO:0044273
172	23	12	0.00901	0.02599	1.988e+02	0.127	0.458	GO:0050974
173	121	62	0.00877	0.02226	5.408e+03	0.002	0.512	GO:0006576
174	31	15	0.00867	0.01735	3.776e+02	0.06	0.34	GO:0071825
175	20	12	0.00866	0.02462	1.329e+02	0.133	0.507	GO:0002262
176	144	72	0.00856	0.01468	7.776e+03	0.02	0.476	GO:0010927
177	23	13	0.00845	0.02116	1.859e+02	0.058	0.523	GO:0006336
178	27	18	0.00817	0.01739	2.079e+02	0.2	0.415	GO:0010470
179	79	50	0.00814	0.01194	1.882e+03	0.186	0.389	GO:0042590
180	37	19	0.00811	0.01837	5.134e+02	0.013	0.549	GO:0032651
181	23	14	0.00705	0.01935	1.719e+02	0.043	0.533	GO:0019835
182	38	21	0.00663	0.01079	5.104e+02	0.079	0.407	GO:0031532
183	179	92	0.00635	0.01306	1.176e+04	0.017	0.463	GO:0050890
184	47	23	0.0063	0.01889	8.526e+02	0.037	0.412	GO:0046148
185	48	23	0.00626	0.01805	9.015e+02	0.009	0.448	GO:0006749
186	21	14	0.00616	0.01616	1.269e+02	0.106	0.505	GO:0002040
187	148	76	0.00614	0.01842	8.062e+03	-0.016	0.487	GO:0048015
188	41	31	0.0061	0.01578	3.657e+02	0.273	0.389	GO:0045839
189	76	42	0.00582	0.01174	2.019e+03	0.091	0.498	GO:0022407
190	38	28	0.00573	0.01257	3.357e+02	0.256	0.353	GO:0031577
191	27	14	0.00558	0.01138	2.737e+02	0.011	0.481	GO:1903018
192	20	14	0.00551	0.01022	1.059e+02	0.106	0.56	GO:0042744
193	173	89	0.00539	0.01618	1.099e+04	-0.053	0.537	GO:0050730
194	112	62	0.0052	0.01561	4.361e+03	0.036	0.475	GO:0042692
195	23	13	0.00514	0.01255	1.859e+02	0.051	0.352	GO:0043534
196	78	42	0.00474	0.01422	2.174e+03	0.037	0.492	GO:0007565
197	91	44	0.0047	0.00827	3.191e+03	0.063	0.42	GO:0051403
198	33	20	0.00469	0.00866	3.517e+02	0.138	0.393	GO:0060393
199	40	21	0.00461	0.0112	5.892e+02	0.03	0.457	GO:0001657
200	30	15	0.00461	0.00876	3.456e+02	0.01	0.333	GO:0048265
201	42	31	0.00457	0.00951	4.077e+02	0.261	0.375	GO:0030071
202	21	11	0.00449	0.00651	1.659e+02	0.015	0.453	GO:0043300
203	29	12	0.00448	0.01344	3.666e+02	-0.121	0.545	GO:0010524
204	24	11	0.00442	0.00898	2.368e+02	-0.002	0.396	GO:0000289
205	20	9	0.00435	0.01306	1.679e+02	0.006	0.356	GO:0090559
206	89	46	0.00428	0.01285	2.917e+03	0.033	0.457	GO:0055088
207	89	64	0.00414	0.00522	1.923e+03	0.219	0.468	GO:0042451
208	22	10	0.00399	0.01196	2.008e+02	0.045	0.347	GO:0034105
209	85	47	0.00396	0.01187	2.521e+03	0.029	0.511	GO:0042542
210	45	22	0.00392	0.0092	7.828e+02	-0.019	0.474	GO:0007193
211	39	23	0.00392	0.00985	5.044e+02	0.01	0.495	GO:0030004
212	20	12	0.00392	0.00794	1.329e+02	0.021	0.469	GO:0045851
213	24	13	0.0039	0.00739	2.098e+02	0.091	0.39	GO:0071514
214	25	14	0.00379	0.00854	2.208e+02	0.043	0.517	GO:0031055
215	27	16	0.00378	0.00738	2.428e+02	0.148	0.417	GO:0055007
216	21	10	0.00377	0.00955	1.779e+02	-0.002	0.474	GO:0042107
217	47	28	0.00371	0.01114	7.220e+02	0.137	0.449	GO:0051146
218	24	11	0.00371	0.01112	2.368e+02	-0.157	0.618	GO:0046627
219	52	23	0.00369	0.01108	1.113e+03	-0.022	0.391	GO:0000288
220	26	14	0.00365	0.01094	2.468e+02	0.038	0.518	GO:0050710
221	76	38	0.00364	0.01091	2.180e+03	-0.062	0.531	GO:0060560
222	44	25	0.00363	0.01088	6.651e+02	0.14	0.359	GO:1903310
223	29	14	0.00361	0.00648	3.317e+02	0.046	0.422	GO:0001838
224	23	12	0.00357	0.0107	1.988e+02	-0.068	0.524	GO:0006662
225	98	51	0.00351	0.00702	3.515e+03	0.025	0.46	GO:0007612
226	31	14	0.0034	0.01019	3.955e+02	-0.002	0.389	GO:0045124
227	104	76	0.00337	0.00674	2.530e+03	0.224	0.48	GO:0042455
228	22	9	0.0033	0.00732	2.148e+02	-0.025	0.377	GO:0030325
229	79	36	0.0033	0.0099	2.504e+03	-0.066	0.482	GO:0071482
230	57	28	0.00328	0.00985	1.247e+03	0.024	0.439	GO:0055092
231	35	18	0.00327	0.00673	4.595e+02	0.02	0.424	GO:0030890
232	35	14	0.00323	0.00968	5.412e+02	-0.015	0.436	GO:0050848
233	21	13	0.00317	0.0095	1.409e+02	0.167	0.408	GO:0045987
234	40	15	0.00311	0.00928	7.297e+02	-0.086	0.352	GO:0007006
235	36	18	0.00311	0.00932	4.954e+02	-0.065	0.495	GO:0006821
236	23	13	0.00305	0.00914	1.859e+02	-0.05	0.556	GO:0019098
237	59	26	0.00299	0.00851	1.433e+03	-0.091	0.433	GO:0032273
238	31	14	0.00297	0.00751	3.955e+02	-0.0	0.392	GO:0051004
239	27	19	0.00294	0.00883	1.889e+02	0.166	0.506	GO:0009220
240	47	17	0.00284	0.00853	1.023e+03	-0.147	0.44	GO:0005977
241	30	14	0.00282	0.00482	3.626e+02	-0.046	0.476	GO:0018410
242	37	20	0.0028	0.00839	4.934e+02	-0.009	0.508	GO:0001944
243	31	22	0.00274	0.00823	2.438e+02	0.201	0.495	GO:0048663
244	76	37	0.00274	0.00821	2.220e+03	0.023	0.411	GO:0035666
245	68	55	0.00262	0.00672	8.062e+02	0.347	0.417	GO:0072401
246	25	15	0.0026	0.00542	2.058e+02	0.115	0.437	GO:0001958
247	60	29	0.00259	0.00778	1.395e+03	-0.032	0.536	GO:0042108
248	23	13	0.00258	0.00563	1.859e+02	0.105	0.396	GO:0008299
249	35	21	0.00258	0.00521	3.996e+02	0.094	0.483	GO:0043094
250	79	39	0.00254	0.00762	2.376e+03	0.028	0.417	GO:0002756
251	28	13	0.00254	0.00554	3.177e+02	-0.037	0.406	GO:0010453
252	23	12	0.0025	0.00354	1.988e+02	-0.023	0.439	GO:0048484
253	93	45	0.00236	0.00709	3.330e+03	-0.014	0.402	GO:0050852
254	47	25	0.00233	0.00467	8.028e+02	-0.038	0.515	GO:0019229
255	129	67	0.00232	0.00471	6.083e+03	0.004	0.517	GO:0009308
256	39	15	0.00228	0.00685	6.849e+02	-0.105	0.502	GO:0006778
257	53	30	0.00224	0.00408	9.654e+02	0.067	0.487	GO:0002460
258	30	12	0.00224	0.00672	3.995e+02	-0.123	0.42	GO:0022400
259	62	26	0.00224	0.00647	1.629e+03	-0.065	0.461	GO:0050907
260	31	14	0.00221	0.00514	3.955e+02	-0.133	0.534	GO:0034109
261	57	25	0.0022	0.00661	1.342e+03	-0.114	0.531	GO:0072524
262	106	55	0.0022	0.00659	4.118e+03	-0.023	0.514	GO:0008406
263	22	14	0.00217	0.00652	1.489e+02	0.121	0.381	GO:0090189
264	40	19	0.00215	0.00488	6.321e+02	-0.051	0.404	GO:0007422
265	24	12	0.00211	0.00492	2.228e+02	-0.102	0.524	GO:0018904
266	34	16	0.00209	0.00477	4.614e+02	0.014	0.52	GO:0045921
267	27	17	0.00209	0.00543	2.258e+02	0.128	0.558	GO:0048738
268	45	21	0.00202	0.00607	8.077e+02	0.016	0.373	GO:0048592
269	28	12	0.00202	0.0044	3.346e+02	-0.082	0.439	GO:0046058
270	22	12	0.00201	0.00431	1.759e+02	0.116	0.443	GO:0010507
271	60	26	0.00198	0.00457	1.497e+03	-0.09	0.479	GO:0006672
272	30	13	0.00198	0.00427	3.806e+02	-0.039	0.421	GO:0000291
273	21	8	0.00194	0.00583	2.048e+02	-0.023	0.409	GO:0001502
274	21	10	0.00194	0.00513	1.779e+02	-0.036	0.447	GO:0072009
275	46	22	0.00186	0.00558	8.296e+02	-0.034	0.471	GO:0007632
276	23	13	0.00184	0.00551	1.859e+02	0.147	0.367	GO:0034405
277	31	17	0.00183	0.00548	3.437e+02	-0.054	0.53	GO:0030641
278	20	12	0.00179	0.00393	1.329e+02	-0.0	0.623	GO:0060291
279	22	11	0.00177	0.00449	1.879e+02	0.081	0.338	GO:0032728
280	20	13	0.00173	0.00355	1.199e+02	0.106	0.479	GO:0007140
281	69	38	0.00168	0.00505	1.671e+03	0.034	0.472	GO:0051341
282	21	10	0.00168	0.00373	1.779e+02	0.067	0.39	GO:0034502
283	39	20	0.00163	0.0049	5.702e+02	0.002	0.449	GO:0060411
284	104	54	0.00162	0.00487	3.963e+03	-0.039	0.528	GO:0006473
285	26	10	0.00162	0.00449	3.087e+02	-0.131	0.476	GO:0002702
286	22	11	0.00162	0.00486	1.879e+02	0.034	0.376	GO:0061005
287	45	22	0.00162	0.00326	7.828e+02	-0.028	0.479	GO:0032655
288	22	11	0.00159	0.00478	1.879e+02	0.057	0.407	GO:0033344
289	24	15	0.00159	0.00478	1.809e+02	0.042	0.533	GO:0042537
290	45	23	0.00156	0.00467	7.588e+02	-0.009	0.495	GO:0001704
291	32	16	0.00155	0.00464	3.926e+02	0.007	0.454	GO:2000107
292	23	12	0.00154	0.00463	1.988e+02	0.061	0.376	GO:0006706
293	23	14	0.00152	0.00325	1.719e+02	0.044	0.465	GO:0001990
294	23	8	0.00151	0.00454	2.567e+02	-0.13	0.45	GO:0036152
295	58	27	0.00151	0.00262	1.337e+03	0.01	0.492	GO:0050715
296	104	52	0.00146	0.00352	4.069e+03	-0.024	0.5	GO:0043624
297	67	54	0.00146	0.00438	7.932e+02	0.344	0.417	GO:0006977
298	30	18	0.00143	0.00428	2.947e+02	0.038	0.43	GO:0050433
299	26	12	0.00141	0.00324	2.757e+02	-0.013	0.477	GO:0045814
300	24	9	0.0014	0.00284	2.677e+02	-0.15	0.498	GO:0000045
301	32	17	0.0014	0.00347	3.756e+02	-0.001	0.464	GO:0070830
302	88	39	0.00134	0.00402	3.157e+03	-0.054	0.454	GO:0055072
303	34	22	0.00132	0.00396	3.427e+02	0.105	0.504	GO:0006221
304	91	41	0.00128	0.00385	3.340e+03	-0.065	0.497	GO:0006664
305	56	23	0.00127	0.00378	1.348e+03	-0.08	0.406	GO:0007269
306	67	34	0.00126	0.00379	1.680e+03	0.024	0.407	GO:0045621
307	25	13	0.00126	0.00377	2.348e+02	-0.05	0.64	GO:0042181
308	21	11	0.00122	0.00202	1.659e+02	0.026	0.429	GO:0046834
309	61	30	0.0012	0.00262	1.425e+03	-0.015	0.456	GO:0010522
310	128	56	0.00119	0.00356	6.701e+03	-0.086	0.505	GO:0044262
311	51	27	0.00118	0.00354	9.474e+02	0.042	0.474	GO:0061387
312	35	26	0.00118	0.00354	2.798e+02	0.262	0.363	GO:0071174
313	27	8	0.00117	0.00352	3.785e+02	-0.144	0.343	GO:0001914
314	20	13	0.00115	0.00344	1.199e+02	0.125	0.452	GO:0046949
315	87	47	0.00113	0.0034	2.694e+03	-0.043	0.553	GO:0007059
316	33	17	0.00112	0.00335	4.085e+02	-0.023	0.547	GO:0033692
317	22	9	0.00112	0.00335	2.148e+02	-0.06	0.407	GO:0050912
318	26	12	0.0011	0.00331	2.757e+02	-0.138	0.632	GO:1900077
319	27	17	0.00107	0.0032	2.258e+02	0.039	0.629	GO:0001960
320	41	20	0.00106	0.00212	6.521e+02	-0.012	0.546	GO:0032652
321	21	9	0.00102	0.00207	1.908e+02	-0.029	0.467	GO:0045453
322	24	12	0.00102	0.00205	2.228e+02	-0.087	0.517	GO:0048147
323	22	17	0.00102	0.00305	1.010e+02	0.277	0.414	GO:0015985
324	28	16	0.00101	0.00302	2.708e+02	0.02	0.458	GO:0003073
325	75	48	0.00099	0.00296	1.672e+03	0.195	0.384	GO:0002479
326	42	24	0.00097	0.00292	6.032e+02	0.099	0.408	GO:0035051
327	24	11	0.00096	0.00287	2.368e+02	-0.013	0.378	GO:0007194
328	28	12	0.00095	0.00286	3.346e+02	-0.09	0.545	GO:0072348
329	26	15	0.00093	0.00278	2.318e+02	0.102	0.486	GO:0032350
330	46	22	0.00091	0.00183	8.296e+02	-0.02	0.46	GO:0006369
331	78	36	0.00091	0.00274	2.421e+03	-0.086	0.487	GO:0006493
332	33	25	0.0009	0.00271	2.369e+02	0.293	0.357	GO:0071173
333	22	16	0.0009	0.00182	1.179e+02	0.19	0.489	GO:0042417
334	30	15	0.00088	0.00264	3.456e+02	0.056	0.434	GO:0072175
335	49	31	0.00087	0.00262	7.291e+02	0.085	0.526	GO:0007368
336	29	18	0.00087	0.00262	2.648e+02	0.062	0.552	GO:0042743
337	39	21	0.00084	0.00253	5.493e+02	0.051	0.463	GO:0048806
338	42	23	0.0008	0.0024	6.272e+02	0.025	0.477	GO:0001658
339	23	19	0.0008	0.00239	8.697e+01	0.387	0.419	GO:0044773
340	31	14	0.00078	0.00163	3.955e+02	-0.014	0.36	GO:0043666
341	59	26	0.00076	0.00216	1.433e+03	-0.083	0.473	GO:0006687
342	74	36	0.00076	0.00178	2.107e+03	0.004	0.416	GO:0032481
343	23	10	0.00074	0.00223	2.258e+02	-0.08	0.487	GO:0006536
344	68	35	0.00074	0.00223	1.713e+03	0.106	0.398	GO:0018108
345	29	13	0.00073	0.00115	3.486e+02	-0.027	0.421	GO:0043928
346	25	11	0.00072	0.00215	2.637e+02	-0.056	0.43	GO:0031952
347	25	16	0.00071	0.00212	1.899e+02	0.165	0.464	GO:0043043
348	20	8	0.00069	0.00208	1.808e+02	-0.07	0.457	GO:0045577
349	22	12	0.00069	0.00206	1.759e+02	0.091	0.444	GO:0043567
350	31	18	0.00068	0.00203	3.257e+02	0.133	0.455	GO:0030279
351	24	12	0.00067	0.002	2.228e+02	-0.079	0.62	GO:0042596
352	79	37	0.00066	0.00199	2.460e+03	-0.061	0.54	GO:0044243
353	115	68	0.00066	0.00198	4.311e+03	0.089	0.531	GO:0006766
354	44	15	0.00066	0.00146	9.252e+02	-0.156	0.429	GO:1901216
355	60	27	0.00066	0.00197	1.462e+03	-0.081	0.456	GO:0030148
356	30	14	0.00064	0.00192	3.626e+02	-0.123	0.497	GO:0048485
357	112	51	0.00062	0.00146	5.013e+03	-0.022	0.46	GO:0009583
358	20	8	0.00062	0.00186	1.808e+02	-0.186	0.435	GO:0048477
359	22	11	0.00062	0.00185	1.879e+02	-0.038	0.507	GO:0006509
360	22	11	0.00062	0.00185	1.879e+02	0.019	0.441	GO:1902229
361	107	58	0.00061	0.00184	4.054e+03	0.004	0.487	GO:0008652
362	42	25	0.00061	0.00184	5.783e+02	0.052	0.528	GO:0072528
363	113	57	0.00059	0.00178	4.771e+03	-0.02	0.51	GO:0006865
364	24	13	0.00058	0.00175	2.098e+02	0.06	0.466	GO:0032228
365	24	11	0.00058	0.00117	2.368e+02	-0.042	0.487	GO:0051385
366	25	11	0.00058	0.00173	2.637e+02	-0.149	0.507	GO:0009065
367	24	9	0.00056	0.00169	2.677e+02	-0.113	0.452	GO:0007616
368	23	8	0.00054	0.00163	2.567e+02	-0.182	0.49	GO:0002026
369	36	17	0.00054	0.00109	5.153e+02	0.041	0.439	GO:0006323
370	24	11	0.00054	0.00162	2.368e+02	0.022	0.44	GO:0035162
371	22	16	0.00054	0.00161	1.179e+02	0.217	0.499	GO:0045686
372	25	12	0.00053	0.0016	2.488e+02	-0.018	0.37	GO:0050691
373	26	13	0.00053	0.00158	2.608e+02	-0.07	0.547	GO:0000188
374	34	18	0.00053	0.00158	4.245e+02	0.054	0.49	GO:0008154
375	35	13	0.00052	0.00155	5.641e+02	-0.139	0.363	GO:0032312
376	38	21	0.00051	0.00102	5.104e+02	0.084	0.45	GO:0030858
377	35	13	0.0005	0.00151	5.641e+02	-0.079	0.354	GO:0002712
378	33	19	0.0005	0.00151	3.716e+02	0.033	0.52	GO:0009620
379	56	27	0.0005	0.00104	1.219e+03	-0.06	0.504	GO:0016266
380	32	16	0.0005	0.0015	3.926e+02	0.054	0.438	GO:0006801
381	145	69	0.00049	0.00098	8.146e+03	-0.056	0.507	GO:0043123
382	28	11	0.00049	0.00148	3.526e+02	-0.092	0.426	GO:0043370
383	35	16	0.00049	0.00146	4.983e+02	-0.053	0.446	GO:0002762
384	46	22	0.00048	0.00145	8.296e+02	0.05	0.393	GO:0007588
385	29	12	0.00048	0.00144	3.666e+02	-0.104	0.545	GO:0048278
386	28	9	0.00048	0.00144	3.915e+02	-0.188	0.435	GO:0060674
387	24	12	0.00046	0.00137	2.228e+02	0.053	0.496	GO:0035329
388	31	13	0.00045	0.00134	4.145e+02	-0.077	0.392	GO:0030901
389	27	15	0.00045	0.00134	2.588e+02	-0.027	0.508	GO:0045923
390	80	43	0.00043	0.0013	2.289e+03	-0.018	0.48	GO:0060070
391	56	30	0.00043	0.0013	1.130e+03	0.047	0.474	GO:2000106
392	33	18	0.00043	0.00128	3.906e+02	-0.001	0.487	GO:0090199
393	21	14	0.0004	0.00121	1.269e+02	0.083	0.504	GO:0035813
394	28	14	0.0004	0.00113	3.017e+02	0.048	0.534	GO:2000242
395	22	10	0.0004	0.0012	2.008e+02	-0.007	0.379	GO:0060314
396	39	20	0.00039	0.00116	5.702e+02	0.032	0.475	GO:0032104
397	41	27	0.00039	0.00083	4.835e+02	0.143	0.469	GO:0060563
398	50	27	0.00038	0.00115	8.966e+02	0.082	0.502	GO:0010830
399	27	15	0.00038	0.00115	2.588e+02	-0.045	0.576	GO:0090329
400	40	17	0.00038	0.00113	6.789e+02	-0.101	0.531	GO:0007159
401	40	18	0.00037	0.00112	6.550e+02	-0.049	0.498	GO:0055117
402	25	12	0.00036	0.00108	2.488e+02	-0.038	0.509	GO:0006501
403	67	24	0.00036	0.00108	2.073e+03	-0.133	0.367	GO:0051339
404	118	54	0.00034	0.00103	5.543e+03	-0.054	0.481	GO:0000184
405	72	43	0.00034	0.00103	1.680e+03	0.111	0.442	GO:0090100
406	20	11	0.00034	0.00102	1.449e+02	0.221	0.328	GO:0070371
407	26	11	0.00034	0.00101	2.917e+02	-0.058	0.378	GO:0051350
408	37	19	0.00033	0.00069	5.134e+02	0.065	0.484	GO:0071230
409	100	47	0.00032	0.00095	3.921e+03	-0.011	0.494	GO:0050906
410	20	10	0.00031	0.00079	1.559e+02	0.034	0.439	GO:0048546
411	44	23	0.00031	0.00073	7.140e+02	0.061	0.473	GO:0051785
412	22	13	0.0003	0.00091	1.629e+02	0.035	0.588	GO:0010718
413	28	15	0.0003	0.00091	2.867e+02	-0.017	0.456	GO:0048008
414	20	11	0.0003	0.0009	1.449e+02	0.171	0.333	GO:0010714
415	23	13	0.0003	0.0009	1.859e+02	0.06	0.456	GO:0045214
416	23	10	0.0003	0.00089	2.258e+02	-0.169	0.55	GO:0002828
417	27	11	0.0003	0.00089	3.216e+02	-0.092	0.513	GO:0034446
418	31	14	0.00029	0.00088	3.955e+02	-0.019	0.411	GO:0035065
419	33	16	0.00028	0.00056	4.265e+02	-0.033	0.426	GO:0032648
420	43	25	0.00028	0.00084	6.212e+02	-0.001	0.572	GO:0043966
421	93	44	0.00028	0.00083	3.380e+03	0.049	0.42	GO:0031098
422	23	9	0.00028	0.00083	2.408e+02	-0.157	0.471	GO:1900449
423	29	16	0.00027	0.0008	2.997e+02	-0.033	0.574	GO:0050805
424	36	18	0.00026	0.00079	4.954e+02	0.078	0.437	GO:0001890
425	21	10	0.00026	0.00079	1.779e+02	0.015	0.504	GO:0006342
426	107	48	0.00026	0.00078	4.621e+03	-0.056	0.464	GO:0006937
427	82	39	0.00025	0.00074	2.622e+03	0.013	0.45	GO:0016101
428	47	22	0.00025	0.00074	8.785e+02	-0.046	0.51	GO:0019233
429	31	16	0.00025	0.00074	3.606e+02	-0.057	0.571	GO:0033619
430	38	20	0.00024	0.00073	5.313e+02	0.003	0.488	GO:0008156
431	39	19	0.00024	0.00072	5.912e+02	0.062	0.372	GO:0002763
432	35	13	0.00024	0.00072	5.641e+02	-0.186	0.577	GO:0048871
433	44	22	0.00024	0.00071	7.369e+02	-0.022	0.462	GO:0051279
434	23	9	0.00023	0.00068	2.408e+02	-0.093	0.374	GO:0009395
435	72	35	0.00022	0.00067	1.996e+03	-0.042	0.525	GO:0030574
436	20	13	0.00022	0.00066	1.199e+02	0.077	0.545	GO:0007220
437	27	15	0.00022	0.00065	2.588e+02	0.063	0.467	GO:0009147
438	21	9	0.00022	0.00065	1.908e+02	-0.202	0.506	GO:0045446
439	52	26	0.00021	0.00064	1.026e+03	0.026	0.469	GO:0032642
440	23	13	0.00021	0.00064	1.859e+02	0.182	0.368	GO:0045661
441	81	65	0.0002	0.00061	1.176e+03	0.344	0.373	GO:0007093
442	28	15	0.0002	0.00061	2.867e+02	-0.026	0.584	GO:0050854
443	82	61	0.0002	0.00061	1.511e+03	0.27	0.434	GO:0071158
444	37	23	0.0002	0.00043	4.276e+02	0.127	0.482	GO:0072332
445	30	15	0.00019	0.00058	3.456e+02	-0.06	0.479	GO:0003156
446	20	9	0.00019	0.00056	1.679e+02	-0.031	0.479	GO:0008210
447	67	53	0.00018	0.00055	8.471e+02	0.315	0.413	GO:0051436
448	65	28	0.00018	0.00054	1.761e+03	-0.064	0.472	GO:0044264
449	97	68	0.00018	0.00054	2.403e+03	0.246	0.419	GO:0071156
450	77	38	0.00018	0.00053	2.258e+03	-0.04	0.487	GO:0010821
451	93	43	0.00018	0.00053	3.431e+03	-0.052	0.491	GO:0019058
452	76	38	0.00018	0.00053	2.180e+03	0.01	0.473	GO:0072593
453	20	12	0.00018	0.00053	1.329e+02	0.118	0.508	GO:2000779
454	22	6	0.00017	0.00052	2.627e+02	-0.279	0.653	GO:0006699
455	22	15	0.00017	0.00052	1.339e+02	0.259	0.386	GO:0048762
456	21	13	0.00017	0.0005	1.409e+02	0.018	0.599	GO:0031114
457	25	13	0.00017	0.00036	2.348e+02	0.073	0.427	GO:0006378
458	21	6	0.00016	0.00049	2.357e+02	-0.202	0.374	GO:0035088
459	54	35	0.00016	0.00049	8.548e+02	0.175	0.46	GO:0045665
460	24	14	0.00016	0.00049	1.959e+02	0.097	0.453	GO:0060343
461	35	14	0.00016	0.00048	5.412e+02	-0.076	0.367	GO:0007205
462	34	17	0.00016	0.00047	4.425e+02	-0.039	0.547	GO:0000271
463	34	19	0.00016	0.00047	4.056e+02	0.072	0.472	GO:0070228
464	38	27	0.00015	0.00046	3.637e+02	0.219	0.422	GO:0006754
465	43	22	0.00015	0.00044	6.930e+02	-0.088	0.56	GO:0032677
466	46	22	0.00014	0.00042	8.296e+02	0.012	0.494	GO:0042177
467	43	22	0.00014	0.00042	6.930e+02	0.047	0.438	GO:0050771
468	56	27	0.00014	0.00041	1.219e+03	0.009	0.452	GO:0042632
469	126	67	0.00013	0.0004	5.701e+03	0.006	0.504	GO:0000302
470	71	30	0.00013	0.0004	2.122e+03	-0.075	0.469	GO:0005976
471	51	27	0.00012	0.00036	9.474e+02	-0.034	0.551	GO:0001947
472	28	11	0.00012	0.00036	3.526e+02	-0.193	0.489	GO:0009225
473	94	43	0.00012	0.00036	3.528e+03	-0.084	0.496	GO:0019751
474	21	12	0.00012	0.00036	1.539e+02	0.053	0.506	GO:0050832
475	37	17	0.00012	0.00035	5.542e+02	0.04	0.407	GO:0051148
476	40	20	0.00011	0.00034	6.102e+02	-0.058	0.505	GO:0010676
477	59	34	0.0001	0.00031	1.174e+03	0.047	0.532	GO:0009306
478	70	35	0.0001	0.00031	1.852e+03	0.091	0.398	GO:0018212
479	71	34	0.0001	0.00031	1.961e+03	0.035	0.439	GO:0038123
480	51	28	0.0001	0.00031	9.195e+02	0.131	0.393	GO:2001252
481	20	10	0.0001	0.0003	1.559e+02	0.049	0.426	GO:0045773
482	30	13	0.0001	0.0003	3.806e+02	-0.078	0.439	GO:0050766
483	28	14	0.0001	0.0003	3.017e+02	-0.033	0.345	GO:0051145
484	33	18	0.0001	0.00029	3.906e+02	0.043	0.509	GO:0009069
485	48	21	8e-05	0.00025	9.562e+02	-0.115	0.462	GO:2001022
486	67	36	8e-05	0.00024	1.610e+03	0.013	0.54	GO:0001570
487	32	16	8e-05	0.00024	3.926e+02	0.032	0.401	GO:0032722
488	29	15	8e-05	0.00023	3.157e+02	-0.011	0.491	GO:0048747
489	28	13	8e-05	0.00023	3.177e+02	-0.106	0.583	GO:2001244
490	27	12	7e-05	0.0002	3.047e+02	-0.05	0.436	GO:1901685
491	29	12	6e-05	0.00018	3.666e+02	-0.127	0.469	GO:0009394
492	32	12	6e-05	0.00017	4.703e+02	-0.104	0.428	GO:0070206
493	59	31	4e-05	0.00013	1.273e+03	-0.029	0.559	GO:0045454
494	21	10	4e-05	0.00012	1.779e+02	-0.077	0.487	GO:0045907
495	23	15	3e-05	0.0001	1.569e+02	0.05	0.531	GO:0007176
496	25	11	3e-05	8e-05	2.637e+02	-0.117	0.571	GO:0070534
497	22	8	2e-05	7e-05	2.298e+02	-0.146	0.42	GO:0035249
498	62	32	2e-05	6e-05	1.423e+03	0.063	0.482	GO:0031330
499	31	20	2e-05	6e-05	2.868e+02	0.127	0.532	GO:0042558
500	27	17	2e-05	6e-05	2.258e+02	0.099	0.541	GO:0090398
501	59	23	2e-05	6e-05	1.540e+03	-0.073	0.441	GO:0097285
502	39	17	2e-05	5e-05	6.360e+02	-0.01	0.435	GO:0030199
503	23	10	2e-05	5e-05	2.258e+02	0.092	0.335	GO:0030316
504	20	13	2e-05	5e-05	1.199e+02	0.075	0.511	GO:0032413
505	22	9	2e-05	5e-05	2.148e+02	-0.15	0.515	GO:0050829
506	24	12	2e-05	5e-05	2.228e+02	-0.017	0.582	GO:0051568
507	21	13	1e-05	4e-05	1.409e+02	0.098	0.505	GO:0031016
508	24	10	1e-05	2e-05	2.518e+02	-0.107	0.513	GO:0006658
509	26	11	0.0	1e-05	2.917e+02	0.058	0.396	GO:0097028
