Order	#(Annotations)	#(Annotations of perturbed genes)	Mean Posterior Probability	Standard Deviation Posterior Probability	p-value	Average Expression Level	Average position perturbed genes	Term Name
1	40	37	1.0	0.0	1.180e+02	0.449	0.45	GO:0006383
2	77	61	1.0	0.0	1.112e+03	0.237	0.523	GO:0010821
3	89	47	0.98861	0.03416	2.870e+03	0.001	0.468	GO:0006814
4	58	46	0.98099	0.05702	6.304e+02	0.325	0.459	GO:0010955
5	52	38	0.9119	0.26318	6.373e+02	0.221	0.415	GO:0060688
6	114	53	0.9075	0.1599	5.125e+03	-0.035	0.41	GO:0055076
7	75	45	0.84691	0.23897	1.812e+03	0.035	0.516	GO:0018958
8	50	38	0.81623	0.29734	5.345e+02	0.231	0.567	GO:0007498
9	58	43	0.77251	0.39472	7.652e+02	0.269	0.421	GO:0002526
10	21	13	0.76423	0.30686	1.409e+02	0.115	0.314	GO:0036230
11	31	20	0.75978	0.33484	2.868e+02	0.224	0.432	GO:0030901
12	138	67	0.63284	0.34051	7.286e+03	0.004	0.477	GO:0034728
13	47	33	0.63016	0.39457	5.674e+02	0.262	0.352	GO:0061097
14	153	77	0.58646	0.19287	8.735e+03	-0.015	0.451	GO:0007005
15	86	39	0.58633	0.39336	2.973e+03	-0.074	0.396	GO:0046467
16	38	20	0.58321	0.23135	5.313e+02	0.002	0.408	GO:0046365
17	73	44	0.53652	0.38025	1.709e+03	0.115	0.438	GO:2000241
18	67	35	0.52785	0.45617	1.645e+03	0.059	0.404	GO:1902106
19	66	54	0.497	0.4354	7.263e+02	0.312	0.451	GO:0007043
20	36	19	0.42578	0.33996	4.764e+02	0.039	0.39	GO:0030433
21	187	86	0.41391	0.38836	1.381e+04	-0.021	0.445	GO:0043161
22	35	19	0.40695	0.4838	4.405e+02	0.088	0.392	GO:0002762
23	58	32	0.40042	0.33115	1.182e+03	0.097	0.468	GO:2000648
24	148	92	0.39775	0.41733	6.723e+03	0.104	0.477	GO:0045216
25	26	14	0.38842	0.26689	2.468e+02	0.083	0.392	GO:0035384
26	40	19	0.38572	0.26776	6.321e+02	-0.03	0.413	GO:0016126
27	61	31	0.37048	0.25651	1.393e+03	-0.005	0.43	GO:0010631
28	26	23	0.36996	0.39463	7.598e+01	0.506	0.309	GO:0061098
29	51	30	0.28367	0.2362	8.607e+02	0.071	0.502	GO:0072655
30	49	29	0.27674	0.225	7.899e+02	0.082	0.486	GO:0006626
31	38	18	0.25303	0.26083	5.722e+02	0.041	0.35	GO:0070936
32	41	23	0.24839	0.17005	5.853e+02	0.076	0.477	GO:0051588
33	28	17	0.23651	0.23185	2.538e+02	0.126	0.395	GO:0043114
34	38	23	0.23237	0.26259	4.655e+02	0.076	0.506	GO:0050911
35	125	58	0.23169	0.23794	6.163e+03	-0.061	0.476	GO:0046488
36	33	17	0.22984	0.27074	4.085e+02	0.022	0.434	GO:0002753
37	40	31	0.22778	0.39476	3.248e+02	0.313	0.406	GO:0006953
38	34	17	0.21042	0.15409	4.425e+02	-0.005	0.412	GO:0006695
39	20	15	0.19384	0.21468	9.096e+01	0.245	0.452	GO:0045736
40	43	22	0.18779	0.3015	6.930e+02	0.082	0.394	GO:0043966
41	32	23	0.18065	0.20042	2.528e+02	0.204	0.444	GO:0032722
42	66	36	0.17276	0.17292	1.543e+03	0.016	0.477	GO:0006304
43	151	73	0.17096	0.25614	8.740e+03	-0.009	0.486	GO:0071824
44	72	36	0.16438	0.19072	1.958e+03	0.004	0.406	GO:0050688
45	40	18	0.16272	0.09075	6.550e+02	0.004	0.385	GO:0044273
46	60	33	0.15567	0.22859	1.268e+03	0.077	0.415	GO:0042108
47	126	63	0.15058	0.22055	5.961e+03	0.008	0.456	GO:0001667
48	46	23	0.15009	0.19831	8.047e+02	-0.035	0.397	GO:0042446
49	37	18	0.14828	0.18168	5.333e+02	-0.035	0.418	GO:0007292
50	42	20	0.14181	0.13413	6.950e+02	0.023	0.428	GO:0015918
51	62	36	0.14072	0.2302	1.286e+03	0.075	0.444	GO:0003014
52	135	61	0.13786	0.14821	7.304e+03	-0.026	0.447	GO:0006470
53	119	61	0.12889	0.25106	5.230e+03	0.0	0.442	GO:0050851
54	35	17	0.12738	0.12315	4.784e+02	0.084	0.336	GO:0050848
55	32	20	0.1168	0.19076	3.187e+02	0.136	0.439	GO:0050732
56	37	21	0.11488	0.13442	4.725e+02	0.112	0.429	GO:0061351
57	30	15	0.11056	0.13718	3.456e+02	0.058	0.414	GO:0048485
58	146	86	0.10527	0.29866	6.963e+03	0.071	0.484	GO:0034329
59	57	30	0.09537	0.14923	1.187e+03	0.026	0.46	GO:0002065
60	20	14	0.09199	0.15754	1.059e+02	0.274	0.365	GO:0030902
61	77	42	0.08852	0.14766	2.096e+03	0.069	0.495	GO:0072091
62	22	16	0.08816	0.26448	1.179e+02	0.288	0.326	GO:0090189
63	52	34	0.08346	0.1137	7.830e+02	0.11	0.488	GO:0032642
64	42	26	0.08178	0.09632	5.524e+02	0.113	0.437	GO:0045428
65	29	16	0.07832	0.13997	2.997e+02	0.054	0.398	GO:0046513
66	93	45	0.07403	0.12877	3.330e+03	-0.033	0.425	GO:0050852
67	88	51	0.07354	0.16463	2.584e+03	0.064	0.484	GO:0001959
68	22	14	0.06472	0.06189	1.489e+02	0.095	0.432	GO:0046688
69	100	49	0.06399	0.07836	3.815e+03	-0.049	0.507	GO:0050906
70	60	28	0.05881	0.09506	1.428e+03	-0.029	0.409	GO:0006672
71	20	9	0.05876	0.09439	1.679e+02	0.019	0.302	GO:0046949
72	27	13	0.05859	0.07293	2.887e+02	-0.024	0.335	GO:0046209
73	63	35	0.05786	0.16038	1.384e+03	0.081	0.412	GO:0042058
74	41	22	0.05361	0.08862	6.082e+02	0.062	0.451	GO:0060563
75	87	42	0.05223	0.15668	2.921e+03	-0.022	0.441	GO:0002761
76	77	42	0.05161	0.0676	2.096e+03	0.027	0.47	GO:0042594
77	23	14	0.05042	0.06906	1.719e+02	0.106	0.358	GO:0021533
78	33	16	0.04937	0.0653	4.265e+02	-0.056	0.417	GO:0019320
79	26	15	0.04918	0.08533	2.318e+02	0.146	0.37	GO:2000243
80	34	19	0.04759	0.10795	4.056e+02	0.119	0.42	GO:0002889
81	36	23	0.04753	0.07605	3.906e+02	0.13	0.491	GO:0002053
82	37	23	0.04461	0.0864	4.276e+02	0.128	0.484	GO:0060338
83	137	74	0.04453	0.06158	6.651e+03	0.044	0.448	GO:0050708
84	27	16	0.0441	0.07376	2.428e+02	0.126	0.405	GO:0021549
85	22	14	0.0434	0.04818	1.489e+02	0.209	0.397	GO:0018200
86	30	15	0.043	0.036	3.456e+02	-0.01	0.442	GO:0008038
87	21	8	0.04257	0.10628	2.048e+02	-0.073	0.257	GO:0046173
88	49	26	0.04237	0.03705	8.736e+02	-0.033	0.491	GO:0000724
89	62	32	0.04175	0.04784	1.423e+03	-0.025	0.493	GO:0050907
90	22	11	0.04156	0.08373	1.879e+02	0.015	0.364	GO:0051293
91	26	11	0.04152	0.06123	2.917e+02	-0.075	0.309	GO:0090218
92	36	15	0.04089	0.05861	5.582e+02	-0.022	0.39	GO:0006040
93	22	13	0.04075	0.07684	1.629e+02	0.054	0.442	GO:0035924
94	29	17	0.04055	0.05382	2.828e+02	0.054	0.418	GO:0050690
95	28	15	0.04026	0.07357	2.867e+02	0.088	0.408	GO:2000242
96	24	11	0.03948	0.03825	2.368e+02	0.111	0.268	GO:0050850
97	21	10	0.03837	0.05856	1.779e+02	-0.022	0.347	GO:0046834
98	67	39	0.03728	0.11183	1.496e+03	0.068	0.488	GO:0001570
99	38	18	0.03666	0.06874	5.722e+02	0.027	0.406	GO:0009311
100	85	40	0.03652	0.05562	2.837e+03	-0.078	0.492	GO:0006661
101	37	20	0.03633	0.05117	4.934e+02	0.061	0.433	GO:0006305
102	25	15	0.03584	0.05886	2.058e+02	0.124	0.37	GO:0045058
103	26	14	0.03531	0.04987	2.468e+02	0.096	0.433	GO:0048701
104	60	26	0.03468	0.05613	1.497e+03	-0.093	0.362	GO:0030148
105	22	11	0.0336	0.08137	1.879e+02	-0.008	0.364	GO:0042430
106	139	60	0.03344	0.09512	7.960e+03	-0.091	0.444	GO:1901617
107	128	69	0.03326	0.04558	5.819e+03	-0.001	0.461	GO:0000187
108	20	10	0.03259	0.06886	1.559e+02	0.07	0.321	GO:0008210
109	57	35	0.03176	0.07654	1.022e+03	0.059	0.472	GO:0045669
110	20	12	0.03128	0.05034	1.329e+02	0.155	0.38	GO:0030104
111	112	55	0.02814	0.0407	4.773e+03	-0.007	0.471	GO:0040029
112	87	45	0.02779	0.05711	2.786e+03	0.02	0.42	GO:1903362
113	20	10	0.02723	0.03901	1.559e+02	0.012	0.347	GO:0046854
114	23	12	0.02715	0.05622	1.988e+02	-0.049	0.414	GO:0043534
115	97	42	0.02693	0.06185	3.886e+03	-0.038	0.456	GO:0009108
116	44	24	0.02594	0.07781	6.900e+02	0.065	0.456	GO:0035872
117	52	27	0.02533	0.07598	9.993e+02	0.039	0.446	GO:0043010
118	57	26	0.02496	0.06989	1.309e+03	-0.013	0.454	GO:0055092
119	99	48	0.02449	0.07346	3.766e+03	-0.073	0.505	GO:0006302
120	41	27	0.02416	0.05454	4.835e+02	0.137	0.514	GO:0010464
121	35	18	0.02395	0.03779	4.595e+02	0.114	0.323	GO:0002637
122	22	15	0.0239	0.04666	1.339e+02	0.134	0.472	GO:0032728
123	20	10	0.02365	0.02505	1.559e+02	-0.008	0.376	GO:0048477
124	32	18	0.02303	0.04375	3.576e+02	0.059	0.44	GO:0045931
125	82	37	0.02288	0.03909	2.713e+03	-0.024	0.453	GO:0001676
126	117	56	0.02162	0.04479	5.296e+03	-0.002	0.461	GO:0034976
127	72	43	0.02146	0.02811	1.680e+03	0.109	0.445	GO:0050673
128	23	15	0.0212	0.03466	1.569e+02	0.176	0.399	GO:0044062
129	21	13	0.02098	0.04096	1.409e+02	0.176	0.378	GO:0032925
130	23	14	0.02031	0.02713	1.719e+02	0.168	0.383	GO:0000060
131	161	94	0.01901	0.05702	8.538e+03	0.051	0.51	GO:0070613
132	22	11	0.01886	0.03746	1.879e+02	-0.058	0.434	GO:0014065
133	32	17	0.01812	0.05243	3.756e+02	0.09	0.428	GO:0050931
134	24	11	0.0175	0.02935	2.368e+02	-0.079	0.479	GO:0008089
135	50	26	0.01714	0.03884	9.235e+02	-0.05	0.491	GO:0000725
136	33	12	0.01703	0.03353	5.083e+02	-0.09	0.311	GO:0042339
137	27	12	0.01693	0.05061	3.047e+02	-0.045	0.442	GO:0070423
138	187	93	0.01686	0.05057	1.313e+04	0.017	0.438	GO:0051091
139	22	11	0.01681	0.02607	1.879e+02	0.036	0.385	GO:0033344
140	30	20	0.01643	0.028	2.558e+02	0.15	0.435	GO:0045429
141	21	15	0.01636	0.02599	1.119e+02	0.235	0.399	GO:0035813
142	156	70	0.0163	0.03594	9.779e+03	-0.048	0.463	GO:0016311
143	44	19	0.01619	0.03842	8.116e+02	-0.027	0.435	GO:0031424
144	43	25	0.01564	0.04683	6.212e+02	0.087	0.466	GO:0032677
145	31	16	0.01536	0.04412	3.606e+02	0.118	0.36	GO:0035065
146	35	20	0.01517	0.02864	4.206e+02	0.135	0.411	GO:0002712
147	192	87	0.01465	0.04394	1.469e+04	-0.028	0.445	GO:0010498
148	75	39	0.0145	0.0308	2.066e+03	0.023	0.432	GO:0043200
149	20	12	0.01446	0.02611	1.329e+02	0.102	0.432	GO:0060479
150	21	9	0.01327	0.02932	1.908e+02	0.037	0.282	GO:0034502
151	32	17	0.01304	0.02511	3.756e+02	0.025	0.499	GO:0007528
152	32	16	0.01298	0.02225	3.926e+02	0.004	0.513	GO:0046928
153	114	49	0.0127	0.02381	5.380e+03	-0.047	0.408	GO:0007281
154	50	27	0.01265	0.01408	8.966e+02	0.011	0.486	GO:0044728
155	25	12	0.01251	0.0201	2.488e+02	-0.009	0.424	GO:0061077
156	105	52	0.01248	0.03479	4.174e+03	-0.031	0.42	GO:0051054
157	45	26	0.01241	0.02271	6.841e+02	0.101	0.444	GO:0072089
158	49	24	0.0121	0.02221	9.254e+02	-0.041	0.445	GO:0043542
159	24	12	0.01177	0.01833	2.228e+02	-0.005	0.377	GO:0000045
160	20	14	0.01152	0.0313	1.059e+02	0.263	0.397	GO:0001782
161	22	14	0.01139	0.02757	1.489e+02	0.171	0.44	GO:0050829
162	22	14	0.01125	0.01733	1.489e+02	0.032	0.54	GO:0033032
163	91	41	0.01078	0.03233	3.340e+03	-0.033	0.43	GO:0045766
164	28	15	0.01049	0.02017	2.867e+02	0.066	0.509	GO:0060348
165	33	17	0.01028	0.01859	4.085e+02	0.028	0.456	GO:0046471
166	66	36	0.01014	0.0262	1.543e+03	0.04	0.54	GO:0010811
167	87	44	0.01	0.02139	2.831e+03	0.04	0.391	GO:0045580
168	25	10	0.00995	0.01449	2.797e+02	-0.106	0.316	GO:0043552
169	34	18	0.00991	0.01363	4.245e+02	0.022	0.522	GO:0015909
170	31	19	0.00989	0.01325	3.067e+02	0.091	0.484	GO:0048663
171	135	70	0.00943	0.02828	6.667e+03	0.041	0.473	GO:0045785
172	28	11	0.00932	0.01564	3.526e+02	-0.139	0.353	GO:0043551
173	63	27	0.00917	0.01712	1.660e+03	-0.067	0.431	GO:0022404
174	134	77	0.00843	0.01511	6.020e+03	0.043	0.507	GO:0097193
175	20	13	0.00824	0.00944	1.199e+02	0.156	0.501	GO:0033574
176	21	11	0.00817	0.0152	1.659e+02	0.129	0.31	GO:0008045
177	86	44	0.008	0.01464	2.744e+03	0.029	0.437	GO:0030217
178	24	11	0.00782	0.01308	2.368e+02	-0.136	0.394	GO:0050918
179	20	12	0.00772	0.01708	1.329e+02	0.169	0.471	GO:0051954
180	25	16	0.00759	0.01599	1.899e+02	0.157	0.384	GO:0046006
181	93	44	0.00748	0.02026	3.380e+03	-0.045	0.48	GO:0019058
182	38	15	0.00743	0.01407	6.410e+02	-0.011	0.333	GO:0009066
183	116	54	0.00724	0.01871	5.300e+03	-0.021	0.485	GO:0006334
184	121	51	0.00709	0.01343	6.128e+03	-0.078	0.44	GO:0000086
185	97	51	0.00696	0.02088	3.417e+03	0.021	0.471	GO:0071901
186	49	27	0.00692	0.00939	8.467e+02	0.06	0.507	GO:0006998
187	72	34	0.00688	0.01634	2.035e+03	-0.003	0.473	GO:0051352
188	94	56	0.00672	0.01631	2.863e+03	0.069	0.495	GO:0060759
189	27	13	0.00667	0.02002	2.887e+02	-0.053	0.493	GO:0048010
190	37	19	0.00638	0.01147	5.134e+02	0.052	0.419	GO:0072332
191	145	68	0.00636	0.01674	8.224e+03	-0.031	0.458	GO:1903322
192	32	13	0.00634	0.01902	4.494e+02	-0.029	0.337	GO:0030101
193	28	16	0.00628	0.00994	2.708e+02	-0.021	0.435	GO:0031663
194	31	17	0.00623	0.01209	3.437e+02	0.095	0.428	GO:0030318
195	23	10	0.00584	0.00978	2.258e+02	-0.015	0.448	GO:0072595
196	49	34	0.00583	0.00914	6.303e+02	0.149	0.566	GO:0060485
197	68	35	0.00555	0.01191	1.713e+03	0.032	0.389	GO:0002700
198	28	14	0.00551	0.01103	3.017e+02	-0.066	0.468	GO:0031069
199	33	14	0.00544	0.01269	4.654e+02	-0.1	0.377	GO:0043550
200	36	21	0.00524	0.00838	4.355e+02	0.104	0.42	GO:0048538
201	33	21	0.00505	0.01514	3.307e+02	0.134	0.45	GO:0032648
202	34	18	0.00484	0.00746	4.245e+02	0.067	0.484	GO:0045646
203	27	13	0.00483	0.00835	2.887e+02	-0.014	0.48	GO:0090398
204	112	59	0.00475	0.01426	4.543e+03	0.033	0.442	GO:0002699
205	20	9	0.0047	0.01146	1.679e+02	-0.138	0.397	GO:0007220
206	21	11	0.00467	0.01402	1.659e+02	0.098	0.288	GO:0006363
207	29	13	0.00464	0.00679	3.486e+02	-0.027	0.44	GO:0007157
208	88	39	0.00462	0.01231	3.157e+03	-0.058	0.429	GO:0055072
209	94	51	0.00443	0.01286	3.131e+03	0.043	0.462	GO:0042035
210	25	13	0.00441	0.00714	2.348e+02	0.033	0.474	GO:0031055
211	25	14	0.00438	0.01313	2.208e+02	0.099	0.338	GO:0006360
212	21	9	0.00436	0.01309	1.908e+02	-0.071	0.309	GO:0050832
213	24	14	0.00435	0.00839	1.959e+02	0.076	0.492	GO:0046627
214	26	16	0.00421	0.01035	2.158e+02	0.149	0.434	GO:0033144
215	25	11	0.00414	0.00847	2.637e+02	-0.037	0.464	GO:0030206
216	20	12	0.00413	0.01238	1.329e+02	0.13	0.398	GO:2000677
217	56	25	0.00412	0.01237	1.281e+03	-0.029	0.468	GO:0042632
218	21	15	0.0041	0.0123	1.119e+02	0.128	0.522	GO:0009651
219	42	18	0.00398	0.01113	7.438e+02	-0.063	0.418	GO:0034637
220	98	46	0.00388	0.00778	3.770e+03	-0.02	0.42	GO:0002831
221	34	19	0.00384	0.01152	4.056e+02	0.033	0.471	GO:0014015
222	35	16	0.0038	0.00664	4.984e+02	0.018	0.337	GO:0048871
223	24	13	0.00371	0.01027	2.098e+02	0.095	0.305	GO:0006361
224	107	54	0.00366	0.01064	4.279e+03	-0.008	0.491	GO:0006839
225	115	59	0.00364	0.00818	4.883e+03	-0.016	0.473	GO:0034599
226	27	10	0.00357	0.01072	3.396e+02	-0.161	0.477	GO:1901685
227	24	13	0.00356	0.00712	2.098e+02	0.084	0.466	GO:0018904
228	23	15	0.00354	0.01061	1.569e+02	0.196	0.395	GO:2000191
229	30	16	0.00342	0.01025	3.297e+02	-0.04	0.522	GO:0032508
230	83	34	0.00331	0.00519	2.947e+03	-0.062	0.439	GO:0030968
231	43	24	0.00328	0.00645	6.461e+02	0.013	0.509	GO:0007369
232	73	35	0.00323	0.00968	2.071e+03	-0.053	0.504	GO:0034162
233	28	14	0.00323	0.00968	3.017e+02	0.007	0.435	GO:0043462
234	23	16	0.0032	0.0096	1.409e+02	0.114	0.547	GO:0010771
235	22	14	0.00318	0.00493	1.489e+02	0.081	0.47	GO:0016338
236	41	21	0.00314	0.00657	6.301e+02	-0.031	0.472	GO:0009247
237	22	10	0.00311	0.00466	2.008e+02	0.09	0.383	GO:0045879
238	42	23	0.0031	0.00929	6.272e+02	0.074	0.47	GO:0032092
239	51	23	0.00302	0.00905	1.058e+03	-0.066	0.42	GO:0030888
240	24	12	0.00301	0.00702	2.228e+02	0.022	0.441	GO:0006658
241	23	13	0.00296	0.00889	1.859e+02	0.073	0.448	GO:0036152
242	58	27	0.00296	0.00729	1.337e+03	-0.078	0.458	GO:0043467
243	71	44	0.00283	0.00826	1.564e+03	0.069	0.495	GO:0032355
244	35	16	0.00282	0.00847	4.984e+02	-0.069	0.512	GO:0043266
245	36	16	0.00281	0.00844	5.363e+02	-0.082	0.421	GO:0050999
246	23	14	0.00281	0.00842	1.719e+02	0.172	0.442	GO:0032892
247	40	22	0.0028	0.0084	5.673e+02	0.032	0.509	GO:0051349
248	61	27	0.00279	0.0073	1.527e+03	-0.038	0.458	GO:0007569
249	101	52	0.00277	0.00818	3.762e+03	0.009	0.499	GO:0031397
250	23	12	0.00271	0.00492	1.988e+02	0.084	0.428	GO:0006662
251	40	23	0.00268	0.00803	5.443e+02	0.103	0.466	GO:0001657
252	29	19	0.00265	0.00436	2.458e+02	0.122	0.475	GO:0045777
253	67	26	0.00261	0.00784	1.987e+03	-0.126	0.404	GO:0030512
254	20	10	0.00259	0.00534	1.559e+02	0.039	0.547	GO:0031497
255	21	11	0.00256	0.00554	1.659e+02	0.08	0.354	GO:0046329
256	26	16	0.00251	0.00635	2.158e+02	0.064	0.613	GO:0021955
257	20	7	0.0024	0.00719	1.948e+02	-0.204	0.332	GO:0031640
258	22	15	0.00238	0.00517	1.339e+02	0.108	0.53	GO:0044089
259	58	32	0.00234	0.00702	1.182e+03	0.025	0.446	GO:0050715
260	25	11	0.00232	0.00695	2.637e+02	0.011	0.399	GO:0042771
261	32	16	0.0023	0.0055	3.926e+02	-0.033	0.416	GO:0008209
262	73	40	0.0023	0.0069	1.878e+03	0.033	0.445	GO:0061136
263	43	25	0.00228	0.00557	6.212e+02	0.088	0.523	GO:0007270
264	26	12	0.00228	0.00684	2.757e+02	-0.089	0.533	GO:0051350
265	30	16	0.00224	0.00522	3.297e+02	-0.009	0.437	GO:0048864
266	77	41	0.00222	0.00666	2.138e+03	0.01	0.492	GO:0021953
267	27	13	0.00221	0.00662	2.887e+02	-0.031	0.437	GO:0001960
268	22	12	0.0022	0.00661	1.759e+02	-0.026	0.528	GO:0034105
269	112	50	0.0022	0.00526	5.075e+03	-0.073	0.434	GO:0007417
270	31	16	0.0022	0.00659	3.606e+02	-0.057	0.553	GO:0030803
271	21	10	0.00217	0.00478	1.779e+02	-0.037	0.4	GO:0000718
272	24	17	0.00211	0.00496	1.479e+02	0.124	0.55	GO:0033003
273	33	19	0.00211	0.00632	3.716e+02	0.0	0.548	GO:0045776
274	32	16	0.00202	0.00369	3.926e+02	-0.037	0.48	GO:0046626
275	28	14	0.00201	0.0053	3.017e+02	0.028	0.421	GO:0044743
276	31	13	0.00201	0.00602	4.145e+02	-0.081	0.401	GO:0070192
277	27	16	0.00196	0.00465	2.428e+02	0.069	0.511	GO:0090329
278	30	13	0.00195	0.00586	3.806e+02	-0.061	0.433	GO:0071827
279	35	17	0.00195	0.00584	4.784e+02	-0.001	0.458	GO:0007628
280	51	27	0.00193	0.0058	9.474e+02	0.032	0.444	GO:0001947
281	57	27	0.00186	0.00558	1.277e+03	-0.099	0.489	GO:0007254
282	41	22	0.00186	0.00339	6.082e+02	0.049	0.496	GO:0045839
283	41	21	0.00186	0.00411	6.301e+02	0.017	0.48	GO:0042059
284	24	11	0.00184	0.00553	2.368e+02	0.009	0.393	GO:0071514
285	23	16	0.00182	0.00547	1.409e+02	0.2	0.389	GO:0007176
286	35	18	0.0018	0.00322	4.595e+02	0.043	0.486	GO:0071174
287	46	20	0.00178	0.0041	8.825e+02	-0.016	0.376	GO:0021782
288	25	13	0.00177	0.00466	2.348e+02	0.073	0.445	GO:0006611
289	21	10	0.00175	0.00357	1.779e+02	0.01	0.354	GO:0072009
290	22	9	0.00172	0.00388	2.148e+02	-0.113	0.365	GO:0006829
291	41	21	0.00171	0.00369	6.301e+02	-0.035	0.423	GO:0001709
292	39	20	0.0017	0.00466	5.703e+02	0.037	0.495	GO:0030397
293	39	16	0.00167	0.005	6.600e+02	-0.09	0.394	GO:0090382
294	88	43	0.00166	0.00498	2.964e+03	-0.019	0.479	GO:0000079
295	29	17	0.00165	0.00496	2.828e+02	0.021	0.563	GO:0043928
296	27	11	0.00162	0.00486	3.216e+02	-0.091	0.462	GO:0032855
297	85	39	0.00161	0.00484	2.883e+03	-0.067	0.476	GO:0036294
298	40	17	0.0016	0.00481	6.789e+02	-0.098	0.455	GO:0055010
299	24	11	0.00157	0.00315	2.368e+02	0.017	0.385	GO:0042596
300	22	10	0.00152	0.00329	2.008e+02	-0.145	0.539	GO:0043330
301	42	34	0.0015	0.00451	3.088e+02	0.315	0.486	GO:0045861
302	49	22	0.0015	0.0045	9.802e+02	-0.053	0.397	GO:0042787
303	20	12	0.00149	0.00338	1.329e+02	0.071	0.507	GO:0048857
304	20	12	0.00141	0.00306	1.329e+02	0.02	0.567	GO:0006949
305	25	12	0.00139	0.00348	2.488e+02	0.007	0.46	GO:0070534
306	20	8	0.00138	0.00413	1.808e+02	-0.057	0.383	GO:0014743
307	33	18	0.00137	0.0041	3.906e+02	0.094	0.455	GO:0009409
308	27	14	0.00136	0.00273	2.737e+02	0.05	0.395	GO:0030449
309	45	25	0.00135	0.00406	7.100e+02	0.034	0.492	GO:0045685
310	27	12	0.00134	0.00402	3.047e+02	-0.11	0.551	GO:0006505
311	22	8	0.00134	0.00401	2.298e+02	-0.176	0.535	GO:0030201
312	72	34	0.00132	0.00299	2.035e+03	-0.013	0.484	GO:0051437
313	33	15	0.00126	0.00253	4.455e+02	-0.053	0.452	GO:0007131
314	38	19	0.00126	0.00252	5.513e+02	-0.075	0.55	GO:0031532
315	31	13	0.00123	0.00336	4.145e+02	-0.09	0.336	GO:0034109
316	32	17	0.00122	0.00366	3.756e+02	-0.02	0.495	GO:0032392
317	52	23	0.0012	0.0036	1.113e+03	-0.072	0.457	GO:0006282
318	104	47	0.00114	0.00343	4.347e+03	-0.04	0.434	GO:0006473
319	107	54	0.00113	0.00232	4.279e+03	-0.01	0.5	GO:1903321
320	37	17	0.00111	0.00332	5.542e+02	-0.048	0.516	GO:0022008
321	64	28	0.0011	0.0033	1.691e+03	-0.026	0.459	GO:0006987
322	38	22	0.00109	0.00328	4.884e+02	0.078	0.518	GO:0007595
323	23	10	0.00109	0.00312	2.258e+02	-0.039	0.437	GO:0008299
324	21	13	0.00108	0.00323	1.409e+02	0.124	0.451	GO:0033081
325	26	11	0.00108	0.00323	2.917e+02	-0.025	0.446	GO:1902692
326	34	16	0.00106	0.00317	4.614e+02	0.002	0.45	GO:0035115
327	86	44	0.00105	0.00316	2.744e+03	-0.057	0.504	GO:0045732
328	24	8	0.00102	0.00305	2.847e+02	-0.211	0.379	GO:0070098
329	25	13	0.00098	0.00201	2.348e+02	0.089	0.363	GO:0001659
330	57	29	0.00098	0.00157	1.217e+03	0.024	0.427	GO:0030900
331	56	26	0.00094	0.00283	1.250e+03	-0.034	0.45	GO:0007033
332	56	22	0.00094	0.00193	1.383e+03	-0.092	0.409	GO:0007286
333	42	22	0.00089	0.00268	6.501e+02	0.036	0.424	GO:0031100
334	69	30	0.00086	0.00258	1.971e+03	-0.05	0.473	GO:0072395
335	26	14	0.00085	0.00256	2.468e+02	0.023	0.575	GO:0051602
336	26	10	0.00085	0.00254	3.087e+02	-0.119	0.443	GO:0046503
337	39	22	0.00085	0.00198	5.274e+02	0.117	0.412	GO:0048806
338	85	43	0.00083	0.00248	2.702e+03	0.024	0.41	GO:0050864
339	29	12	0.00082	0.00246	3.666e+02	-0.036	0.443	GO:0015988
340	30	16	0.00081	0.00242	3.297e+02	-0.019	0.486	GO:0050433
341	26	15	0.0008	0.00241	2.318e+02	0.079	0.458	GO:0002286
342	22	14	0.0008	0.0024	1.489e+02	0.03	0.499	GO:0044705
343	33	14	0.0008	0.00159	4.654e+02	-0.057	0.419	GO:0033692
344	44	21	0.00078	0.00233	7.608e+02	-0.025	0.433	GO:0000018
345	29	15	0.00076	0.00229	3.157e+02	0.048	0.44	GO:0010524
346	38	20	0.00075	0.0022	5.313e+02	0.007	0.519	GO:0031281
347	27	12	0.00075	0.00226	3.047e+02	0.033	0.46	GO:0007052
348	69	37	0.00073	0.00213	1.709e+03	0.021	0.509	GO:0001654
349	22	14	0.00073	0.00218	1.489e+02	0.1	0.514	GO:0051181
350	39	19	0.00072	0.00217	5.912e+02	-0.025	0.451	GO:0008088
351	120	57	0.00072	0.00145	5.597e+03	0.003	0.453	GO:0050866
352	24	9	0.00072	0.00217	2.677e+02	-0.092	0.388	GO:0050922
353	43	20	0.00071	0.00212	7.399e+02	0.002	0.454	GO:0031058
354	26	15	0.00071	0.00212	2.318e+02	0.076	0.473	GO:1900077
355	63	29	0.0007	0.00211	1.587e+03	-0.058	0.438	GO:0070661
356	82	36	0.0007	0.00177	2.760e+03	-0.038	0.444	GO:0071158
357	94	37	0.00068	0.00205	3.859e+03	-0.111	0.462	GO:0006984
358	54	31	0.00068	0.00203	9.884e+02	0.119	0.447	GO:0001649
359	70	40	0.00066	0.00198	1.663e+03	0.074	0.455	GO:0033135
360	40	24	0.00066	0.00197	5.204e+02	0.029	0.505	GO:0045778
361	37	15	0.00065	0.00196	5.991e+02	-0.089	0.424	GO:0071479
362	36	12	0.00064	0.00193	6.300e+02	-0.16	0.343	GO:0001890
363	27	13	0.00063	0.00128	2.887e+02	0.008	0.451	GO:0043489
364	65	27	0.00062	0.00187	1.799e+03	-0.143	0.502	GO:0060333
365	81	42	0.0006	0.00181	2.413e+03	-0.043	0.498	GO:0007631
366	62	27	0.0006	0.00173	1.592e+03	-0.078	0.499	GO:0035264
367	24	11	0.00059	0.00178	2.368e+02	-0.125	0.513	GO:0048147
368	20	9	0.00059	0.00176	1.679e+02	-0.015	0.53	GO:0070271
369	23	12	0.00058	0.00169	1.988e+02	0.046	0.41	GO:0048484
370	70	34	0.00058	0.00173	1.888e+03	-0.023	0.436	GO:0046425
371	82	41	0.00058	0.00173	2.536e+03	-0.032	0.502	GO:1903035
372	67	30	0.00057	0.0017	1.826e+03	-0.033	0.492	GO:0051436
373	25	13	0.00056	0.00169	2.348e+02	-0.066	0.502	GO:0001836
374	39	17	0.00056	0.00169	6.361e+02	-0.061	0.455	GO:0042147
375	30	15	0.00056	0.00167	3.456e+02	-0.042	0.556	GO:0007190
376	38	17	0.00056	0.00167	5.942e+02	-0.074	0.538	GO:0050982
377	23	11	0.00055	0.00164	2.118e+02	-0.034	0.451	GO:0072525
378	27	12	0.00054	0.00158	3.047e+02	-0.075	0.448	GO:0006775
379	26	12	0.00054	0.00162	2.757e+02	0.013	0.335	GO:0032873
380	25	16	0.00054	0.00161	1.899e+02	0.157	0.426	GO:0010543
381	34	17	0.00054	0.00161	4.425e+02	0.048	0.482	GO:0045841
382	21	10	0.00053	0.0016	1.779e+02	-0.088	0.618	GO:0046135
383	37	17	0.00052	0.00116	5.542e+02	0.002	0.394	GO:0001944
384	20	10	0.00051	0.00103	1.559e+02	-0.002	0.518	GO:0045648
385	31	10	0.0005	0.00151	4.773e+02	-0.163	0.42	GO:0015701
386	40	18	0.0005	0.00151	6.550e+02	-0.084	0.476	GO:1900076
387	22	12	0.0005	0.001	1.759e+02	0.002	0.535	GO:0000819
388	26	15	0.00049	0.00148	2.318e+02	0.065	0.497	GO:0046825
389	58	25	0.00049	0.00146	1.404e+03	-0.079	0.5	GO:0006521
390	85	38	0.00048	0.00144	2.931e+03	-0.071	0.508	GO:0006415
391	72	30	0.00046	0.00139	2.200e+03	-0.043	0.448	GO:0032069
392	21	9	0.00046	0.00139	1.908e+02	-0.005	0.333	GO:0033198
393	31	17	0.00043	0.0013	3.437e+02	0.0	0.511	GO:0060761
394	22	9	0.00042	0.00125	2.148e+02	-0.088	0.566	GO:0030325
395	78	37	0.00041	0.00124	2.379e+03	-0.015	0.493	GO:0051439
396	21	11	0.00039	0.00118	1.659e+02	-0.095	0.509	GO:0046320
397	29	14	0.00039	0.00116	3.317e+02	-0.039	0.516	GO:0006476
398	22	16	0.00037	0.00076	1.179e+02	0.204	0.461	GO:0090200
399	42	21	0.00036	0.00109	6.720e+02	-0.028	0.486	GO:0034644
400	35	14	0.00036	0.00108	5.412e+02	-0.013	0.414	GO:0030317
401	26	15	0.00035	0.00106	2.318e+02	0.023	0.553	GO:0032732
402	82	36	0.00034	0.00103	2.760e+03	-0.108	0.517	GO:0051262
403	29	14	0.00034	0.00102	3.317e+02	-0.119	0.543	GO:0042304
404	25	11	0.00032	0.00096	2.637e+02	-0.047	0.475	GO:0001958
405	35	13	0.00031	0.00092	5.642e+02	-0.107	0.392	GO:0007566
406	21	12	0.0003	0.00091	1.539e+02	0.004	0.534	GO:0031016
407	33	17	0.00028	0.00084	4.085e+02	0.115	0.379	GO:2000756
408	31	13	0.00027	0.0008	4.145e+02	-0.084	0.433	GO:0071825
409	39	16	0.00026	0.00078	6.600e+02	-0.047	0.352	GO:0031623
410	29	19	0.00026	0.00078	2.458e+02	0.128	0.46	GO:0050853
411	60	25	0.00025	0.00076	1.532e+03	-0.075	0.469	GO:0006637
412	62	33	0.00025	0.00076	1.390e+03	-0.014	0.492	GO:0032846
413	23	14	0.00025	0.00072	1.719e+02	0.026	0.499	GO:0019098
414	27	15	0.00025	0.00074	2.588e+02	0.047	0.434	GO:0010470
415	22	10	0.00025	0.00074	2.008e+02	-0.086	0.476	GO:0045909
416	77	37	0.00024	0.00072	2.299e+03	-0.043	0.505	GO:0033238
417	23	11	0.00024	0.00071	2.118e+02	-0.078	0.489	GO:0007062
418	24	10	0.00024	0.00071	2.518e+02	-0.08	0.462	GO:0060343
419	22	9	0.00022	0.00067	2.148e+02	-0.154	0.46	GO:0050912
420	37	17	0.00022	0.00066	5.542e+02	-0.032	0.414	GO:0071230
421	59	28	0.00022	0.00065	1.366e+03	-0.066	0.49	GO:0045454
422	129	60	0.00022	0.00065	6.551e+03	-0.033	0.495	GO:0065004
423	60	28	0.00021	0.00064	1.428e+03	-0.076	0.537	GO:0007608
424	20	6	0.00021	0.00052	2.098e+02	-0.128	0.199	GO:0046461
425	38	17	0.00021	0.00062	5.942e+02	-0.103	0.569	GO:0030049
426	26	11	0.0002	0.00061	2.917e+02	-0.064	0.483	GO:0030166
427	22	20	0.00019	0.00056	4.399e+01	0.34	0.482	GO:0010823
428	36	18	0.00018	0.00053	4.954e+02	-0.078	0.566	GO:0006584
429	28	9	0.00017	0.00052	3.915e+02	-0.293	0.524	GO:0017158
430	38	19	0.00017	0.00037	5.513e+02	-0.06	0.506	GO:1901800
431	21	9	0.00017	0.0005	1.908e+02	-0.154	0.625	GO:0001502
432	32	20	0.00017	0.0005	3.187e+02	0.1	0.455	GO:0045599
433	32	13	0.00016	0.00049	4.494e+02	-0.092	0.516	GO:0033628
434	28	17	0.00016	0.00049	2.538e+02	0.019	0.556	GO:0042036
435	86	47	0.00016	0.00049	2.607e+03	0.031	0.448	GO:0050714
436	76	33	0.00016	0.00047	2.389e+03	-0.081	0.455	GO:0009913
437	20	10	0.00016	0.00047	1.559e+02	0.081	0.361	GO:0010714
438	21	12	0.00015	0.00044	1.539e+02	0.075	0.459	GO:0050704
439	21	10	0.00015	0.00044	1.779e+02	0.015	0.457	GO:2000351
440	85	41	0.00014	0.00043	2.791e+03	-0.021	0.436	GO:0042542
441	46	22	0.00014	0.00041	8.297e+02	-0.011	0.493	GO:0006333
442	32	18	0.00014	0.00041	3.576e+02	0.037	0.432	GO:0032885
443	25	15	0.00013	0.0004	2.058e+02	-0.003	0.566	GO:0031952
444	20	8	0.00012	0.00037	1.808e+02	-0.068	0.433	GO:0002833
445	32	16	0.00012	0.00037	3.926e+02	0.026	0.505	GO:0007094
446	29	15	0.00012	0.00035	3.157e+02	0.016	0.592	GO:0051893
447	24	12	0.00011	0.00032	2.228e+02	-0.05	0.533	GO:0007194
448	64	35	0.0001	0.00031	1.448e+03	0.078	0.412	GO:1901184
449	25	14	0.0001	0.0003	2.208e+02	0.046	0.452	GO:0010226
450	34	16	0.0001	0.0003	4.614e+02	-0.079	0.49	GO:0018107
451	67	34	0.0001	0.0003	1.680e+03	0.015	0.394	GO:0045621
452	20	9	0.0001	0.0003	1.679e+02	-0.127	0.576	GO:0051412
453	21	9	0.0001	0.00029	1.908e+02	-0.222	0.608	GO:0042573
454	29	11	0.0001	0.00029	3.855e+02	-0.144	0.362	GO:0042743
455	33	15	9e-05	0.00026	4.455e+02	-0.017	0.442	GO:0065002
456	37	18	8e-05	0.00025	5.333e+02	-0.005	0.473	GO:0010043
457	26	13	8e-05	0.00025	2.608e+02	-0.018	0.34	GO:0042246
458	67	34	8e-05	0.00024	1.680e+03	-0.022	0.524	GO:0051339
459	21	8	8e-05	0.00023	2.048e+02	-0.176	0.493	GO:0009060
460	23	16	8e-05	0.00023	1.409e+02	0.072	0.586	GO:0048512
461	41	17	8e-05	0.00023	7.238e+02	-0.139	0.46	GO:0071347
462	24	11	6e-05	0.00019	2.368e+02	-0.096	0.511	GO:0006506
463	20	9	6e-05	0.00019	1.679e+02	-0.207	0.549	GO:0031102
464	20	10	6e-05	0.00017	1.559e+02	0.006	0.502	GO:0050892
465	20	10	6e-05	0.00017	1.559e+02	0.09	0.476	GO:0051881
466	23	12	5e-05	0.00016	1.988e+02	-0.055	0.523	GO:0032459
467	100	47	5e-05	0.00016	3.921e+03	-0.037	0.513	GO:0051340
468	20	14	5e-05	0.00016	1.059e+02	0.137	0.522	GO:0051962
469	22	10	5e-05	0.00016	2.008e+02	-0.086	0.565	GO:0071384
470	84	38	5e-05	0.00014	2.841e+03	-0.075	0.508	GO:0019083
471	93	44	5e-05	0.00014	3.380e+03	-0.084	0.445	GO:0031098
472	29	13	5e-05	0.00014	3.486e+02	-0.037	0.464	GO:2000179
473	20	11	4e-05	0.00012	1.449e+02	-0.051	0.568	GO:2000108
474	91	37	4e-05	0.00011	3.552e+03	-0.117	0.409	GO:0034754
475	23	10	4e-05	0.00011	2.258e+02	-0.018	0.464	GO:1903313
476	74	34	4e-05	0.00011	2.187e+03	-0.064	0.485	GO:1990267
477	49	21	3e-05	0.0001	1.009e+03	-0.123	0.495	GO:0008637
478	30	19	3e-05	0.0001	2.758e+02	0.108	0.476	GO:0050766
479	20	10	3e-05	0.0001	1.559e+02	-0.136	0.612	GO:0098581
480	38	21	3e-05	8e-05	5.104e+02	0.044	0.441	GO:0030858
481	20	8	2e-05	7e-05	1.808e+02	-0.116	0.37	GO:0019724
482	42	16	2e-05	7e-05	7.966e+02	-0.09	0.464	GO:0023021
483	37	15	2e-05	7e-05	5.991e+02	-0.168	0.479	GO:0045071
484	97	42	2e-05	7e-05	3.886e+03	-0.081	0.416	GO:0090101
485	34	14	2e-05	6e-05	5.023e+02	-0.01	0.44	GO:0033865
486	25	12	1e-05	3e-05	2.488e+02	-0.024	0.416	GO:0044058
487	28	15	1e-05	4e-05	2.867e+02	-0.042	0.464	GO:0045055
488	95	44	1e-05	4e-05	3.575e+03	-0.001	0.445	GO:0051250
489	51	24	1e-05	2e-05	1.029e+03	-0.063	0.443	GO:0048641
