Order	#(Annotations)	#(Annotations of perturbed genes)	Mean Posterior Probability	Standard Deviation Posterior Probability	p-value	Average Expression Level	Average position perturbed genes	Term Name
1	139	60	0.771	0.30224	7.960e+03	-0.025	0.393	GO:0051656
2	40	23	0.74306	0.2488	5.443e+02	0.088	0.418	GO:0007006
3	110	64	0.73396	0.37057	4.013e+03	0.112	0.389	GO:0006109
4	26	21	0.72011	0.27579	1.209e+02	0.373	0.362	GO:0070979
5	115	61	0.70191	0.41291	4.763e+03	0.026	0.408	GO:0009063
6	85	59	0.7	0.45826	1.883e+03	0.203	0.45	GO:0036294
7	26	22	0.67064	0.3466	9.897e+01	0.3	0.495	GO:0045814
8	25	16	0.63816	0.30564	1.899e+02	0.149	0.413	GO:0000038
9	81	51	0.6	0.4899	1.992e+03	0.185	0.361	GO:0007093
10	55	38	0.59403	0.48533	7.990e+02	0.283	0.306	GO:0032941
11	24	13	0.57082	0.32901	2.098e+02	0.093	0.364	GO:0001539
12	84	48	0.50772	0.39328	2.389e+03	0.075	0.468	GO:0031099
13	34	25	0.50154	0.4188	2.708e+02	0.198	0.473	GO:0009262
14	194	111	0.48859	0.48966	1.263e+04	0.06	0.476	GO:2001233
15	60	36	0.48029	0.45357	1.163e+03	0.153	0.433	GO:0006968
16	54	28	0.46057	0.39917	1.078e+03	0.042	0.431	GO:0006458
17	40	21	0.43593	0.38252	5.892e+02	-0.013	0.466	GO:0006953
18	28	23	0.423	0.45606	1.309e+02	0.365	0.405	GO:0035637
19	21	12	0.41236	0.43567	1.539e+02	0.141	0.362	GO:0042116
20	49	26	0.40742	0.39876	8.736e+02	0.073	0.423	GO:0051084
21	29	23	0.39172	0.41983	1.599e+02	0.264	0.48	GO:0009394
22	62	32	0.39114	0.35661	1.423e+03	0.037	0.436	GO:0016579
23	149	80	0.38099	0.46951	7.900e+03	0.057	0.412	GO:0000075
24	70	38	0.35805	0.30153	1.741e+03	0.017	0.455	GO:0046425
25	62	41	0.33696	0.44735	1.091e+03	0.154	0.442	GO:0002027
26	57	46	0.32061	0.38617	5.725e+02	0.396	0.356	GO:0002793
27	55	44	0.30949	0.41006	5.505e+02	0.39	0.355	GO:0090277
28	92	62	0.3	0.45826	2.321e+03	0.192	0.443	GO:0071453
29	92	50	0.2983	0.41276	2.996e+03	0.046	0.38	GO:1901606
30	52	26	0.29293	0.24156	1.026e+03	0.057	0.403	GO:0006888
31	66	32	0.29228	0.32463	1.682e+03	-0.014	0.395	GO:0051291
32	156	79	0.29176	0.37372	9.041e+03	-0.002	0.452	GO:0070663
33	105	61	0.26664	0.37026	3.664e+03	0.114	0.386	GO:0010675
34	65	42	0.26614	0.41583	1.241e+03	0.243	0.326	GO:0007589
35	28	17	0.26059	0.40286	2.538e+02	0.164	0.369	GO:2001238
36	46	22	0.25213	0.34548	8.297e+02	-0.04	0.438	GO:0035036
37	42	25	0.22464	0.20425	5.783e+02	0.078	0.449	GO:0072528
38	143	81	0.22464	0.3536	6.947e+03	0.037	0.506	GO:2000027
39	56	29	0.22236	0.26199	1.160e+03	-0.028	0.502	GO:0007033
40	89	56	0.22052	0.39179	2.404e+03	0.111	0.496	GO:2001236
41	151	76	0.21665	0.34018	8.509e+03	-0.004	0.447	GO:0032944
42	76	50	0.2	0.4	1.649e+03	0.228	0.358	GO:0046887
43	77	42	0.19634	0.26695	2.096e+03	0.02	0.5	GO:1900544
44	25	15	0.18677	0.19623	2.058e+02	0.076	0.475	GO:0006893
45	114	52	0.17625	0.2441	5.187e+03	-0.045	0.438	GO:0016072
46	90	54	0.17345	0.3227	2.605e+03	0.073	0.48	GO:2001234
47	63	33	0.17344	0.23505	1.453e+03	0.03	0.463	GO:0030819
48	150	75	0.15178	0.29985	8.434e+03	-0.009	0.451	GO:0050670
49	23	13	0.15138	0.16857	1.859e+02	0.121	0.41	GO:0007032
50	51	28	0.14682	0.29837	9.195e+02	0.086	0.385	GO:0001508
51	76	42	0.14414	0.24783	2.019e+03	0.072	0.425	GO:0022407
52	38	31	0.13983	0.30376	2.459e+02	0.432	0.306	GO:0007595
53	21	18	0.13294	0.17518	6.098e+01	0.321	0.481	GO:0006342
54	79	35	0.12929	0.2911	2.549e+03	-0.068	0.436	GO:0009566
55	37	23	0.12178	0.13245	4.276e+02	0.168	0.427	GO:0030514
56	148	65	0.11472	0.29704	8.924e+03	-0.095	0.415	GO:0006816
57	22	15	0.11052	0.16645	1.339e+02	0.219	0.457	GO:0048710
58	45	37	0.10955	0.26935	3.328e+02	0.412	0.357	GO:0032024
59	35	20	0.10869	0.11122	4.206e+02	0.029	0.452	GO:0046134
60	164	80	0.10695	0.27016	1.024e+04	0.005	0.452	GO:0006469
61	57	31	0.10082	0.27599	1.156e+03	0.061	0.451	GO:0051258
62	20	10	0.0957	0.0897	1.559e+02	0.037	0.279	GO:0046949
63	27	13	0.09554	0.16618	2.887e+02	0.015	0.388	GO:0046209
64	22	17	0.09472	0.20181	1.010e+02	0.343	0.369	GO:0061337
65	25	12	0.0865	0.13039	2.488e+02	-0.033	0.39	GO:0051693
66	56	30	0.08064	0.13872	1.130e+03	0.052	0.455	GO:0016571
67	31	24	0.07942	0.18548	1.969e+02	0.227	0.485	GO:0019692
68	45	24	0.07909	0.21717	7.349e+02	0.028	0.408	GO:2001243
69	29	16	0.07748	0.17327	2.997e+02	-0.006	0.426	GO:0002275
70	189	95	0.07544	0.17713	1.331e+04	-0.011	0.498	GO:0009203
71	26	14	0.07266	0.07648	2.468e+02	0.024	0.35	GO:1900077
72	25	14	0.06827	0.17677	2.208e+02	0.112	0.419	GO:0061077
73	23	10	0.06598	0.0975	2.258e+02	-0.058	0.361	GO:0032504
74	33	16	0.0621	0.06462	4.265e+02	-0.06	0.417	GO:0007257
75	20	13	0.06194	0.11677	1.199e+02	0.251	0.371	GO:0045736
76	165	90	0.06072	0.18217	9.553e+03	0.049	0.433	GO:0002791
77	28	15	0.06024	0.07251	2.867e+02	0.064	0.437	GO:0016574
78	72	38	0.05787	0.07934	1.884e+03	0.015	0.485	GO:0030810
79	65	35	0.05552	0.0804	1.513e+03	0.032	0.489	GO:0030816
80	78	42	0.05509	0.11141	2.174e+03	0.017	0.5	GO:0045981
81	40	22	0.05289	0.07194	5.673e+02	0.085	0.27	GO:1900076
82	32	15	0.05288	0.0557	4.105e+02	-0.084	0.436	GO:0030101
83	32	14	0.05236	0.12288	4.295e+02	-0.067	0.372	GO:0070206
84	41	23	0.05231	0.07324	5.853e+02	0.075	0.444	GO:0034968
85	24	13	0.05104	0.04801	2.098e+02	0.035	0.333	GO:0046627
86	30	18	0.04809	0.08669	2.947e+02	0.062	0.528	GO:0007040
87	42	22	0.04767	0.05614	6.501e+02	0.042	0.51	GO:0006909
88	32	18	0.04664	0.07224	3.576e+02	0.118	0.265	GO:0046626
89	32	17	0.04618	0.07801	3.756e+02	0.098	0.436	GO:0007528
90	175	84	0.04451	0.13354	1.178e+04	-0.005	0.446	GO:0033673
91	21	10	0.04448	0.07422	1.779e+02	0.073	0.333	GO:0006363
92	76	36	0.04446	0.07575	2.261e+03	-0.004	0.43	GO:0070646
93	114	55	0.04227	0.07077	5.003e+03	-0.01	0.462	GO:0006164
94	25	14	0.04151	0.0485	2.208e+02	0.011	0.507	GO:0030206
95	106	50	0.04014	0.12041	4.393e+03	-0.019	0.436	GO:0042129
96	75	39	0.0387	0.07832	2.066e+03	0.02	0.494	GO:0006200
97	25	12	0.03842	0.06597	2.488e+02	0.026	0.385	GO:0006360
98	37	18	0.03727	0.06066	5.333e+02	-0.009	0.395	GO:0050830
99	54	25	0.03724	0.07399	1.165e+03	-0.086	0.469	GO:0009988
100	59	25	0.03724	0.06974	1.468e+03	-0.097	0.434	GO:0009306
101	74	41	0.03686	0.10667	1.911e+03	0.04	0.53	GO:0051153
102	39	20	0.03604	0.06056	5.703e+02	0.062	0.442	GO:0038032
103	53	25	0.03582	0.07228	1.109e+03	-0.036	0.44	GO:0043038
104	78	39	0.0335	0.08023	2.296e+03	-0.008	0.468	GO:0006479
105	110	48	0.03336	0.04193	4.966e+03	-0.05	0.422	GO:0006633
106	163	72	0.03209	0.0899	1.078e+04	-0.091	0.425	GO:0072511
107	28	16	0.0316	0.06468	2.708e+02	-0.015	0.474	GO:0045055
108	70	36	0.03128	0.06426	1.816e+03	-0.002	0.491	GO:0030804
109	31	19	0.02803	0.0554	3.067e+02	0.104	0.473	GO:0051445
110	21	11	0.02682	0.05324	1.659e+02	0.044	0.495	GO:0045616
111	50	40	0.02586	0.02971	4.556e+02	0.345	0.409	GO:0051784
112	42	21	0.02552	0.05813	6.720e+02	0.022	0.448	GO:0023021
113	191	106	0.0254	0.07621	1.259e+04	0.048	0.474	GO:0010639
114	49	21	0.02371	0.04498	1.009e+03	-0.081	0.379	GO:0006636
115	45	20	0.02312	0.03733	8.336e+02	-0.058	0.383	GO:0046456
116	44	26	0.02312	0.04949	6.392e+02	0.034	0.509	GO:0051279
117	21	13	0.02306	0.03342	1.409e+02	0.091	0.51	GO:0008045
118	35	17	0.02274	0.04557	4.784e+02	-0.031	0.46	GO:0042993
119	77	34	0.02236	0.04473	2.427e+03	-0.016	0.379	GO:0002274
120	137	70	0.02163	0.06488	6.938e+03	-0.021	0.481	GO:0002758
121	159	70	0.0215	0.05792	1.028e+04	-0.087	0.418	GO:0070838
122	32	18	0.02147	0.04171	3.576e+02	0.06	0.489	GO:0044246
123	82	37	0.02142	0.04392	2.713e+03	-0.062	0.412	GO:0001676
124	39	19	0.02132	0.05657	5.912e+02	-0.017	0.444	GO:0042147
125	29	14	0.0203	0.03209	3.317e+02	-0.051	0.416	GO:0030835
126	26	16	0.01997	0.03764	2.158e+02	0.109	0.506	GO:0021955
127	38	21	0.01874	0.03163	5.104e+02	0.011	0.467	GO:0031281
128	20	14	0.01847	0.03152	1.059e+02	0.204	0.431	GO:0090559
129	58	30	0.01817	0.04831	1.245e+03	0.032	0.469	GO:0045744
130	45	23	0.01785	0.04947	7.589e+02	0.027	0.465	GO:0007416
131	26	11	0.01759	0.03832	2.917e+02	-0.049	0.288	GO:0035384
132	20	15	0.01725	0.02444	9.096e+01	0.265	0.428	GO:0001782
133	24	12	0.01698	0.02363	2.228e+02	0.068	0.385	GO:0006361
134	39	18	0.01611	0.0335	6.131e+02	-0.118	0.437	GO:0060402
135	21	10	0.01594	0.02168	1.779e+02	-0.069	0.371	GO:0033198
136	194	83	0.01496	0.04489	1.553e+04	-0.112	0.464	GO:0050953
137	39	19	0.01496	0.03384	5.912e+02	0.037	0.346	GO:0008088
138	57	25	0.0145	0.03895	1.342e+03	-0.084	0.459	GO:0043507
139	79	38	0.01383	0.04148	2.417e+03	0.033	0.402	GO:0031570
140	20	13	0.01348	0.02364	1.199e+02	0.154	0.405	GO:0033574
141	126	68	0.01302	0.03704	5.634e+03	0.013	0.493	GO:0008217
142	129	65	0.0129	0.01957	6.215e+03	-0.017	0.5	GO:0046039
143	47	27	0.01274	0.01851	7.500e+02	0.075	0.469	GO:0001776
144	28	15	0.01196	0.01829	2.867e+02	0.035	0.527	GO:0046058
145	107	59	0.01193	0.03296	3.996e+03	0.058	0.469	GO:0006937
146	81	42	0.01186	0.03425	2.413e+03	0.012	0.511	GO:0009128
147	20	13	0.01158	0.01946	1.199e+02	0.206	0.529	GO:0052652
148	117	54	0.0112	0.02792	5.422e+03	-0.055	0.419	GO:0034976
149	48	23	0.01072	0.02412	9.015e+02	-0.044	0.46	GO:0007338
150	48	28	0.01066	0.03175	7.699e+02	0.086	0.434	GO:0006220
151	59	30	0.01016	0.02273	1.303e+03	-0.034	0.456	GO:0006027
152	50	23	0.00999	0.02998	1.004e+03	-0.028	0.426	GO:0043242
153	25	17	0.00963	0.02261	1.729e+02	0.169	0.499	GO:0051155
154	57	28	0.00941	0.01286	1.247e+03	-0.02	0.479	GO:0030204
155	20	10	0.00941	0.01692	1.559e+02	0.035	0.398	GO:0048477
156	191	97	0.00927	0.02165	1.350e+04	-0.003	0.491	GO:0009146
157	21	12	0.00925	0.02273	1.539e+02	0.067	0.401	GO:0052312
158	39	15	0.009	0.0181	6.849e+02	-0.07	0.327	GO:0090382
159	71	31	0.00867	0.02428	2.081e+03	-0.089	0.465	GO:0043506
160	33	20	0.00852	0.01596	3.517e+02	0.031	0.534	GO:0048387
161	25	15	0.00841	0.01721	2.058e+02	0.066	0.462	GO:0042481
162	108	49	0.00823	0.01233	4.674e+03	-0.055	0.446	GO:0006364
163	138	69	0.0079	0.01585	7.145e+03	-0.019	0.494	GO:1901068
164	20	11	0.00756	0.01955	1.449e+02	0.099	0.362	GO:0098581
165	39	23	0.00732	0.01532	5.044e+02	0.071	0.469	GO:0002260
166	31	11	0.00728	0.01149	4.554e+02	-0.033	0.282	GO:0015682
167	22	11	0.00725	0.01836	1.879e+02	0.083	0.347	GO:0060071
168	20	12	0.00723	0.02168	1.329e+02	0.108	0.467	GO:0010714
169	44	20	0.00722	0.02096	7.857e+02	-0.02	0.455	GO:0031424
170	40	22	0.00692	0.01872	5.673e+02	0.008	0.466	GO:0051349
171	24	12	0.00683	0.0204	2.228e+02	-0.049	0.438	GO:0000289
172	32	19	0.00664	0.01206	3.387e+02	0.094	0.402	GO:0040018
173	58	29	0.00661	0.00913	1.275e+03	-0.036	0.529	GO:0002526
174	40	19	0.00647	0.01348	6.321e+02	-0.108	0.449	GO:0060401
175	86	44	0.00646	0.0188	2.744e+03	0.025	0.466	GO:0045995
176	22	11	0.00597	0.0104	1.879e+02	-0.015	0.399	GO:1902229
177	27	20	0.00587	0.01211	1.689e+02	0.206	0.518	GO:0060740
178	101	56	0.00576	0.01175	3.545e+03	0.003	0.554	GO:0016202
179	195	98	0.00576	0.01577	1.417e+04	-0.013	0.494	GO:0009143
180	43	16	0.0056	0.01104	8.455e+02	-0.1	0.32	GO:0046460
181	42	24	0.00556	0.01251	6.032e+02	0.017	0.529	GO:0006081
182	71	35	0.0055	0.01397	1.923e+03	-0.023	0.477	GO:0032355
183	28	11	0.00544	0.01633	3.526e+02	-0.066	0.361	GO:0060674
184	61	30	0.00533	0.01598	1.425e+03	-0.043	0.461	GO:0010631
185	23	13	0.00529	0.00881	1.859e+02	0.016	0.56	GO:0006662
186	22	14	0.00528	0.00743	1.489e+02	0.209	0.402	GO:0045686
187	29	12	0.00525	0.00818	3.666e+02	-0.129	0.416	GO:0019370
188	60	34	0.00522	0.01567	1.234e+03	0.126	0.429	GO:2001235
189	112	62	0.00515	0.01544	4.361e+03	0.023	0.506	GO:0040029
190	111	49	0.00462	0.01207	5.021e+03	-0.044	0.439	GO:0022904
191	37	16	0.00456	0.00871	5.762e+02	-0.098	0.409	GO:0030837
192	47	24	0.00447	0.01342	8.277e+02	-0.012	0.548	GO:0032231
193	80	35	0.00444	0.01281	2.633e+03	-0.045	0.452	GO:0051494
194	83	34	0.00443	0.00889	2.947e+03	-0.087	0.403	GO:0030968
195	59	33	0.00428	0.0083	1.208e+03	0.058	0.53	GO:0045454
196	45	21	0.00408	0.00894	8.077e+02	0.002	0.525	GO:0001704
197	36	18	0.00406	0.00799	4.954e+02	-0.071	0.525	GO:0045333
198	21	10	0.0039	0.01171	1.779e+02	-0.083	0.549	GO:0050832
199	22	11	0.00388	0.00979	1.879e+02	-0.018	0.475	GO:0090103
200	72	34	0.00388	0.00777	2.035e+03	-0.05	0.428	GO:0050729
201	24	14	0.00383	0.0095	1.959e+02	0.051	0.513	GO:0042474
202	28	15	0.00374	0.00589	2.867e+02	0.045	0.493	GO:0031663
203	27	17	0.00368	0.01103	2.258e+02	0.098	0.548	GO:0034453
204	51	29	0.00337	0.00823	8.906e+02	0.038	0.511	GO:0006942
205	21	11	0.00337	0.00551	1.659e+02	-0.082	0.498	GO:0043299
206	36	22	0.0033	0.0083	4.136e+02	0.137	0.452	GO:0048538
207	68	31	0.00322	0.00942	1.858e+03	-0.043	0.456	GO:0042307
208	32	18	0.0032	0.00525	3.576e+02	-0.013	0.477	GO:2000107
209	32	17	0.00317	0.00879	3.756e+02	0.054	0.454	GO:0006801
210	66	32	0.00314	0.00502	1.682e+03	-0.042	0.453	GO:0006026
211	27	16	0.00312	0.00936	2.428e+02	0.104	0.478	GO:0044253
212	28	16	0.0031	0.00931	2.708e+02	0.043	0.459	GO:0003073
213	27	12	0.0031	0.00651	3.047e+02	0.027	0.374	GO:0010508
214	50	22	0.00305	0.0072	1.033e+03	-0.075	0.452	GO:0006418
215	34	21	0.00305	0.00616	3.647e+02	0.137	0.441	GO:0032881
216	84	34	0.00302	0.00479	3.038e+03	-0.092	0.403	GO:0034620
217	126	69	0.00298	0.00894	5.566e+03	0.035	0.49	GO:0090257
218	20	12	0.00295	0.00886	1.329e+02	-0.043	0.606	GO:0050892
219	20	13	0.00295	0.00628	1.199e+02	0.092	0.542	GO:0070271
220	23	12	0.00294	0.00728	1.988e+02	0.074	0.385	GO:0009595
221	31	15	0.00294	0.00721	3.776e+02	-0.098	0.486	GO:0051282
222	33	19	0.00287	0.00862	3.716e+02	0.093	0.43	GO:0022409
223	38	22	0.00282	0.00845	4.884e+02	0.014	0.546	GO:0048385
224	115	52	0.0028	0.00839	5.307e+03	-0.079	0.475	GO:0032271
225	20	9	0.00272	0.00454	1.679e+02	0.003	0.385	GO:0051881
226	30	16	0.00272	0.00693	3.297e+02	0.046	0.439	GO:0022408
227	41	23	0.0027	0.00572	5.853e+02	0.017	0.54	GO:0090002
228	42	29	0.00268	0.00663	4.686e+02	0.226	0.401	GO:0043620
229	30	15	0.00268	0.00668	3.456e+02	0.025	0.501	GO:0045604
230	23	14	0.00257	0.00549	1.719e+02	0.055	0.488	GO:0001990
231	34	16	0.00252	0.00515	4.614e+02	-0.094	0.507	GO:0046580
232	22	15	0.0025	0.00542	1.339e+02	0.17	0.5	GO:0043567
233	24	9	0.00245	0.00521	2.677e+02	-0.13	0.37	GO:0000045
234	21	13	0.00239	0.00368	1.409e+02	0.084	0.475	GO:0043029
235	20	8	0.00233	0.00484	1.808e+02	0.019	0.375	GO:0007031
236	22	8	0.0023	0.00525	2.298e+02	-0.068	0.304	GO:0015985
237	120	63	0.0023	0.00689	5.225e+03	0.014	0.51	GO:0048638
238	21	10	0.00228	0.00685	1.779e+02	0.073	0.319	GO:0033081
239	20	11	0.00228	0.00466	1.449e+02	0.067	0.511	GO:0006949
240	23	10	0.00224	0.00672	2.258e+02	-0.092	0.395	GO:2000191
241	32	15	0.00218	0.00655	4.105e+02	-0.046	0.405	GO:0045931
242	28	16	0.00218	0.0047	2.708e+02	0.085	0.35	GO:0033077
243	26	12	0.00211	0.00634	2.757e+02	-0.077	0.521	GO:0030166
244	31	14	0.00207	0.00622	3.955e+02	-0.011	0.448	GO:0015701
245	26	14	0.00207	0.00622	2.468e+02	-0.06	0.58	GO:0018022
246	38	20	0.00197	0.0059	5.313e+02	0.073	0.453	GO:0006513
247	51	29	0.00196	0.00319	8.906e+02	0.047	0.496	GO:0048641
248	34	15	0.00192	0.00372	4.814e+02	-0.101	0.444	GO:0030834
249	22	13	0.00186	0.00559	1.629e+02	0.052	0.494	GO:1901655
250	35	22	0.00185	0.00316	3.776e+02	0.079	0.476	GO:0030890
251	21	12	0.00181	0.00441	1.539e+02	0.003	0.539	GO:0046320
252	28	16	0.0018	0.00539	2.708e+02	0.136	0.457	GO:0046189
253	20	11	0.00178	0.00359	1.449e+02	0.148	0.299	GO:0090342
254	49	24	0.00177	0.0053	9.254e+02	-0.029	0.468	GO:0035914
255	22	11	0.00174	0.00421	1.879e+02	-0.083	0.526	GO:0010718
256	20	11	0.0017	0.0051	1.449e+02	0.153	0.373	GO:0048546
257	57	29	0.00169	0.00397	1.217e+03	-0.01	0.449	GO:0003143
258	22	14	0.00166	0.00391	1.489e+02	0.093	0.541	GO:0033108
259	63	33	0.00165	0.00363	1.453e+03	0.051	0.394	GO:0043255
260	55	26	0.00156	0.00469	1.192e+03	-0.041	0.456	GO:0050434
261	65	35	0.00156	0.00467	1.513e+03	-0.014	0.484	GO:0016458
262	26	13	0.00153	0.00458	2.608e+02	-0.036	0.43	GO:0046132
263	41	25	0.00152	0.00273	5.364e+02	0.089	0.538	GO:0019748
264	34	23	0.0015	0.00329	3.197e+02	0.143	0.461	GO:0070228
265	23	12	0.00148	0.0034	1.988e+02	-0.066	0.514	GO:0009148
266	20	12	0.00147	0.00442	1.329e+02	-0.019	0.672	GO:0014743
267	25	13	0.00145	0.00292	2.348e+02	-0.02	0.531	GO:0061217
268	74	35	0.00144	0.00431	2.146e+03	-0.01	0.488	GO:0031294
269	24	13	0.00139	0.00416	2.098e+02	0.037	0.479	GO:0010712
270	25	10	0.00138	0.00414	2.797e+02	-0.048	0.571	GO:0044058
271	34	16	0.00135	0.0039	4.614e+02	0.012	0.501	GO:0001707
272	36	16	0.00135	0.00324	5.363e+02	-0.07	0.377	GO:0043473
273	79	32	0.00134	0.00403	2.689e+03	-0.061	0.372	GO:0032675
274	27	11	0.00133	0.00385	3.216e+02	-0.072	0.383	GO:0050663
275	34	20	0.00132	0.00395	3.856e+02	0.05	0.464	GO:0006221
276	23	11	0.00131	0.00394	2.118e+02	-0.103	0.563	GO:0006071
277	34	19	0.00129	0.00318	4.056e+02	0.019	0.525	GO:0014823
278	23	12	0.00128	0.00385	1.988e+02	-0.066	0.624	GO:0034605
279	22	13	0.00127	0.00382	1.629e+02	0.082	0.501	GO:0090200
280	43	21	0.00127	0.0038	7.159e+02	-0.007	0.5	GO:0030516
281	94	45	0.00124	0.00371	3.426e+03	-0.027	0.418	GO:0046683
282	22	13	0.00122	0.00367	1.629e+02	0.044	0.503	GO:0044705
283	28	16	0.00122	0.00366	2.708e+02	0.063	0.446	GO:0051702
284	20	7	0.0012	0.00361	1.948e+02	-0.089	0.431	GO:0046640
285	20	8	0.00117	0.0035	1.808e+02	-0.132	0.347	GO:0048857
286	27	11	0.00116	0.00326	3.216e+02	-0.09	0.452	GO:1901685
287	39	17	0.00116	0.00347	6.361e+02	-0.112	0.425	GO:0006691
288	20	8	0.00113	0.00338	1.808e+02	-0.123	0.463	GO:0030149
289	23	9	0.0011	0.00331	2.408e+02	-0.171	0.416	GO:0045214
290	21	10	0.00108	0.00325	1.779e+02	-0.065	0.544	GO:0042573
291	22	12	0.00106	0.00318	1.759e+02	-0.054	0.583	GO:0006278
292	26	10	0.00106	0.00318	3.087e+02	-0.2	0.49	GO:0010862
293	28	13	0.00106	0.00318	3.177e+02	-0.103	0.567	GO:0055006
294	59	22	0.00105	0.00314	1.578e+03	-0.082	0.386	GO:0015992
295	27	18	0.00104	0.0026	2.079e+02	0.136	0.489	GO:0040020
296	20	11	0.00103	0.0031	1.449e+02	0.045	0.399	GO:0043921
297	59	24	0.00102	0.00307	1.504e+03	-0.089	0.454	GO:0006687
298	23	13	0.00102	0.0023	1.859e+02	0.028	0.503	GO:0019098
299	48	20	0.00102	0.00232	9.852e+02	-0.056	0.462	GO:0006749
300	46	21	0.00102	0.00163	8.556e+02	-0.08	0.456	GO:0042531
301	42	18	0.00102	0.00305	7.438e+02	-0.106	0.507	GO:0060271
302	56	33	0.00101	0.00304	1.034e+03	0.066	0.449	GO:2000106
303	20	9	0.001	0.00211	1.679e+02	-0.027	0.508	GO:0002825
304	20	13	0.001	0.00203	1.199e+02	0.081	0.556	GO:0060291
305	52	25	0.00097	0.0029	1.054e+03	-0.044	0.392	GO:0051289
306	21	9	0.00096	0.00289	1.908e+02	-0.112	0.509	GO:0046466
307	20	9	0.00094	0.00159	1.679e+02	0.011	0.402	GO:0003341
308	83	43	0.00092	0.00275	2.534e+03	0.015	0.512	GO:0009125
309	52	27	0.00091	0.00272	9.993e+02	-0.044	0.486	GO:0042180
310	26	15	0.00089	0.00266	2.318e+02	-0.036	0.612	GO:0042246
311	24	11	0.00089	0.00192	2.368e+02	-0.007	0.472	GO:0016447
312	45	26	0.00086	0.00257	6.841e+02	0.132	0.418	GO:0045685
313	32	25	0.00085	0.00256	2.039e+02	0.347	0.387	GO:0007094
314	20	9	0.00082	0.00247	1.679e+02	-0.111	0.463	GO:0009208
315	83	36	0.0008	0.0024	2.848e+03	-0.026	0.421	GO:0051650
316	23	12	0.00079	0.00186	1.988e+02	0.025	0.467	GO:0032965
317	29	17	0.00079	0.00236	2.828e+02	0.128	0.417	GO:0014014
318	23	8	0.00077	0.0023	2.567e+02	-0.174	0.4	GO:0042346
319	34	26	0.00077	0.00219	2.448e+02	0.315	0.393	GO:0045841
320	45	25	0.00077	0.00178	7.100e+02	-0.048	0.588	GO:0022600
321	21	14	0.00076	0.00227	1.269e+02	0.075	0.588	GO:1901099
322	52	19	0.00074	0.00192	1.242e+03	-0.117	0.353	GO:0009145
323	42	22	0.00074	0.00155	6.501e+02	0.031	0.549	GO:0007249
324	94	45	0.00072	0.00217	3.426e+03	-0.027	0.463	GO:0030817
325	31	13	0.00072	0.00217	4.145e+02	-0.132	0.444	GO:0052646
326	26	13	0.00071	0.00214	2.608e+02	-0.059	0.541	GO:0051602
327	34	16	0.0007	0.00141	4.614e+02	-0.056	0.507	GO:0010812
328	25	14	0.0007	0.0021	2.208e+02	0.07	0.411	GO:0010226
329	52	33	0.00069	0.00146	8.169e+02	0.086	0.539	GO:2001237
330	23	13	0.00068	0.00203	1.859e+02	0.015	0.472	GO:0045930
331	47	22	0.00065	0.00196	8.785e+02	0.018	0.45	GO:0046148
332	117	59	0.00065	0.00196	5.114e+03	-0.022	0.509	GO:1901069
333	31	12	0.00065	0.00194	4.344e+02	-0.004	0.385	GO:0030073
334	53	27	0.00064	0.00193	1.052e+03	-0.005	0.498	GO:0006213
335	28	17	0.00064	0.00192	2.538e+02	0.144	0.43	GO:0005979
336	104	44	0.00064	0.00192	4.525e+03	-0.042	0.405	GO:0006473
337	26	9	0.00064	0.00191	3.266e+02	-0.194	0.478	GO:0002088
338	53	26	0.00064	0.00191	1.080e+03	-0.029	0.428	GO:0042509
339	23	13	0.00063	0.00188	1.859e+02	0.069	0.496	GO:0000083
340	54	25	0.00061	0.0018	1.165e+03	-0.028	0.389	GO:0070664
341	21	16	0.00061	0.00122	9.596e+01	0.269	0.446	GO:0006110
342	93	38	0.00059	0.00124	3.699e+03	-0.065	0.402	GO:0006475
343	108	51	0.00058	0.00175	4.556e+03	-0.019	0.469	GO:0009152
344	46	20	0.00057	0.00172	8.825e+02	-0.075	0.444	GO:0032272
345	25	13	0.00057	0.0017	2.348e+02	0.058	0.468	GO:0006760
346	51	19	0.00057	0.0017	1.183e+03	-0.1	0.353	GO:0009206
347	32	13	0.00057	0.0017	4.494e+02	-0.075	0.491	GO:0031572
348	103	50	0.00057	0.0017	4.072e+03	0.004	0.47	GO:0050808
349	42	19	0.00056	0.00169	7.189e+02	-0.007	0.462	GO:0034637
350	128	59	0.00056	0.00167	6.488e+03	-0.038	0.491	GO:0032984
351	134	69	0.00055	0.00166	6.603e+03	-0.015	0.475	GO:0002221
352	47	20	0.00055	0.00166	9.333e+02	-0.104	0.484	GO:0006283
353	35	15	0.00052	0.00156	5.193e+02	-0.07	0.42	GO:0007628
354	30	14	0.00052	0.00155	3.626e+02	-0.101	0.45	GO:0051209
355	27	12	0.00051	0.00152	3.047e+02	-0.017	0.441	GO:0042517
356	93	37	0.00051	0.00152	3.755e+03	-0.066	0.41	GO:0051592
357	34	13	0.00049	0.00146	5.242e+02	-0.09	0.434	GO:0002562
358	20	12	0.00048	0.00145	1.329e+02	0.141	0.51	GO:0031497
359	22	11	0.00048	0.00144	1.879e+02	0.057	0.494	GO:0019933
360	40	18	0.00046	0.00139	6.550e+02	-0.016	0.35	GO:0042130
361	36	16	0.00045	0.00136	5.363e+02	-0.094	0.482	GO:0007339
362	77	33	0.00045	0.00136	2.472e+03	-0.06	0.44	GO:0010970
363	20	8	0.00045	0.00136	1.808e+02	-0.051	0.378	GO:0060479
364	89	37	0.00044	0.00133	3.356e+03	-0.081	0.427	GO:0035967
365	25	11	0.00044	0.00132	2.637e+02	-0.003	0.508	GO:0071353
366	24	13	0.00043	0.00128	2.098e+02	0.117	0.529	GO:0009190
367	24	14	0.00042	0.00125	1.959e+02	0.134	0.441	GO:0042537
368	49	24	0.00041	0.00124	9.254e+02	-0.018	0.497	GO:0008637
369	22	9	0.00041	0.00093	2.148e+02	-0.066	0.312	GO:0035336
370	30	10	0.0004	0.00121	4.404e+02	-0.091	0.37	GO:0030261
371	27	11	0.00039	0.00116	3.216e+02	-0.085	0.452	GO:0030947
372	26	15	0.00039	0.00116	2.318e+02	0.136	0.254	GO:0061178
373	51	22	0.00038	0.00115	1.088e+03	-0.05	0.362	GO:0032945
374	20	11	0.00038	0.00114	1.449e+02	-0.042	0.642	GO:0031640
375	103	53	0.00038	0.00114	3.913e+03	-0.006	0.524	GO:0032886
376	23	13	0.00037	0.00112	1.859e+02	0.02	0.561	GO:0032459
377	35	20	0.00036	0.00109	4.206e+02	0.036	0.477	GO:0045762
378	28	11	0.00036	0.00108	3.526e+02	-0.129	0.528	GO:0006779
379	23	17	0.00033	0.00098	1.239e+02	0.224	0.458	GO:0043534
380	20	10	0.00032	0.00097	1.559e+02	0.028	0.398	GO:0002861
381	20	13	0.00032	0.00096	1.199e+02	0.177	0.429	GO:0031102
382	26	17	0.00032	0.00095	1.989e+02	0.03	0.596	GO:0048701
383	62	27	0.00031	0.00094	1.592e+03	-0.056	0.465	GO:0032874
384	22	7	0.00028	0.00084	2.457e+02	-0.148	0.445	GO:0051491
385	35	27	0.00028	0.00083	2.528e+02	0.323	0.395	GO:0071174
386	35	23	0.00028	0.00083	3.547e+02	0.084	0.548	GO:2001239
387	23	9	0.00027	0.0008	2.408e+02	-0.177	0.48	GO:0008299
388	22	14	0.00027	0.0008	1.489e+02	0.081	0.481	GO:0060314
389	24	11	0.00027	0.0008	2.368e+02	0.025	0.395	GO:0071514
390	28	14	0.00027	0.0008	3.017e+02	0.022	0.415	GO:2000242
391	69	40	0.00026	0.00078	1.593e+03	0.066	0.518	GO:0060606
392	41	31	0.00026	0.00077	3.657e+02	0.327	0.374	GO:0045839
393	21	7	0.00025	0.00074	2.198e+02	-0.153	0.445	GO:0002040
394	66	34	0.00025	0.00074	1.614e+03	0.014	0.444	GO:0043407
395	56	26	0.00025	0.00074	1.250e+03	-0.053	0.511	GO:0045582
396	20	10	0.00024	0.00051	1.559e+02	0.142	0.425	GO:0051962
397	26	12	0.00023	0.00068	2.757e+02	-0.06	0.521	GO:0002702
398	94	40	0.00023	0.00068	3.689e+03	-0.077	0.399	GO:0006984
399	24	12	0.00022	0.00052	2.228e+02	0.025	0.353	GO:0001892
400	28	13	0.00022	0.00067	3.177e+02	0.076	0.384	GO:0035567
401	82	40	0.00022	0.00056	2.579e+03	-0.009	0.377	GO:0051262
402	24	11	0.00022	0.00066	2.368e+02	-0.045	0.484	GO:0035329
403	33	20	0.00022	0.00066	3.517e+02	0.086	0.502	GO:0090199
404	35	17	0.00021	0.00064	4.784e+02	-0.019	0.454	GO:0006284
405	150	59	0.00021	0.00064	9.770e+03	-0.104	0.416	GO:0008286
406	152	69	0.00021	0.00062	9.220e+03	-0.034	0.456	GO:0022900
407	42	18	0.0002	0.0006	7.438e+02	-0.14	0.452	GO:0001658
408	22	9	0.0002	0.0006	2.148e+02	-0.096	0.404	GO:0001961
409	42	18	0.0002	0.0006	7.438e+02	-0.077	0.491	GO:0002718
410	104	49	0.0002	0.00059	4.233e+03	-0.046	0.467	GO:0016049
411	28	14	0.00019	0.00058	3.017e+02	-0.051	0.618	GO:0043114
412	47	22	0.00019	0.00039	8.785e+02	-0.016	0.428	GO:1901880
413	53	22	0.00019	0.00056	1.202e+03	-0.088	0.385	GO:0019369
414	33	16	0.00019	0.00056	4.265e+02	0.022	0.426	GO:0042516
415	34	14	0.00019	0.00056	5.023e+02	-0.199	0.534	GO:0045921
416	20	10	0.00019	0.00056	1.559e+02	-0.077	0.659	GO:0045940
417	31	17	0.00018	0.00038	3.437e+02	0.025	0.514	GO:0006206
418	22	11	0.00018	0.00053	1.879e+02	0.003	0.44	GO:0060765
419	40	25	0.00017	0.0005	4.955e+02	0.169	0.41	GO:0010676
420	40	19	0.00016	0.00049	6.321e+02	-0.037	0.496	GO:0007259
421	66	26	0.00016	0.00049	1.912e+03	-0.101	0.398	GO:0032075
422	35	13	0.00016	0.00048	5.642e+02	-0.149	0.537	GO:0002637
423	24	10	0.00016	0.00048	2.518e+02	-0.21	0.489	GO:0033003
424	46	24	0.00016	0.00047	7.808e+02	0.072	0.475	GO:0009187
425	33	17	0.00016	0.00047	4.085e+02	-0.022	0.539	GO:0009620
426	29	15	0.00016	0.00047	3.157e+02	-0.081	0.536	GO:1902115
427	24	13	0.00014	0.00043	2.098e+02	0.021	0.474	GO:0051568
428	24	14	0.00013	0.00038	1.959e+02	0.026	0.569	GO:0018904
429	32	19	0.00013	0.00038	3.387e+02	0.116	0.441	GO:0032885
430	82	38	0.00012	0.00037	2.667e+03	-0.071	0.471	GO:0043902
431	104	51	0.00012	0.00035	4.123e+03	-0.026	0.467	GO:0070665
432	20	8	0.00012	0.00035	1.808e+02	-0.068	0.296	GO:2000779
433	33	18	0.00011	0.00034	3.906e+02	0.056	0.492	GO:0002753
434	31	12	0.0001	0.00031	4.344e+02	-0.142	0.523	GO:0009452
435	31	12	0.0001	0.00029	4.344e+02	-0.072	0.311	GO:0033619
436	39	18	0.0001	0.00029	6.131e+02	-0.099	0.557	GO:0060411
437	22	12	0.0001	0.00029	1.759e+02	-0.007	0.554	GO:0090189
438	54	22	9e-05	0.00028	1.260e+03	-0.149	0.554	GO:0045665
439	22	6	9e-05	0.00028	2.627e+02	-0.181	0.259	GO:0051293
440	46	26	9e-05	0.00028	7.300e+02	-0.002	0.586	GO:0055024
441	29	13	9e-05	0.00026	3.486e+02	-0.04	0.496	GO:0045777
442	29	15	8e-05	0.00025	3.157e+02	0.016	0.481	GO:0071622
443	33	15	8e-05	0.00024	4.455e+02	-0.056	0.446	GO:0032760
444	22	11	8e-05	0.00023	1.879e+02	0.161	0.399	GO:0044089
445	87	38	8e-05	0.00023	3.114e+03	-0.062	0.482	GO:0045580
446	128	61	7e-05	0.00022	6.350e+03	-0.019	0.466	GO:0072522
447	23	12	6e-05	0.00019	1.988e+02	0.174	0.292	GO:0044773
448	25	13	6e-05	0.00019	2.348e+02	-0.071	0.6	GO:0046006
449	30	14	6e-05	0.00018	3.626e+02	-0.068	0.548	GO:0010596
450	28	13	6e-05	0.00017	3.177e+02	-0.055	0.534	GO:0017158
451	41	15	5e-05	0.00016	7.766e+02	-0.12	0.327	GO:0019432
452	99	48	4e-05	0.00013	3.766e+03	-0.056	0.546	GO:0006023
453	101	51	4e-05	0.00013	3.813e+03	-0.011	0.467	GO:0032946
454	38	18	4e-05	0.00012	5.722e+02	-0.094	0.446	GO:0070936
455	26	14	4e-05	0.00011	2.468e+02	0.002	0.528	GO:0007212
456	33	17	4e-05	0.00011	4.085e+02	-0.069	0.49	GO:0009069
457	25	16	3e-05	0.0001	1.899e+02	0.158	0.386	GO:0009065
458	25	14	2e-05	7e-05	2.208e+02	0.032	0.535	GO:0031057
459	29	12	2e-05	7e-05	3.666e+02	-0.049	0.413	GO:0042168
460	22	11	2e-05	6e-05	1.879e+02	0.007	0.517	GO:0003208
461	26	10	2e-05	6e-05	3.087e+02	-0.181	0.537	GO:0007215
462	28	12	2e-05	6e-05	3.346e+02	-0.087	0.39	GO:0009072
463	23	13	0.0	1e-05	1.859e+02	0.098	0.347	GO:0002026
464	22	11	0.0	1e-05	1.879e+02	-0.053	0.507	GO:0008207
465	56	26	0.0	1e-05	1.250e+03	-0.096	0.47	GO:0046651
