Order	#(Annotations)	#(Annotations of perturbed genes)	Mean Posterior Probability	Standard Deviation Posterior Probability	p-value	Average Expression Level	Average position perturbed genes	Term Name
1	151	126	1.0	0.0	3.470e+03	0.348	0.419	GO:0000082
2	154	106	1.0	0.0	6.244e+03	0.24	0.398	GO:0009896
3	23	18	0.87338	0.20658	1.060e+02	0.355	0.395	GO:0006692
4	21	18	0.83174	0.20125	6.098e+01	0.294	0.48	GO:0019915
5	25	21	0.79065	0.31768	9.497e+01	0.349	0.476	GO:0042771
6	78	40	0.69059	0.40234	2.256e+03	0.057	0.416	GO:0072527
7	108	67	0.64844	0.43841	3.599e+03	0.127	0.442	GO:0042113
8	154	90	0.58877	0.39486	7.807e+03	0.064	0.499	GO:0042445
9	86	58	0.58626	0.41149	2.027e+03	0.151	0.457	GO:0030326
10	62	29	0.45804	0.20489	1.522e+03	-0.011	0.359	GO:0030048
11	28	17	0.43562	0.29988	2.538e+02	0.102	0.44	GO:0009072
12	103	67	0.41403	0.41174	3.071e+03	0.108	0.469	GO:0035107
13	91	55	0.41178	0.39446	2.640e+03	0.116	0.447	GO:0034754
14	145	76	0.36909	0.35408	7.625e+03	0.009	0.479	GO:0006112
15	40	21	0.36176	0.32541	5.892e+02	0.028	0.419	GO:1900076
16	32	19	0.36141	0.25738	3.387e+02	0.068	0.451	GO:0030101
17	48	28	0.35692	0.25088	7.699e+02	0.133	0.424	GO:0033143
18	124	64	0.33837	0.37874	5.648e+03	0.036	0.397	GO:0044242
19	94	70	0.30546	0.41288	1.978e+03	0.247	0.436	GO:0044236
20	53	27	0.30508	0.40381	1.052e+03	0.071	0.367	GO:0006213
21	79	62	0.28794	0.32659	1.206e+03	0.291	0.437	GO:0044243
22	72	60	0.2658	0.31574	7.983e+02	0.329	0.436	GO:0030574
23	22	16	0.2476	0.10912	1.179e+02	0.213	0.429	GO:0090200
24	54	44	0.23214	0.35779	4.956e+02	0.287	0.5	GO:0002285
25	27	14	0.22068	0.1673	2.737e+02	0.005	0.357	GO:0019674
26	29	18	0.19475	0.17057	2.648e+02	0.129	0.4	GO:0022029
27	33	18	0.18742	0.22791	3.906e+02	0.103	0.427	GO:0065002
28	30	20	0.1826	0.11004	2.558e+02	0.108	0.538	GO:0048265
29	37	24	0.1812	0.319	4.036e+02	0.176	0.469	GO:0072332
30	23	12	0.1407	0.20343	1.988e+02	-0.003	0.384	GO:0072525
31	32	16	0.13047	0.1461	3.926e+02	0.029	0.385	GO:0046626
32	36	21	0.10488	0.11286	4.355e+02	0.02	0.49	GO:0006584
33	98	45	0.09467	0.07071	3.823e+03	-0.012	0.416	GO:0006813
34	60	38	0.09202	0.13684	1.088e+03	0.163	0.429	GO:0030183
35	28	27	0.09018	0.21706	2.900e+01	0.447	0.454	GO:0002312
36	75	38	0.08228	0.14073	2.105e+03	-0.037	0.508	GO:0018958
37	88	66	0.07998	0.20288	1.703e+03	0.24	0.442	GO:0044259
38	101	54	0.07938	0.13983	3.655e+03	0.067	0.444	GO:0032946
39	20	13	0.07809	0.08887	1.199e+02	0.114	0.473	GO:0021795
40	32	19	0.07283	0.08719	3.387e+02	0.105	0.426	GO:0021885
41	45	21	0.07064	0.08037	8.077e+02	-0.03	0.364	GO:0070252
42	26	15	0.06779	0.06808	2.318e+02	0.043	0.473	GO:0007212
43	45	22	0.06768	0.11814	7.828e+02	0.031	0.375	GO:0042044
44	82	63	0.06234	0.14973	1.386e+03	0.271	0.438	GO:0032963
45	90	39	0.06039	0.07591	3.347e+03	-0.071	0.377	GO:0001894
46	21	12	0.05952	0.08037	1.539e+02	0.065	0.393	GO:0034502
47	100	54	0.05927	0.11178	3.555e+03	0.069	0.444	GO:0050671
48	22	12	0.05865	0.05051	1.759e+02	0.149	0.372	GO:0034105
49	33	21	0.05712	0.07317	3.307e+02	0.166	0.433	GO:0090199
50	26	17	0.05092	0.04845	1.989e+02	0.103	0.449	GO:0002088
51	45	23	0.04825	0.07677	7.588e+02	-0.012	0.472	GO:0006120
52	40	20	0.04539	0.06166	6.102e+02	-0.009	0.424	GO:0055010
53	27	14	0.0444	0.05395	2.737e+02	0.054	0.4	GO:0045494
54	183	91	0.04207	0.08299	1.257e+04	-0.012	0.475	GO:0015980
55	74	40	0.0416	0.04148	1.951e+03	0.063	0.468	GO:0032481
56	21	13	0.0393	0.04094	1.409e+02	0.18	0.405	GO:0030239
57	34	18	0.03677	0.05089	4.245e+02	0.027	0.398	GO:0033865
58	83	42	0.03536	0.09057	2.577e+03	0.018	0.467	GO:0006353
59	40	21	0.0336	0.0635	5.892e+02	0.007	0.429	GO:0007159
60	105	57	0.03282	0.05318	3.900e+03	0.05	0.477	GO:0032479
61	62	28	0.03014	0.0456	1.556e+03	-0.023	0.397	GO:0032846
62	23	14	0.02992	0.03596	1.719e+02	0.153	0.34	GO:0009395
63	22	14	0.02764	0.0358	1.489e+02	0.139	0.45	GO:0042490
64	66	31	0.02744	0.07285	1.718e+03	0.014	0.425	GO:0007043
65	60	34	0.02605	0.05886	1.234e+03	0.059	0.425	GO:0002443
66	21	12	0.02593	0.03523	1.539e+02	0.055	0.426	GO:0033198
67	24	13	0.02575	0.04043	2.098e+02	0.041	0.406	GO:0046627
68	24	19	0.02426	0.07198	1.110e+02	0.3	0.464	GO:0016447
69	24	14	0.02355	0.03676	1.959e+02	0.028	0.454	GO:0001892
70	46	24	0.02169	0.02959	7.808e+02	0.02	0.478	GO:0006369
71	33	20	0.01905	0.02409	3.517e+02	0.151	0.474	GO:0009069
72	26	16	0.01905	0.01906	2.158e+02	0.18	0.391	GO:0046503
73	24	13	0.01893	0.02178	2.098e+02	0.112	0.351	GO:0000045
74	40	21	0.01807	0.02484	5.892e+02	0.055	0.39	GO:0001657
75	36	23	0.01801	0.01918	3.906e+02	0.15	0.431	GO:0046631
76	28	18	0.01794	0.02938	2.358e+02	0.102	0.498	GO:0046189
77	33	17	0.0171	0.02472	4.085e+02	0.074	0.38	GO:0048387
78	36	21	0.01641	0.02513	4.355e+02	0.051	0.5	GO:0043473
79	63	33	0.01602	0.02485	1.453e+03	-0.014	0.507	GO:0019395
80	72	40	0.01543	0.02941	1.805e+03	0.05	0.439	GO:0006308
81	52	25	0.0146	0.02481	1.054e+03	-0.002	0.401	GO:0055008
82	38	20	0.01384	0.01803	5.313e+02	0.089	0.37	GO:0048385
83	48	25	0.0137	0.03078	8.506e+02	-0.002	0.474	GO:0006073
84	39	18	0.01345	0.01637	6.131e+02	-0.019	0.378	GO:0030004
85	35	18	0.01329	0.02627	4.595e+02	0.005	0.455	GO:0071377
86	24	11	0.01298	0.02461	2.368e+02	0.048	0.37	GO:0006658
87	20	12	0.01225	0.0172	1.329e+02	0.046	0.476	GO:0046640
88	36	16	0.01218	0.01419	5.363e+02	-0.011	0.39	GO:0048024
89	31	16	0.0121	0.01532	3.606e+02	0.044	0.395	GO:0030073
90	20	11	0.01202	0.01552	1.449e+02	0.018	0.546	GO:0007031
91	28	16	0.0113	0.0152	2.708e+02	-0.011	0.492	GO:0045739
92	23	21	0.01129	0.02278	4.599e+01	0.251	0.617	GO:0006270
93	36	18	0.01102	0.01612	4.954e+02	-0.053	0.521	GO:0050999
94	68	34	0.01092	0.01798	1.748e+03	-0.012	0.443	GO:0001843
95	22	13	0.0109	0.02249	1.629e+02	0.033	0.427	GO:0001909
96	36	15	0.01054	0.02273	5.582e+02	-0.037	0.386	GO:0006040
97	22	13	0.00982	0.01902	1.629e+02	0.058	0.44	GO:0060968
98	32	18	0.00924	0.01389	3.576e+02	0.007	0.518	GO:0035601
99	29	18	0.00905	0.02226	2.648e+02	0.053	0.536	GO:0050853
100	56	28	0.00879	0.02023	1.189e+03	0.047	0.375	GO:0046651
101	28	14	0.00875	0.0178	3.017e+02	0.042	0.451	GO:0044743
102	50	30	0.00869	0.02608	8.098e+02	0.118	0.49	GO:0008630
103	32	21	0.00862	0.02585	2.978e+02	0.135	0.456	GO:0016445
104	31	17	0.00833	0.01244	3.437e+02	-0.004	0.461	GO:0030901
105	43	23	0.00825	0.00765	6.701e+02	-0.028	0.523	GO:0048839
106	21	12	0.00764	0.01519	1.539e+02	-0.04	0.515	GO:0006482
107	69	35	0.00749	0.01514	1.782e+03	-0.012	0.458	GO:0060606
108	35	21	0.00734	0.02119	3.996e+02	0.173	0.37	GO:0030890
109	51	28	0.00728	0.01295	9.195e+02	0.079	0.426	GO:0030888
110	58	35	0.00704	0.00878	1.080e+03	0.085	0.513	GO:0043467
111	24	13	0.0067	0.01034	2.098e+02	-0.023	0.479	GO:0070098
112	20	13	0.00667	0.01668	1.199e+02	0.052	0.549	GO:0048546
113	26	11	0.00664	0.00784	2.917e+02	0.01	0.402	GO:0032873
114	31	15	0.00663	0.00981	3.776e+02	0.036	0.344	GO:0070192
115	61	26	0.00644	0.01177	1.562e+03	-0.083	0.415	GO:0006733
116	30	19	0.00623	0.01307	2.758e+02	0.137	0.471	GO:0046632
117	21	16	0.0062	0.01256	9.596e+01	0.259	0.446	GO:0035710
118	22	13	0.00618	0.01422	1.629e+02	0.126	0.481	GO:0010718
119	26	14	0.00614	0.01398	2.468e+02	0.027	0.442	GO:0050710
120	31	14	0.00608	0.00831	3.955e+02	0.016	0.438	GO:0006206
121	23	14	0.00587	0.01079	1.719e+02	0.196	0.397	GO:0033146
122	48	25	0.00586	0.01475	8.506e+02	-0.02	0.455	GO:0010822
123	25	12	0.00575	0.00814	2.488e+02	0.041	0.362	GO:0045058
124	46	25	0.0057	0.00876	7.559e+02	0.022	0.481	GO:0060041
125	26	15	0.00564	0.00926	2.318e+02	0.057	0.444	GO:1900077
126	22	9	0.00545	0.01365	2.148e+02	0.04	0.237	GO:0048873
127	20	12	0.00541	0.01525	1.329e+02	0.095	0.428	GO:0060349
128	49	21	0.0054	0.01172	1.009e+03	0.0	0.372	GO:0019319
129	26	12	0.00536	0.01142	2.757e+02	0.02	0.436	GO:0016339
130	20	8	0.00529	0.00717	1.808e+02	-0.014	0.395	GO:0007029
131	58	29	0.00505	0.01516	1.274e+03	0.04	0.391	GO:0032943
132	46	20	0.00504	0.00785	8.824e+02	-0.024	0.395	GO:0030072
133	32	16	0.00488	0.01459	3.926e+02	-0.038	0.458	GO:0042461
134	30	15	0.00474	0.01289	3.456e+02	-0.059	0.489	GO:0048260
135	20	12	0.00472	0.00687	1.329e+02	0.122	0.341	GO:0019724
136	57	25	0.00472	0.0079	1.342e+03	-0.098	0.427	GO:0072524
137	73	38	0.0047	0.01039	1.956e+03	-0.019	0.504	GO:0090305
138	49	22	0.00456	0.01017	9.802e+02	-0.019	0.414	GO:0006626
139	47	26	0.00444	0.00703	7.769e+02	0.023	0.415	GO:0002449
140	113	60	0.00432	0.00824	4.595e+03	0.033	0.493	GO:0023061
141	25	12	0.00426	0.00623	2.488e+02	-0.056	0.47	GO:0042311
142	40	23	0.00425	0.0062	5.443e+02	0.025	0.576	GO:0007422
143	42	19	0.00424	0.01246	7.189e+02	-0.069	0.446	GO:0033762
144	47	24	0.00406	0.00821	8.277e+02	0.015	0.414	GO:0072163
145	79	38	0.00402	0.01207	2.417e+03	0.031	0.431	GO:0072329
146	48	22	0.00396	0.00698	9.284e+02	-0.003	0.402	GO:0002790
147	21	12	0.00396	0.00693	1.539e+02	0.099	0.452	GO:0002832
148	26	15	0.00389	0.00626	2.318e+02	0.043	0.524	GO:0033144
149	30	15	0.00368	0.00739	3.456e+02	-0.042	0.476	GO:0042462
150	20	13	0.00361	0.00757	1.199e+02	0.149	0.524	GO:0048857
151	30	18	0.00355	0.0074	2.947e+02	0.132	0.471	GO:0045604
152	104	54	0.00352	0.00864	3.963e+03	0.052	0.444	GO:0070665
153	30	15	0.00342	0.00888	3.456e+02	0.053	0.452	GO:0010660
154	20	10	0.00342	0.00661	1.559e+02	-0.013	0.469	GO:0030104
155	51	23	0.00338	0.00903	1.058e+03	-0.006	0.397	GO:0072655
156	37	20	0.00336	0.00725	4.934e+02	0.062	0.499	GO:0010043
157	21	9	0.00334	0.00435	1.908e+02	0.02	0.376	GO:0046329
158	34	18	0.00333	0.00764	4.245e+02	0.032	0.447	GO:0045668
159	51	25	0.00329	0.00776	1.001e+03	-0.032	0.464	GO:0006942
160	21	14	0.00328	0.00622	1.269e+02	0.116	0.519	GO:0046320
161	30	18	0.00324	0.00663	2.947e+02	0.044	0.559	GO:0070873
162	24	15	0.00318	0.00784	1.809e+02	0.051	0.55	GO:0030857
163	27	21	0.00315	0.0053	1.479e+02	0.139	0.574	GO:0060740
164	129	66	0.00306	0.00653	6.149e+03	-0.011	0.484	GO:0046039
165	40	21	0.00297	0.00892	5.892e+02	0.006	0.471	GO:0006901
166	23	12	0.00288	0.00597	1.988e+02	0.054	0.47	GO:0000060
167	51	21	0.00286	0.00573	1.119e+03	-0.058	0.426	GO:0044070
168	20	9	0.00276	0.00573	1.679e+02	0.01	0.279	GO:0008210
169	84	45	0.00272	0.00595	2.529e+03	0.093	0.41	GO:0010954
170	60	28	0.00271	0.00433	1.428e+03	0.012	0.41	GO:0046879
171	56	25	0.00265	0.00794	1.281e+03	-0.033	0.432	GO:0016571
172	27	12	0.00262	0.00572	3.047e+02	-0.094	0.56	GO:0046209
173	23	12	0.00261	0.00548	1.988e+02	0.022	0.501	GO:0006662
174	36	20	0.0026	0.00631	4.565e+02	0.062	0.457	GO:0032480
175	33	20	0.0026	0.00357	3.517e+02	0.085	0.525	GO:0032648
176	22	14	0.00258	0.00416	1.489e+02	0.128	0.516	GO:0032728
177	53	29	0.00254	0.00647	9.953e+02	0.031	0.413	GO:0002460
178	27	17	0.00254	0.00361	2.258e+02	0.13	0.491	GO:0007052
179	23	13	0.00249	0.00601	1.859e+02	0.067	0.485	GO:0043278
180	52	29	0.00242	0.00484	9.425e+02	-0.026	0.505	GO:0006282
181	21	12	0.00235	0.00305	1.539e+02	0.1	0.381	GO:0042107
182	33	13	0.00232	0.0064	4.863e+02	-0.077	0.38	GO:0007131
183	20	10	0.00231	0.00568	1.559e+02	0.148	0.328	GO:0045939
184	22	12	0.00226	0.00372	1.759e+02	0.076	0.458	GO:0042430
185	24	13	0.00224	0.00607	2.098e+02	0.033	0.512	GO:0018904
186	25	14	0.00223	0.00606	2.208e+02	0.0	0.486	GO:0040036
187	28	14	0.00221	0.00664	3.017e+02	-0.079	0.514	GO:0030032
188	29	14	0.0022	0.00581	3.316e+02	-0.079	0.523	GO:0045777
189	57	28	0.00214	0.00428	1.247e+03	0.019	0.437	GO:0050684
190	36	21	0.00212	0.00617	4.355e+02	0.063	0.503	GO:0055081
191	30	17	0.0021	0.00418	3.127e+02	0.084	0.443	GO:0030513
192	49	26	0.00207	0.00471	8.736e+02	0.123	0.373	GO:0061035
193	86	55	0.00206	0.00197	2.197e+03	0.187	0.418	GO:0045732
194	31	12	0.00204	0.00545	4.344e+02	-0.079	0.337	GO:0030641
195	32	18	0.00194	0.00583	3.576e+02	0.058	0.467	GO:0016486
196	20	12	0.00193	0.003	1.329e+02	0.005	0.526	GO:0007220
197	28	14	0.00188	0.00563	3.017e+02	-0.04	0.4	GO:0006309
198	21	11	0.00182	0.00509	1.659e+02	0.012	0.483	GO:0045823
199	113	56	0.00179	0.00538	4.829e+03	0.01	0.467	GO:0006865
200	40	18	0.00178	0.00468	6.550e+02	-0.016	0.37	GO:0006833
201	21	9	0.00177	0.00532	1.908e+02	-0.122	0.409	GO:0000272
202	20	11	0.00177	0.0039	1.449e+02	0.095	0.392	GO:0051412
203	46	23	0.00174	0.00472	8.047e+02	0.003	0.416	GO:0072164
204	33	17	0.00173	0.00518	4.085e+02	0.052	0.501	GO:0046471
205	33	18	0.0017	0.00306	3.906e+02	-0.05	0.479	GO:0022409
206	31	16	0.00166	0.00498	3.606e+02	0.042	0.475	GO:0045600
207	23	10	0.00162	0.00468	2.258e+02	-0.168	0.473	GO:0019835
208	81	43	0.00162	0.00486	2.370e+03	0.017	0.487	GO:0010517
209	38	17	0.00162	0.00291	5.941e+02	-0.094	0.444	GO:0031532
210	34	16	0.0016	0.00319	4.614e+02	-0.051	0.524	GO:0006221
211	20	11	0.00156	0.00361	1.449e+02	0.078	0.527	GO:0051953
212	35	14	0.00156	0.00468	5.412e+02	-0.039	0.387	GO:0032312
213	64	33	0.00154	0.00341	1.517e+03	0.007	0.482	GO:0007586
214	34	14	0.00154	0.00312	5.023e+02	-0.047	0.4	GO:0001569
215	30	18	0.00152	0.00455	2.947e+02	0.102	0.457	GO:0048640
216	34	20	0.0015	0.00285	3.856e+02	0.042	0.418	GO:0070228
217	77	38	0.00147	0.0044	2.258e+03	-0.006	0.46	GO:0006914
218	69	34	0.00147	0.0044	1.818e+03	-0.027	0.512	GO:0051341
219	23	18	0.00144	0.00244	1.060e+02	0.268	0.496	GO:0000083
220	20	10	0.00144	0.00372	1.559e+02	0.052	0.352	GO:0031122
221	54	23	0.00143	0.0043	1.227e+03	-0.002	0.407	GO:0046364
222	20	12	0.00143	0.00316	1.329e+02	0.186	0.366	GO:0046461
223	22	10	0.00142	0.00371	2.008e+02	0.013	0.397	GO:0060765
224	152	79	0.00141	0.00424	8.428e+03	0.042	0.457	GO:0071560
225	32	18	0.0014	0.00421	3.576e+02	0.008	0.572	GO:0032885
226	34	18	0.00138	0.00415	4.245e+02	0.098	0.428	GO:0030282
227	63	29	0.00138	0.00415	1.587e+03	-0.041	0.505	GO:0043255
228	31	15	0.00133	0.00289	3.776e+02	-0.009	0.506	GO:0009452
229	38	17	0.00133	0.0024	5.941e+02	-0.106	0.433	GO:0030049
230	20	10	0.0013	0.00389	1.559e+02	0.022	0.392	GO:0060291
231	23	9	0.00128	0.00384	2.408e+02	-0.065	0.392	GO:0045214
232	31	16	0.00127	0.00336	3.606e+02	-0.034	0.469	GO:0021954
233	24	12	0.00127	0.00382	2.228e+02	0.019	0.472	GO:0043500
234	22	11	0.00126	0.00378	1.879e+02	0.045	0.414	GO:0051181
235	50	20	0.00125	0.00374	1.094e+03	-0.088	0.379	GO:0006885
236	24	9	0.00124	0.00334	2.677e+02	-0.113	0.372	GO:0006111
237	25	12	0.00123	0.00344	2.488e+02	-0.011	0.52	GO:0036151
238	26	12	0.00121	0.00362	2.757e+02	0.009	0.437	GO:0032732
239	26	14	0.00119	0.00356	2.468e+02	-0.013	0.487	GO:0046132
240	32	14	0.00119	0.00356	4.295e+02	-0.061	0.514	GO:0051353
241	26	13	0.00117	0.00352	2.608e+02	-0.001	0.463	GO:0048662
242	24	13	0.00117	0.00234	2.098e+02	0.084	0.435	GO:0048147
243	36	18	0.00116	0.00347	4.954e+02	0.024	0.441	GO:0048675
244	21	10	0.00115	0.00346	1.779e+02	0.008	0.401	GO:0045453
245	63	32	0.00114	0.00341	1.486e+03	0.046	0.414	GO:0070661
246	45	19	0.00113	0.0034	8.605e+02	-0.083	0.44	GO:0007030
247	31	12	0.0011	0.0033	4.344e+02	-0.112	0.357	GO:0015682
248	51	23	0.00109	0.00248	1.058e+03	0.038	0.371	GO:0061387
249	56	34	0.00108	0.00325	1.000e+03	0.051	0.576	GO:0007269
250	25	13	0.00107	0.0032	2.348e+02	-0.002	0.554	GO:0010907
251	23	14	0.00106	0.00317	1.719e+02	0.084	0.503	GO:0021533
252	64	33	0.00106	0.00317	1.517e+03	-0.027	0.507	GO:0034440
253	22	15	0.00106	0.00317	1.339e+02	0.105	0.461	GO:0048048
254	22	9	0.001	0.00209	2.148e+02	-0.099	0.505	GO:0045879
255	85	39	0.00097	0.00292	2.883e+03	-0.016	0.455	GO:0006354
256	36	16	0.00096	0.00289	5.363e+02	-0.05	0.465	GO:0050909
257	24	9	0.00096	0.00199	2.677e+02	-0.13	0.294	GO:1900739
258	27	14	0.00096	0.00288	2.737e+02	-0.057	0.598	GO:0048738
259	22	11	0.00096	0.00287	1.879e+02	0.038	0.397	GO:0045622
260	21	9	0.00096	0.00287	1.908e+02	0.014	0.368	GO:0050704
261	21	11	0.00094	0.00281	1.659e+02	0.074	0.505	GO:0045616
262	31	17	0.00092	0.00277	3.437e+02	0.028	0.501	GO:0030279
263	37	17	0.00091	0.00272	5.542e+02	-0.018	0.382	GO:0032651
264	32	20	0.0009	0.00181	3.187e+02	0.087	0.501	GO:0008209
265	21	13	0.0009	0.00269	1.409e+02	0.135	0.396	GO:0000718
266	43	22	0.0009	0.00269	6.930e+02	0.002	0.462	GO:0042157
267	31	16	0.00089	0.00266	3.606e+02	0.103	0.319	GO:0072529
268	23	12	0.00088	0.00265	1.988e+02	-0.09	0.583	GO:0010677
269	49	24	0.00087	0.00189	9.254e+02	0.024	0.435	GO:0048588
270	27	14	0.00087	0.0026	2.737e+02	0.0	0.432	GO:0090398
271	30	16	0.00085	0.00256	3.297e+02	-0.018	0.592	GO:0048485
272	29	15	0.00084	0.00182	3.157e+02	0.02	0.466	GO:0014014
273	153	79	0.00083	0.0025	8.579e+03	0.035	0.457	GO:0071559
274	24	10	0.00082	0.00247	2.518e+02	-0.03	0.378	GO:0055090
275	35	18	0.00082	0.00246	4.595e+02	0.033	0.444	GO:0046134
276	40	18	0.00082	0.0019	6.550e+02	-0.024	0.516	GO:0010676
277	23	8	0.00082	0.00172	2.567e+02	-0.149	0.366	GO:0030316
278	30	14	0.00081	0.00244	3.626e+02	-0.06	0.496	GO:0050433
279	27	16	0.00081	0.00218	2.428e+02	0.006	0.624	GO:0021983
280	24	12	0.00078	0.00235	2.228e+02	-0.057	0.48	GO:0042474
281	22	9	0.00076	0.00228	2.148e+02	-0.022	0.397	GO:0086002
282	22	8	0.00076	0.00185	2.298e+02	-0.102	0.407	GO:0000819
283	21	12	0.00075	0.00156	1.539e+02	-0.012	0.667	GO:0033081
284	40	29	0.00075	0.00166	3.857e+02	0.288	0.375	GO:0035137
285	30	11	0.00074	0.00152	4.194e+02	-0.052	0.463	GO:0045104
286	31	13	0.00074	0.00209	4.145e+02	-0.042	0.423	GO:0006891
287	21	9	0.00073	0.0022	1.908e+02	-0.039	0.444	GO:0031016
288	32	14	0.00073	0.0022	4.295e+02	-0.109	0.562	GO:0050732
289	36	21	0.00073	0.00218	4.355e+02	0.218	0.303	GO:0032436
290	21	9	0.0007	0.00209	1.908e+02	-0.074	0.355	GO:0002675
291	31	15	0.0007	0.00209	3.776e+02	-0.106	0.582	GO:0030318
292	85	43	0.00068	0.00119	2.702e+03	-0.009	0.461	GO:0007160
293	33	13	0.00068	0.00168	4.863e+02	-0.033	0.313	GO:0002753
294	49	21	0.00068	0.00204	1.009e+03	-0.078	0.493	GO:0008637
295	47	25	0.00066	0.00154	8.028e+02	0.01	0.474	GO:0005977
296	21	10	0.00066	0.00151	1.779e+02	0.078	0.238	GO:0046135
297	22	12	0.00066	0.00198	1.759e+02	-0.061	0.568	GO:0061005
298	21	13	0.00065	0.00116	1.409e+02	0.147	0.332	GO:0002720
299	22	11	0.00064	0.00143	1.879e+02	0.082	0.399	GO:0008207
300	46	24	0.00064	0.00158	7.808e+02	0.048	0.55	GO:0042446
301	33	19	0.00063	0.0019	3.716e+02	-0.058	0.617	GO:0043550
302	30	12	0.00062	0.00125	3.995e+02	-0.07	0.508	GO:0022400
303	33	18	0.00062	0.00128	3.906e+02	0.018	0.523	GO:0032760
304	38	18	0.00062	0.00166	5.722e+02	0.025	0.523	GO:0050911
305	84	42	0.0006	0.00179	2.660e+03	-0.01	0.533	GO:0006836
306	56	25	0.00058	0.00126	1.281e+03	-0.017	0.35	GO:0007033
307	22	10	0.00058	0.00174	2.008e+02	-0.121	0.495	GO:0044089
308	97	50	0.00058	0.00173	3.468e+03	0.025	0.476	GO:0031123
309	26	14	0.00057	0.00172	2.468e+02	-0.004	0.464	GO:0009954
310	34	21	0.00056	0.00168	3.647e+02	0.075	0.415	GO:0035115
311	20	6	0.00056	0.00168	2.098e+02	-0.209	0.33	GO:0060081
312	23	13	0.00055	0.00166	1.859e+02	-0.041	0.563	GO:0048484
313	120	60	0.00055	0.00164	5.409e+03	0.007	0.451	GO:0048638
314	22	11	0.00054	0.00162	1.879e+02	0.004	0.552	GO:0010823
315	21	8	0.00053	0.00158	2.048e+02	-0.148	0.55	GO:0036230
316	24	11	0.00053	0.00158	2.368e+02	-0.041	0.392	GO:0051385
317	20	14	0.00052	0.00105	1.059e+02	0.117	0.637	GO:0030879
318	22	12	0.00051	0.00152	1.759e+02	-0.081	0.579	GO:0042417
319	22	8	0.00051	0.00147	2.298e+02	-0.086	0.405	GO:0050912
320	40	16	0.0005	0.0015	7.038e+02	-0.053	0.438	GO:0032890
321	41	20	0.0005	0.00117	6.521e+02	-0.083	0.528	GO:0050709
322	25	13	0.00049	0.00148	2.348e+02	-0.056	0.583	GO:0016575
323	32	12	0.00048	0.00145	4.703e+02	-0.059	0.349	GO:0070830
324	34	20	0.00048	0.00143	3.856e+02	0.031	0.569	GO:0032881
325	24	9	0.00047	0.00142	2.677e+02	-0.008	0.518	GO:0003206
326	20	12	0.00047	0.00142	1.329e+02	0.02	0.497	GO:0009208
327	27	14	0.00046	0.00138	2.737e+02	-0.016	0.487	GO:0009220
328	114	58	0.00046	0.00137	4.827e+03	-0.014	0.49	GO:0006184
329	22	11	0.00044	0.00132	1.879e+02	-0.142	0.554	GO:0016338
330	45	19	0.00043	0.0013	8.605e+02	-0.018	0.394	GO:0006094
331	29	16	0.00043	0.00087	2.997e+02	-0.014	0.549	GO:0006476
332	141	82	0.00043	0.0013	6.582e+03	0.084	0.477	GO:0030098
333	52	27	0.00043	0.0013	9.993e+02	-0.039	0.576	GO:0043010
334	117	58	0.00042	0.00126	5.174e+03	-0.023	0.49	GO:1901069
335	29	14	0.0004	0.0012	3.316e+02	-0.064	0.4	GO:0000737
336	59	29	0.0004	0.0012	1.334e+03	-0.093	0.538	GO:0009306
337	72	32	0.0004	0.00091	2.115e+03	-0.093	0.492	GO:0032069
338	28	16	0.00039	0.00082	2.708e+02	0.023	0.614	GO:0003073
339	36	18	0.00039	0.00118	4.954e+02	-0.033	0.53	GO:0021766
340	31	15	0.00039	0.0011	3.776e+02	-0.011	0.48	GO:0071825
341	22	11	0.00038	0.00088	1.879e+02	-0.053	0.465	GO:0048762
342	20	9	0.00037	0.0011	1.679e+02	-0.165	0.616	GO:0051954
343	42	20	0.00037	0.0011	6.949e+02	-0.016	0.477	GO:0072528
344	45	24	0.00036	0.00107	7.349e+02	0.006	0.441	GO:0032655
345	94	64	0.00036	0.00076	2.381e+03	0.166	0.457	GO:1902807
346	40	17	0.00036	0.00107	6.789e+02	-0.041	0.399	GO:0007006
347	37	17	0.00036	0.00072	5.542e+02	0.051	0.363	GO:0042098
348	29	16	0.00034	0.00103	2.997e+02	0.044	0.489	GO:0060043
349	34	17	0.00034	0.00098	4.425e+02	0.013	0.36	GO:0032729
350	28	16	0.00033	0.001	2.708e+02	0.018	0.56	GO:0005979
351	27	11	0.00033	0.001	3.216e+02	-0.183	0.511	GO:0034446
352	32	15	0.00033	0.00084	4.105e+02	-0.053	0.527	GO:0006801
353	58	26	0.00032	0.00096	1.370e+03	-0.051	0.519	GO:0050715
354	39	18	0.00031	0.00094	6.131e+02	-0.099	0.463	GO:0001906
355	22	9	0.00031	0.00092	2.148e+02	-0.063	0.448	GO:0043576
356	128	58	0.0003	0.00061	6.558e+03	-0.022	0.471	GO:0007015
357	40	21	0.0003	0.0009	5.892e+02	0.055	0.504	GO:0010717
358	20	9	0.0003	0.0009	1.679e+02	-0.042	0.44	GO:0034243
359	47	21	0.0003	0.00089	9.054e+02	-0.018	0.511	GO:0019233
360	28	10	0.00029	0.00088	3.715e+02	-0.101	0.39	GO:0035637
361	29	17	0.00029	0.00075	2.828e+02	-0.006	0.506	GO:0031128
362	69	39	0.00029	0.00086	1.633e+03	0.081	0.466	GO:0048145
363	29	13	0.00028	0.00057	3.486e+02	-0.043	0.491	GO:0008334
364	42	27	0.00027	0.00082	5.254e+02	0.113	0.425	GO:0035136
365	34	16	0.00027	0.0008	4.614e+02	-0.032	0.59	GO:0008154
366	117	64	0.00027	0.0008	4.807e+03	0.054	0.486	GO:0030178
367	22	11	0.00024	0.00072	1.879e+02	-0.044	0.665	GO:0006699
368	23	14	0.00024	0.00072	1.719e+02	0.002	0.617	GO:0044062
369	60	22	0.00024	0.00071	1.646e+03	-0.129	0.446	GO:0006637
370	37	15	0.00024	0.00071	5.991e+02	-0.087	0.4	GO:0045071
371	22	11	0.00023	0.00058	1.879e+02	-0.032	0.477	GO:0051491
372	25	9	0.00023	0.0007	2.967e+02	-0.193	0.52	GO:0060330
373	50	23	0.00022	0.00067	1.004e+03	-0.011	0.448	GO:0031032
374	50	21	0.00022	0.00066	1.063e+03	-0.107	0.412	GO:0019362
375	82	47	0.00021	0.00062	2.270e+03	0.078	0.506	GO:0090090
376	21	12	0.0002	0.0006	1.539e+02	0.082	0.486	GO:0006110
377	54	22	0.0002	0.00061	1.260e+03	-0.135	0.563	GO:0070664
378	20	9	0.0002	0.00045	1.679e+02	-0.065	0.429	GO:0090559
379	72	54	0.0002	0.0006	1.142e+03	0.231	0.448	GO:0051437
380	74	37	0.0002	0.00049	2.068e+03	0.05	0.415	GO:1990267
381	20	10	0.00019	0.00056	1.559e+02	-0.085	0.495	GO:0051962
382	25	15	0.00018	0.00051	2.058e+02	-0.043	0.607	GO:0043552
383	22	11	0.00018	0.00054	1.879e+02	0.024	0.443	GO:0030325
384	23	10	0.00018	0.00054	2.258e+02	-0.015	0.445	GO:0032731
385	22	10	0.00018	0.00053	2.008e+02	-0.025	0.487	GO:0001961
386	41	17	0.00018	0.00053	7.238e+02	-0.14	0.477	GO:0090002
387	35	17	0.00017	0.00052	4.784e+02	-0.083	0.511	GO:0002062
388	35	16	0.00017	0.00052	4.983e+02	-0.097	0.433	GO:0007566
389	112	53	0.00017	0.0005	4.891e+03	-0.049	0.468	GO:0009583
390	21	11	0.00017	0.0005	1.659e+02	-0.025	0.471	GO:0032673
391	26	16	0.00016	0.00049	2.158e+02	0.114	0.374	GO:0002702
392	28	13	0.00016	0.00049	3.177e+02	-0.012	0.442	GO:0048813
393	45	22	0.00016	0.00048	7.828e+02	-0.038	0.559	GO:0045685
394	25	11	0.00016	0.00047	2.637e+02	0.006	0.51	GO:0006378
395	22	9	0.00015	0.00046	2.148e+02	-0.158	0.417	GO:0006829
396	72	33	0.00015	0.00046	2.075e+03	-0.098	0.485	GO:0045807
397	36	20	0.00015	0.00044	4.565e+02	0.035	0.426	GO:0046131
398	45	22	0.00015	0.00044	7.828e+02	-0.052	0.48	GO:0072089
399	21	14	0.00014	0.00043	1.269e+02	0.102	0.562	GO:0010165
400	25	10	0.00014	0.00043	2.797e+02	-0.036	0.372	GO:1901071
401	24	13	0.00013	0.0004	2.098e+02	0.13	0.402	GO:0050922
402	110	51	0.00013	0.0004	4.781e+03	-0.035	0.475	GO:0051092
403	32	16	0.00013	0.0004	3.926e+02	0.039	0.516	GO:0071331
404	22	9	0.00013	0.00038	2.148e+02	0.003	0.518	GO:0003208
405	23	14	0.00012	0.00037	1.719e+02	0.084	0.425	GO:0045661
406	29	15	0.00012	0.00037	3.157e+02	0.064	0.533	GO:2000278
407	20	13	0.00012	0.00036	1.199e+02	0.176	0.47	GO:0002833
408	60	28	0.00012	0.00036	1.428e+03	-0.016	0.383	GO:0042108
409	39	20	0.00012	0.00036	5.702e+02	-0.025	0.506	GO:0060420
410	32	16	0.00012	0.00036	3.926e+02	-0.035	0.416	GO:2000107
411	21	10	0.00012	0.00035	1.779e+02	-0.033	0.551	GO:0071312
412	28	12	0.00011	0.00034	3.346e+02	-0.035	0.484	GO:0017158
413	34	11	0.00011	0.00032	5.711e+02	-0.16	0.291	GO:0051865
414	21	13	0.0001	0.00029	1.409e+02	0.004	0.588	GO:0035813
415	46	23	0.0001	0.00029	8.047e+02	-0.011	0.516	GO:0042531
416	53	27	0.0001	0.00029	1.052e+03	-0.003	0.499	GO:0048863
417	52	24	0.0001	0.00019	1.083e+03	-0.029	0.468	GO:0042180
418	25	12	9e-05	0.00028	2.488e+02	0.033	0.506	GO:0042181
419	42	20	9e-05	0.00026	6.949e+02	-0.112	0.478	GO:0001658
420	94	49	9e-05	0.00026	3.231e+03	0.011	0.479	GO:0050768
421	21	8	9e-05	0.00026	2.048e+02	-0.136	0.605	GO:0050820
422	24	10	8e-05	0.00024	2.518e+02	-0.058	0.452	GO:0006361
423	21	9	8e-05	0.00024	1.908e+02	-0.139	0.446	GO:0032715
424	57	28	8e-05	0.00023	1.247e+03	-0.111	0.569	GO:0033555
425	21	13	8e-05	0.00023	1.409e+02	0.126	0.451	GO:0042573
426	35	15	7e-05	0.00022	5.193e+02	-0.147	0.502	GO:0017144
427	32	14	7e-05	0.00022	4.295e+02	-0.127	0.504	GO:0051489
428	35	14	7e-05	0.0002	5.412e+02	-0.101	0.41	GO:0045762
429	39	16	6e-05	0.00019	6.600e+02	-0.087	0.467	GO:0002260
430	21	12	6e-05	0.00019	1.539e+02	0.011	0.564	GO:0031670
431	28	10	6e-05	0.00019	3.715e+02	-0.159	0.498	GO:0060674
432	34	14	6e-05	0.00018	5.023e+02	-0.094	0.57	GO:0009101
433	138	68	6e-05	0.00018	7.214e+03	-0.019	0.472	GO:1901068
434	45	20	6e-05	0.00017	8.336e+02	-0.073	0.48	GO:0006635
435	94	44	6e-05	0.00017	3.476e+03	-0.041	0.453	GO:0009584
436	24	10	6e-05	0.00017	2.518e+02	-0.073	0.453	GO:0060343
437	82	43	5e-05	0.00016	2.451e+03	-0.013	0.55	GO:0051262
438	25	11	5e-05	0.00014	2.637e+02	-0.201	0.59	GO:0031952
439	47	18	4e-05	0.00013	9.920e+02	-0.073	0.483	GO:0050810
440	23	14	4e-05	0.00013	1.719e+02	0.007	0.681	GO:0071695
441	26	15	4e-05	0.00013	2.318e+02	-0.062	0.607	GO:0090218
442	36	15	4e-05	0.00012	5.582e+02	-0.151	0.539	GO:0022406
443	62	30	4e-05	0.00011	1.488e+03	0.002	0.44	GO:0009062
444	73	40	4e-05	0.00011	1.878e+03	0.071	0.499	GO:0030177
445	94	47	4e-05	0.00011	3.327e+03	-0.024	0.456	GO:0045471
446	20	8	3e-05	0.0001	1.808e+02	0.003	0.426	GO:0043537
447	24	10	3e-05	8e-05	2.518e+02	-0.211	0.576	GO:0033003
448	33	16	3e-05	8e-05	4.265e+02	-0.074	0.495	GO:0042220
449	73	39	3e-05	8e-05	1.918e+03	0.106	0.401	GO:0045862
450	24	8	2e-05	7e-05	2.847e+02	-0.268	0.515	GO:0042596
451	114	76	2e-05	6e-05	3.620e+03	0.234	0.384	GO:0031331
452	33	13	2e-05	5e-05	4.863e+02	-0.103	0.484	GO:0032370
453	29	11	1e-05	4e-05	3.855e+02	-0.114	0.46	GO:0001954
454	33	24	1e-05	4e-05	2.618e+02	0.142	0.527	GO:0006271
455	58	42	1e-05	4e-05	8.080e+02	0.207	0.448	GO:0006521
456	27	12	1e-05	4e-05	3.047e+02	-0.026	0.45	GO:0046676
457	57	30	1e-05	2e-05	1.187e+03	-0.048	0.568	GO:0002065
458	20	8	1e-05	2e-05	1.808e+02	-0.063	0.448	GO:0015721
459	22	13	1e-05	2e-05	1.629e+02	0.034	0.526	GO:0045686
460	34	17	0.0	1e-05	4.425e+02	0.044	0.444	GO:0015909
