Order	#(Annotations)	#(Annotations of perturbed genes)	Mean Posterior Probability	Standard Deviation Posterior Probability	p-value	Average Expression Level	Average position perturbed genes	Term Name
1	109	78	1.0	0.0	2.908e+03	0.218	0.461	GO:0016050
2	152	79	1.0	0.0	8.427e+03	0.031	0.436	GO:0022900
3	158	119	1.0	0.0	5.407e+03	0.211	0.516	GO:0090287
4	111	72	0.97717	0.06848	3.579e+03	0.114	0.501	GO:0045787
5	60	29	0.75064	0.31978	1.395e+03	-0.005	0.396	GO:0010976
6	151	73	0.67522	0.35239	8.739e+03	0.006	0.417	GO:0071824
7	169	127	0.65791	0.44798	6.219e+03	0.295	0.406	GO:0046822
8	47	28	0.65064	0.395	7.220e+02	0.111	0.432	GO:1901880
9	160	83	0.64903	0.38981	9.346e+03	0.052	0.385	GO:0007507
10	42	25	0.58496	0.30499	5.783e+02	0.132	0.498	GO:0031100
11	24	16	0.53771	0.27989	1.649e+02	0.277	0.344	GO:0032228
12	190	135	0.52138	0.44888	8.931e+03	0.226	0.439	GO:0007173
13	83	48	0.51708	0.34211	2.305e+03	0.073	0.433	GO:0006353
14	191	136	0.4791	0.44942	8.985e+03	0.226	0.44	GO:0038127
15	43	29	0.46124	0.4542	5.115e+02	0.15	0.482	GO:0045682
16	77	41	0.38436	0.39642	2.138e+03	0.098	0.413	GO:0021953
17	23	14	0.36521	0.37185	1.719e+02	0.227	0.373	GO:0021533
18	138	65	0.32223	0.34947	7.431e+03	0.009	0.402	GO:0034728
19	66	42	0.31971	0.2726	1.307e+03	0.12	0.538	GO:2000117
20	74	49	0.31276	0.29393	1.548e+03	0.145	0.486	GO:0006289
21	91	48	0.26236	0.39446	3.002e+03	0.015	0.412	GO:0030856
22	94	52	0.26227	0.28081	3.079e+03	0.027	0.524	GO:0035023
23	50	29	0.26062	0.347	8.397e+02	0.085	0.45	GO:0043242
24	30	21	0.25133	0.39058	2.348e+02	0.187	0.452	GO:0045604
25	47	36	0.21092	0.26821	4.626e+02	0.249	0.509	GO:0006283
26	75	48	0.20972	0.15244	1.672e+03	0.106	0.482	GO:0002479
27	29	18	0.20856	0.11633	2.648e+02	0.132	0.405	GO:0017156
28	126	72	0.19406	0.19274	5.354e+03	0.101	0.408	GO:0050731
29	25	20	0.1764	0.32655	1.160e+02	0.33	0.412	GO:0006360
30	89	43	0.1743	0.20443	3.054e+03	0.042	0.4	GO:0018394
31	96	49	0.1741	0.28228	3.421e+03	0.022	0.432	GO:0043279
32	91	41	0.15438	0.10869	3.340e+03	-0.046	0.411	GO:0034754
33	136	106	0.15218	0.31029	3.638e+03	0.328	0.406	GO:0042306
34	136	71	0.1433	0.17752	6.731e+03	0.056	0.463	GO:2000146
35	35	21	0.13595	0.10238	3.996e+02	0.107	0.461	GO:0017144
36	79	50	0.12758	0.15263	1.882e+03	0.092	0.491	GO:0042590
37	64	34	0.12694	0.10405	1.483e+03	-0.009	0.483	GO:0007586
38	142	71	0.1244	0.29785	7.562e+03	0.0	0.457	GO:0031346
39	56	35	0.11722	0.11716	9.655e+02	0.013	0.542	GO:0007272
40	104	49	0.11479	0.14479	4.232e+03	0.024	0.4	GO:0006473
41	32	19	0.1134	0.13234	3.387e+02	0.076	0.431	GO:0048706
42	41	24	0.11157	0.10627	5.613e+02	0.08	0.48	GO:0019748
43	175	92	0.10384	0.18957	1.106e+04	0.015	0.475	GO:0033673
44	118	64	0.10314	0.13149	4.924e+03	0.081	0.392	GO:0007219
45	141	74	0.10184	0.12778	7.204e+03	0.052	0.468	GO:0051271
46	140	107	0.10121	0.29961	4.083e+03	0.306	0.409	GO:1900180
47	185	130	0.0917	0.2751	8.657e+03	0.24	0.402	GO:0033157
48	58	34	0.08813	0.06313	1.115e+03	0.113	0.436	GO:0050715
49	53	27	0.08488	0.09119	1.052e+03	0.009	0.418	GO:0071300
50	25	20	0.08426	0.07327	1.160e+02	0.209	0.524	GO:0010226
51	63	40	0.08278	0.09062	1.195e+03	0.116	0.539	GO:0043154
52	87	42	0.08105	0.09561	2.921e+03	0.037	0.406	GO:0018393
53	29	16	0.08037	0.09222	2.997e+02	0.113	0.402	GO:0002275
54	21	14	0.07712	0.10265	1.269e+02	0.174	0.399	GO:0021522
55	88	45	0.07702	0.09125	2.874e+03	0.043	0.432	GO:0044259
56	30	17	0.07562	0.07983	3.127e+02	0.072	0.44	GO:0007040
57	175	82	0.07515	0.14391	1.196e+04	-0.017	0.434	GO:0000377
58	40	19	0.07477	0.13947	6.321e+02	0.001	0.377	GO:0032890
59	84	47	0.06734	0.17568	2.437e+03	0.036	0.527	GO:0031099
60	24	19	0.06614	0.12402	1.110e+02	0.34	0.387	GO:0006361
61	88	50	0.0629	0.0676	2.635e+03	0.03	0.478	GO:0015850
62	101	63	0.06188	0.14607	3.128e+03	0.091	0.491	GO:0002474
63	137	68	0.05781	0.11006	7.076e+03	-0.012	0.449	GO:0007584
64	57	31	0.0552	0.12812	1.156e+03	0.056	0.446	GO:1901879
65	22	18	0.05448	0.06172	8.297e+01	0.243	0.605	GO:0006297
66	21	14	0.05288	0.05836	1.269e+02	0.162	0.406	GO:0019915
67	65	43	0.05254	0.07301	1.198e+03	0.136	0.515	GO:0034146
68	31	19	0.04938	0.08149	3.067e+02	0.025	0.496	GO:0035094
69	72	46	0.04924	0.06874	1.545e+03	0.153	0.447	GO:2000736
70	26	15	0.0486	0.06636	2.318e+02	0.099	0.416	GO:0051350
71	78	37	0.04724	0.10163	2.378e+03	-0.022	0.416	GO:0007623
72	68	35	0.04702	0.05899	1.713e+03	0.091	0.392	GO:0045666
73	41	23	0.04643	0.07272	5.852e+02	0.073	0.477	GO:0043967
74	22	11	0.04426	0.06475	1.878e+02	0.042	0.349	GO:0032862
75	58	34	0.04392	0.05882	1.115e+03	0.015	0.534	GO:2000648
76	94	49	0.04218	0.05328	3.231e+03	-0.001	0.479	GO:0007163
77	53	34	0.04194	0.05875	8.358e+02	0.022	0.557	GO:0042552
78	109	60	0.04156	0.07066	4.152e+03	0.06	0.477	GO:0043409
79	93	44	0.04152	0.08966	3.380e+03	0.016	0.419	GO:0006475
80	164	85	0.04034	0.09727	9.823e+03	0.012	0.473	GO:0006469
81	99	51	0.04018	0.04225	3.613e+03	0.028	0.441	GO:0051168
82	97	56	0.03873	0.0412	3.149e+03	0.092	0.467	GO:0071901
83	40	22	0.03836	0.03444	5.673e+02	0.076	0.437	GO:1900543
84	157	77	0.03827	0.1148	9.355e+03	0.022	0.464	GO:0040013
85	85	46	0.03822	0.08003	2.568e+03	0.069	0.438	GO:0036294
86	27	15	0.03771	0.04413	2.588e+02	0.044	0.482	GO:0006505
87	26	17	0.03708	0.05217	1.989e+02	0.193	0.461	GO:0034504
88	43	20	0.03546	0.06503	7.398e+02	0.048	0.355	GO:0043966
89	27	13	0.0353	0.05006	2.887e+02	0.043	0.391	GO:0010508
90	47	26	0.03508	0.10264	7.768e+02	0.117	0.366	GO:0061097
91	41	25	0.03493	0.05746	5.364e+02	0.086	0.46	GO:0008542
92	71	35	0.03485	0.04549	1.923e+03	0.012	0.424	GO:0006405
93	133	69	0.03428	0.06963	6.469e+03	0.049	0.469	GO:0030336
94	22	9	0.03416	0.03863	2.148e+02	-0.054	0.343	GO:0017145
95	37	22	0.03385	0.05382	4.505e+02	0.213	0.319	GO:0032651
96	41	25	0.03358	0.04704	5.364e+02	0.212	0.351	GO:0032652
97	30	14	0.0329	0.03285	3.626e+02	-0.001	0.403	GO:0032856
98	39	23	0.03264	0.05849	5.044e+02	0.097	0.481	GO:0035690
99	182	85	0.03206	0.09264	1.296e+04	-0.022	0.434	GO:0000375
100	21	14	0.0311	0.08337	1.269e+02	0.146	0.37	GO:0071385
101	40	28	0.02785	0.04881	4.146e+02	0.271	0.402	GO:0010717
102	94	47	0.0274	0.03748	3.327e+03	0.024	0.429	GO:0044236
103	26	16	0.02714	0.03794	2.158e+02	0.179	0.311	GO:0061098
104	26	20	0.02702	0.03145	1.419e+02	0.167	0.623	GO:0006739
105	84	40	0.02618	0.03604	2.749e+03	0.039	0.401	GO:0016573
106	31	17	0.02367	0.05131	3.437e+02	0.087	0.421	GO:0030803
107	66	30	0.0236	0.03949	1.755e+03	-0.03	0.433	GO:0010506
108	77	43	0.02354	0.03631	2.053e+03	0.06	0.49	GO:0002274
109	69	41	0.02328	0.03049	1.552e+03	0.06	0.498	GO:0072395
110	26	18	0.02307	0.05294	1.809e+02	0.215	0.396	GO:0046825
111	26	19	0.02139	0.02665	1.619e+02	0.238	0.509	GO:0097028
112	36	21	0.02104	0.05452	4.355e+02	0.129	0.373	GO:0021515
113	26	16	0.02078	0.03586	2.158e+02	0.136	0.422	GO:0051602
114	21	9	0.02045	0.02182	1.908e+02	0.023	0.279	GO:0046135
115	22	17	0.02028	0.03417	1.010e+02	0.183	0.591	GO:0032201
116	46	28	0.01988	0.02191	6.751e+02	0.079	0.476	GO:0007632
117	43	26	0.01978	0.02737	5.953e+02	0.085	0.476	GO:0048839
118	84	63	0.01968	0.03892	1.553e+03	0.314	0.401	GO:0032387
119	67	43	0.01935	0.04087	1.331e+03	0.069	0.532	GO:1902106
120	120	61	0.01791	0.03839	5.349e+03	0.025	0.464	GO:0031175
121	21	12	0.01736	0.0167	1.539e+02	0.024	0.554	GO:0043299
122	92	51	0.0172	0.02465	2.945e+03	0.063	0.453	GO:0071453
123	69	39	0.01705	0.02325	1.633e+03	0.056	0.442	GO:0042102
124	32	14	0.01673	0.03176	4.295e+02	0.021	0.349	GO:0033628
125	24	17	0.01591	0.0182	1.479e+02	0.302	0.362	GO:0006890
126	44	31	0.01571	0.02248	4.945e+02	0.157	0.511	GO:0035872
127	27	17	0.0157	0.03343	2.258e+02	0.1	0.483	GO:1903018
128	35	19	0.0154	0.02224	4.405e+02	0.069	0.42	GO:0030800
129	27	15	0.01521	0.02052	2.588e+02	0.115	0.341	GO:0048738
130	20	15	0.01512	0.02043	9.096e+01	0.222	0.522	GO:2000108
131	82	42	0.01432	0.02354	2.494e+03	0.049	0.426	GO:0032963
132	34	24	0.014	0.0414	2.958e+02	0.161	0.488	GO:0045840
133	22	13	0.01366	0.02889	1.629e+02	0.054	0.481	GO:0060071
134	33	18	0.01329	0.0245	3.906e+02	0.073	0.442	GO:0030809
135	51	26	0.01324	0.01828	9.743e+02	0.031	0.394	GO:0051952
136	46	23	0.01294	0.02025	8.047e+02	-0.03	0.437	GO:0030010
137	38	19	0.01274	0.01956	5.513e+02	-0.003	0.436	GO:0008156
138	130	72	0.0127	0.02811	5.865e+03	0.039	0.515	GO:0010951
139	41	23	0.01258	0.02207	5.852e+02	0.04	0.479	GO:0010464
140	23	17	0.01251	0.01714	1.239e+02	0.086	0.675	GO:0000060
141	35	18	0.01241	0.01925	4.594e+02	0.025	0.468	GO:0034308
142	50	28	0.01228	0.02975	8.686e+02	0.047	0.462	GO:0010830
143	34	20	0.01209	0.02912	3.856e+02	0.113	0.431	GO:0030834
144	53	27	0.01205	0.02334	1.052e+03	0.04	0.47	GO:0060359
145	22	12	0.01196	0.01946	1.759e+02	0.099	0.402	GO:1901532
146	24	18	0.01186	0.0164	1.299e+02	0.162	0.528	GO:0010712
147	25	14	0.01183	0.01347	2.208e+02	0.083	0.415	GO:0031280
148	96	50	0.01182	0.01977	3.371e+03	-0.005	0.487	GO:0032526
149	85	45	0.01174	0.033	2.614e+03	0.052	0.404	GO:0006354
150	89	47	0.0114	0.02445	2.870e+03	0.061	0.407	GO:0050707
151	28	15	0.01135	0.017	2.867e+02	0.029	0.4	GO:0006309
152	29	18	0.011	0.02175	2.648e+02	0.147	0.417	GO:0030835
153	30	20	0.01089	0.02563	2.558e+02	0.299	0.345	GO:0006370
154	60	35	0.01082	0.02144	1.199e+03	0.049	0.484	GO:0008306
155	20	10	0.01081	0.01502	1.559e+02	-0.019	0.4	GO:0001782
156	42	23	0.01054	0.01293	6.272e+02	0.1	0.438	GO:0043535
157	42	22	0.01022	0.01676	6.501e+02	0.046	0.357	GO:0035051
158	22	14	0.01018	0.02248	1.489e+02	0.08	0.52	GO:0090103
159	20	8	0.01002	0.01871	1.808e+02	-0.037	0.384	GO:0051962
160	50	29	0.00982	0.01516	8.397e+02	0.049	0.546	GO:0048489
161	25	16	0.00978	0.0212	1.899e+02	0.054	0.485	GO:0045058
162	28	12	0.00962	0.01299	3.346e+02	-0.034	0.342	GO:0031069
163	29	14	0.00955	0.01791	3.316e+02	-0.024	0.439	GO:0048747
164	88	45	0.00927	0.02472	2.874e+03	-0.059	0.485	GO:0000079
165	50	28	0.0092	0.0112	8.686e+02	0.076	0.406	GO:0008630
166	25	19	0.00906	0.01135	1.359e+02	0.242	0.543	GO:0031952
167	46	25	0.00897	0.01151	7.559e+02	0.055	0.377	GO:0042531
168	51	26	0.00889	0.01504	9.743e+02	-0.017	0.48	GO:0030888
169	23	12	0.00877	0.01137	1.988e+02	0.024	0.503	GO:0006706
170	43	24	0.00863	0.02054	6.461e+02	0.092	0.435	GO:0045980
171	57	29	0.00862	0.0208	1.217e+03	0.031	0.48	GO:0007254
172	24	14	0.00852	0.01722	1.959e+02	0.141	0.408	GO:0060343
173	26	19	0.00848	0.01571	1.619e+02	0.122	0.597	GO:0014910
174	27	20	0.00844	0.00988	1.689e+02	0.149	0.562	GO:0070423
175	24	11	0.00816	0.01848	2.368e+02	-0.062	0.465	GO:0042474
176	27	15	0.00795	0.00963	2.588e+02	0.017	0.37	GO:0042517
177	103	48	0.00793	0.02177	4.181e+03	-0.062	0.418	GO:0032320
178	45	26	0.0079	0.01964	6.841e+02	0.059	0.474	GO:0022600
179	23	13	0.00786	0.01002	1.859e+02	0.18	0.365	GO:0050927
180	23	17	0.00773	0.01466	1.239e+02	0.218	0.531	GO:0001990
181	23	13	0.00753	0.01048	1.859e+02	0.072	0.488	GO:0006071
182	24	13	0.0074	0.01259	2.098e+02	0.17	0.365	GO:0050926
183	31	20	0.00734	0.01432	2.868e+02	0.285	0.345	GO:0009452
184	26	17	0.00731	0.0125	1.989e+02	0.294	0.331	GO:0032732
185	65	36	0.00723	0.01493	1.477e+03	0.082	0.425	GO:0006368
186	41	28	0.00722	0.01155	4.556e+02	0.156	0.44	GO:0046637
187	23	15	0.00716	0.00991	1.569e+02	0.32	0.285	GO:0032731
188	21	12	0.00673	0.0103	1.539e+02	0.012	0.479	GO:0010165
189	33	16	0.00657	0.01288	4.265e+02	0.024	0.475	GO:0042220
190	23	16	0.00641	0.01243	1.409e+02	0.092	0.524	GO:0045581
191	36	21	0.0063	0.01348	4.355e+02	0.007	0.516	GO:0002053
192	30	16	0.00629	0.00971	3.297e+02	0.063	0.437	GO:0030818
193	68	40	0.00627	0.01003	1.524e+03	0.059	0.489	GO:0072401
194	22	13	0.00618	0.0078	1.629e+02	0.129	0.419	GO:2000401
195	22	9	0.00614	0.00914	2.148e+02	-0.031	0.396	GO:0044089
196	64	36	0.0061	0.01246	1.412e+03	0.015	0.505	GO:0001952
197	39	22	0.00607	0.01029	5.274e+02	0.05	0.467	GO:0002260
198	21	11	0.00604	0.01771	1.659e+02	0.017	0.443	GO:0046320
199	20	10	0.00596	0.01463	1.559e+02	0.037	0.383	GO:0045736
200	123	57	0.00588	0.01585	5.972e+03	-0.012	0.44	GO:0071229
201	161	88	0.00584	0.01088	9.081e+03	0.001	0.532	GO:0046578
202	125	58	0.00583	0.01242	6.162e+03	0.01	0.415	GO:0043543
203	33	18	0.00579	0.01738	3.906e+02	-0.005	0.392	GO:0042516
204	20	13	0.00576	0.00761	1.199e+02	0.126	0.465	GO:0090342
205	22	15	0.00567	0.017	1.339e+02	0.155	0.385	GO:0071384
206	80	41	0.00563	0.00861	2.374e+03	0.075	0.447	GO:0010594
207	20	12	0.00558	0.01218	1.329e+02	0.057	0.487	GO:0048857
208	59	36	0.00554	0.01051	1.103e+03	0.078	0.462	GO:0046634
209	86	48	0.00549	0.00738	2.559e+03	0.048	0.505	GO:0051351
210	31	18	0.00508	0.0134	3.257e+02	0.033	0.506	GO:0000387
211	23	12	0.00495	0.0088	1.988e+02	0.034	0.468	GO:0006270
212	56	36	0.00487	0.01196	9.296e+02	0.122	0.457	GO:0045582
213	89	52	0.00484	0.00827	2.621e+03	0.033	0.511	GO:0030330
214	21	13	0.00482	0.00818	1.409e+02	0.077	0.465	GO:0035813
215	21	11	0.00482	0.01446	1.659e+02	0.1	0.376	GO:0050820
216	36	19	0.00467	0.01091	4.764e+02	0.029	0.466	GO:0021766
217	69	39	0.00466	0.00993	1.633e+03	0.051	0.505	GO:0060606
218	21	14	0.00455	0.00762	1.269e+02	0.128	0.49	GO:0043029
219	46	22	0.00449	0.01134	8.296e+02	-0.073	0.433	GO:0031341
220	33	22	0.00446	0.00825	3.087e+02	0.083	0.558	GO:0002753
221	47	21	0.00444	0.00523	9.054e+02	-0.078	0.468	GO:0048814
222	22	15	0.00441	0.00672	1.339e+02	0.195	0.465	GO:0010718
223	41	25	0.00438	0.00531	5.364e+02	0.095	0.539	GO:0050764
224	68	31	0.00437	0.00885	1.858e+03	-0.067	0.419	GO:0032321
225	72	38	0.00436	0.01236	1.884e+03	-0.004	0.444	GO:0006308
226	86	44	0.00428	0.00864	2.744e+03	0.028	0.428	GO:0050714
227	51	31	0.00425	0.01021	8.298e+02	0.093	0.481	GO:0071383
228	67	34	0.00418	0.00994	1.680e+03	-0.003	0.498	GO:0051339
229	29	15	0.00416	0.00887	3.157e+02	0.012	0.4	GO:0000737
230	22	12	0.00414	0.0065	1.759e+02	0.094	0.405	GO:0035924
231	41	23	0.00414	0.0072	5.852e+02	0.009	0.48	GO:0048168
232	23	17	0.00409	0.00723	1.239e+02	0.143	0.54	GO:0032965
233	85	49	0.00398	0.00953	2.425e+03	0.061	0.482	GO:0042542
234	30	14	0.00394	0.00518	3.626e+02	-0.068	0.448	GO:0050433
235	26	19	0.00392	0.00925	1.619e+02	0.155	0.592	GO:0000722
236	37	18	0.00392	0.01175	5.333e+02	-0.086	0.493	GO:1901264
237	30	21	0.00382	0.01147	2.348e+02	0.167	0.45	GO:0046638
238	20	9	0.0038	0.00685	1.679e+02	-0.046	0.474	GO:0051412
239	32	17	0.00374	0.00954	3.756e+02	0.037	0.453	GO:0030101
240	33	17	0.00369	0.00667	4.085e+02	0.017	0.463	GO:0042339
241	29	17	0.00363	0.0045	2.827e+02	0.096	0.432	GO:0048742
242	25	9	0.00363	0.01088	2.967e+02	-0.156	0.378	GO:0060998
243	100	57	0.0036	0.00807	3.388e+03	0.028	0.494	GO:0042770
244	20	12	0.00352	0.00728	1.329e+02	0.048	0.523	GO:0001953
245	61	33	0.00341	0.01024	1.328e+03	0.011	0.497	GO:0033273
246	22	12	0.00335	0.00805	1.759e+02	0.1	0.394	GO:0043536
247	66	40	0.00333	0.0052	1.389e+03	0.11	0.49	GO:0043407
248	54	32	0.00332	0.00576	9.565e+02	0.075	0.459	GO:0045665
249	77	43	0.00332	0.00569	2.053e+03	0.027	0.515	GO:0072091
250	22	14	0.00329	0.00575	1.489e+02	0.036	0.61	GO:0043567
251	39	20	0.00329	0.00693	5.702e+02	-0.002	0.476	GO:0001756
252	114	63	0.00327	0.00476	4.524e+03	0.03	0.505	GO:0031331
253	53	29	0.00324	0.00561	9.953e+02	0.052	0.382	GO:0042509
254	35	19	0.00321	0.0037	4.405e+02	-0.007	0.51	GO:0007566
255	41	19	0.0032	0.00588	6.750e+02	0.018	0.357	GO:0070542
256	28	20	0.00318	0.00865	1.969e+02	0.241	0.501	GO:0003073
257	65	35	0.00317	0.00837	1.513e+03	0.04	0.481	GO:0007589
258	173	98	0.0031	0.00687	1.015e+04	0.076	0.436	GO:0050730
259	133	73	0.00309	0.00928	6.185e+03	0.034	0.513	GO:0010466
260	20	11	0.00304	0.00678	1.449e+02	0.056	0.513	GO:0072676
261	21	11	0.003	0.00733	1.659e+02	0.03	0.435	GO:0015844
262	25	14	0.003	0.00356	2.208e+02	0.064	0.518	GO:0019400
263	40	23	0.00299	0.00466	5.443e+02	0.05	0.511	GO:0060401
264	26	14	0.00298	0.00595	2.468e+02	0.036	0.463	GO:0048013
265	21	11	0.00296	0.00753	1.659e+02	0.005	0.472	GO:0031114
266	73	36	0.00291	0.00495	2.032e+03	-0.043	0.499	GO:0090305
267	23	15	0.0029	0.0067	1.569e+02	0.164	0.477	GO:0030316
268	32	14	0.00288	0.00537	4.295e+02	-0.062	0.451	GO:0090003
269	87	51	0.00287	0.0066	2.497e+03	0.063	0.45	GO:0045580
270	67	52	0.00284	0.00385	9.000e+02	0.235	0.521	GO:0030512
271	28	14	0.00282	0.00607	3.017e+02	-0.026	0.564	GO:0045055
272	76	43	0.00281	0.00824	1.976e+03	0.095	0.466	GO:0002573
273	20	10	0.0028	0.00433	1.559e+02	0.019	0.43	GO:0051954
274	21	8	0.0028	0.00638	2.048e+02	-0.02	0.317	GO:0046173
275	48	22	0.00274	0.00493	9.283e+02	-0.023	0.474	GO:0048525
276	29	16	0.00273	0.00592	2.997e+02	0.032	0.519	GO:0043491
277	35	22	0.00272	0.00429	3.776e+02	0.067	0.545	GO:0002762
278	22	13	0.00272	0.00685	1.629e+02	0.113	0.54	GO:0001909
279	46	21	0.00268	0.00565	8.555e+02	-0.018	0.425	GO:0060041
280	20	10	0.00266	0.00615	1.559e+02	-0.054	0.548	GO:0000413
281	51	31	0.00262	0.0047	8.298e+02	0.1	0.461	GO:0001947
282	20	10	0.0026	0.006	1.559e+02	0.03	0.404	GO:0016241
283	22	11	0.00258	0.00549	1.878e+02	0.007	0.435	GO:0034105
284	32	20	0.00253	0.00521	3.187e+02	0.039	0.581	GO:0006312
285	21	13	0.0025	0.00508	1.409e+02	0.113	0.537	GO:0051354
286	39	22	0.00249	0.00537	5.274e+02	0.071	0.454	GO:0007041
287	46	24	0.00246	0.00501	7.808e+02	-0.009	0.462	GO:0006369
288	22	13	0.00244	0.00731	1.629e+02	0.111	0.493	GO:0006906
289	29	13	0.00243	0.00511	3.486e+02	0.023	0.413	GO:0050853
290	21	12	0.00242	0.00711	1.539e+02	0.068	0.434	GO:0042116
291	32	21	0.00241	0.00527	2.978e+02	0.099	0.536	GO:0045931
292	34	20	0.0024	0.00391	3.856e+02	0.065	0.532	GO:0046686
293	22	9	0.00234	0.00626	2.148e+02	-0.017	0.418	GO:0021915
294	23	14	0.00233	0.007	1.719e+02	0.099	0.453	GO:0045661
295	59	34	0.00232	0.00367	1.174e+03	0.032	0.489	GO:0051149
296	25	15	0.00231	0.00692	2.058e+02	0.086	0.424	GO:0046006
297	38	16	0.00226	0.00679	6.171e+02	-0.101	0.537	GO:0031577
298	21	11	0.00224	0.0046	1.659e+02	0.022	0.392	GO:0033081
299	31	18	0.00224	0.00611	3.257e+02	0.109	0.42	GO:0048663
300	21	12	0.00221	0.00664	1.539e+02	0.179	0.357	GO:0060412
301	20	12	0.00221	0.00463	1.329e+02	0.062	0.423	GO:0031122
302	34	18	0.00219	0.00547	4.245e+02	0.047	0.435	GO:0030815
303	20	9	0.00219	0.00453	1.679e+02	-0.072	0.404	GO:0051953
304	25	12	0.00218	0.00584	2.488e+02	-0.082	0.535	GO:0042181
305	55	30	0.00216	0.00508	1.074e+03	0.047	0.472	GO:0032941
306	22	9	0.00213	0.00512	2.148e+02	-0.115	0.361	GO:0006829
307	32	16	0.00212	0.00637	3.926e+02	0.033	0.395	GO:0071331
308	25	12	0.00209	0.00419	2.488e+02	-0.058	0.537	GO:0090311
309	26	13	0.00207	0.00415	2.608e+02	0.006	0.345	GO:2000243
310	22	12	0.00205	0.00616	1.759e+02	0.009	0.617	GO:0006278
311	56	35	0.00205	0.00614	9.655e+02	0.111	0.494	GO:2000106
312	33	17	0.00204	0.00435	4.085e+02	-0.027	0.538	GO:0019320
313	26	15	0.00202	0.00607	2.318e+02	0.142	0.41	GO:0043124
314	42	24	0.00201	0.00425	6.032e+02	0.011	0.531	GO:0002718
315	39	22	0.00199	0.00528	5.274e+02	0.106	0.384	GO:0048806
316	23	13	0.00198	0.00593	1.859e+02	-0.027	0.552	GO:0043030
317	32	19	0.00194	0.00388	3.387e+02	0.018	0.587	GO:0050931
318	42	24	0.00192	0.00468	6.032e+02	0.033	0.499	GO:0050994
319	48	26	0.00192	0.00411	8.247e+02	-0.015	0.51	GO:0006939
320	20	10	0.00191	0.00353	1.559e+02	-0.038	0.472	GO:0060349
321	30	16	0.00187	0.00412	3.297e+02	0.038	0.398	GO:0048864
322	110	56	0.00187	0.00551	4.493e+03	-0.041	0.503	GO:0051384
323	79	39	0.00185	0.00331	2.376e+03	0.033	0.426	GO:0044243
324	131	67	0.00184	0.00553	6.341e+03	-0.01	0.491	GO:0045165
325	24	13	0.00183	0.004	2.098e+02	0.054	0.435	GO:0007194
326	28	14	0.00182	0.00437	3.017e+02	0.04	0.371	GO:0045739
327	23	11	0.0018	0.0054	2.118e+02	0.022	0.414	GO:0006336
328	56	27	0.0018	0.00402	1.219e+03	-0.03	0.487	GO:0007033
329	28	17	0.00179	0.00413	2.538e+02	0.086	0.506	GO:0046579
330	72	42	0.00177	0.00317	1.722e+03	0.054	0.529	GO:0051437
331	42	24	0.00175	0.00397	6.032e+02	0.01	0.497	GO:0015918
332	58	36	0.00174	0.00455	1.044e+03	0.05	0.565	GO:0006521
333	131	68	0.00173	0.00376	6.274e+03	-0.008	0.485	GO:0043627
334	24	13	0.00173	0.0052	2.098e+02	-0.013	0.517	GO:0007616
335	49	25	0.00171	0.00316	8.995e+02	-0.025	0.497	GO:0043542
336	26	13	0.00171	0.00345	2.608e+02	0.048	0.475	GO:0070373
337	20	7	0.00168	0.00504	1.948e+02	-0.08	0.359	GO:0043921
338	26	13	0.00168	0.00331	2.608e+02	-0.014	0.375	GO:0050710
339	30	16	0.00166	0.00381	3.297e+02	0.069	0.395	GO:0071333
340	20	13	0.00166	0.00414	1.199e+02	0.076	0.479	GO:0002825
341	40	22	0.0016	0.00479	5.673e+02	0.02	0.481	GO:0055117
342	22	9	0.00159	0.00353	2.148e+02	-0.034	0.404	GO:0016338
343	23	12	0.00158	0.00366	1.988e+02	0.074	0.363	GO:0010677
344	26	17	0.00156	0.00283	1.989e+02	0.15	0.488	GO:0044060
345	46	24	0.00156	0.00467	7.808e+02	0.005	0.456	GO:0072164
346	28	15	0.00155	0.00382	2.867e+02	0.007	0.436	GO:0035567
347	20	10	0.00154	0.0027	1.559e+02	-0.024	0.421	GO:0008210
348	26	13	0.00154	0.00388	2.608e+02	0.128	0.397	GO:0043113
349	54	27	0.00152	0.00455	1.106e+03	0.026	0.473	GO:0001649
350	20	11	0.00151	0.00452	1.449e+02	0.038	0.502	GO:0097035
351	95	50	0.0015	0.00335	3.276e+03	-0.035	0.486	GO:0002822
352	42	25	0.0015	0.00307	5.783e+02	0.092	0.423	GO:0001658
353	82	45	0.0015	0.00386	2.363e+03	0.035	0.515	GO:0051443
354	42	19	0.00149	0.00323	7.189e+02	-0.061	0.537	GO:0032092
355	23	13	0.00149	0.00386	1.859e+02	0.04	0.465	GO:0044062
356	45	21	0.00146	0.0033	8.077e+02	-0.024	0.468	GO:0070252
357	24	11	0.00144	0.00339	2.368e+02	-0.021	0.497	GO:0051385
358	73	45	0.00142	0.00427	1.664e+03	0.08	0.528	GO:0034134
359	28	17	0.00142	0.00284	2.538e+02	0.044	0.512	GO:0050854
360	67	38	0.00141	0.00393	1.535e+03	0.038	0.525	GO:0051436
361	29	15	0.00141	0.00282	3.157e+02	-0.001	0.491	GO:0051893
362	24	16	0.0014	0.00354	1.649e+02	0.172	0.424	GO:0032735
363	24	14	0.00138	0.00219	1.959e+02	0.045	0.513	GO:0043500
364	20	12	0.00137	0.00275	1.329e+02	-0.025	0.577	GO:0031102
365	93	46	0.00136	0.00279	3.282e+03	-0.042	0.508	GO:0007218
366	20	12	0.00135	0.00404	1.329e+02	0.048	0.605	GO:0045851
367	35	15	0.00129	0.00258	5.193e+02	-0.175	0.519	GO:0002712
368	82	52	0.00129	0.00264	2.022e+03	0.124	0.514	GO:0002755
369	42	27	0.00129	0.00315	5.254e+02	0.081	0.525	GO:0007249
370	30	16	0.00128	0.00383	3.297e+02	0.053	0.406	GO:0003382
371	61	31	0.00128	0.00206	1.393e+03	-0.061	0.503	GO:0009408
372	47	26	0.00127	0.00382	7.768e+02	-0.0	0.497	GO:0001776
373	33	17	0.00127	0.00198	4.085e+02	0.05	0.393	GO:0071326
374	34	19	0.00126	0.00379	4.056e+02	0.07	0.517	GO:0018107
375	45	21	0.00126	0.00342	8.077e+02	-0.015	0.433	GO:0006120
376	23	15	0.00125	0.00376	1.569e+02	0.171	0.545	GO:0050974
377	64	30	0.00124	0.00283	1.618e+03	-0.012	0.405	GO:0006406
378	62	35	0.00121	0.00364	1.321e+03	0.045	0.489	GO:0032874
379	26	9	0.00121	0.00244	3.266e+02	-0.212	0.428	GO:0043631
380	29	14	0.00121	0.00364	3.316e+02	-0.052	0.5	GO:0043928
381	27	15	0.00118	0.00355	2.588e+02	0.055	0.514	GO:0010743
382	46	26	0.00117	0.00238	7.300e+02	0.052	0.424	GO:0006940
383	28	17	0.00116	0.00267	2.538e+02	0.038	0.562	GO:0060348
384	34	16	0.00115	0.00344	4.614e+02	-0.046	0.439	GO:0010812
385	45	22	0.00114	0.00343	7.827e+02	0.033	0.39	GO:0001704
386	29	14	0.00114	0.00322	3.316e+02	-0.066	0.443	GO:0001975
387	22	10	0.00114	0.00329	2.008e+02	0.041	0.463	GO:0051491
388	80	39	0.00112	0.00318	2.456e+03	0.015	0.43	GO:0022617
389	29	15	0.00112	0.00285	3.157e+02	-0.032	0.515	GO:0019370
390	25	13	0.0011	0.00331	2.348e+02	-0.014	0.514	GO:0043552
391	26	17	0.00109	0.00324	1.989e+02	0.153	0.543	GO:0010862
392	63	35	0.00109	0.00271	1.384e+03	0.035	0.473	GO:0030193
393	77	43	0.00108	0.00324	2.053e+03	0.065	0.469	GO:0050921
394	37	20	0.00106	0.00232	4.934e+02	0.047	0.537	GO:0018210
395	36	18	0.00106	0.00213	4.954e+02	0.016	0.402	GO:0043473
396	117	54	0.00105	0.00246	5.421e+03	-0.022	0.47	GO:1901069
397	26	13	0.00104	0.00237	2.608e+02	0.087	0.429	GO:0045814
398	29	17	0.00104	0.00241	2.827e+02	0.047	0.53	GO:0001838
399	61	37	0.00104	0.00312	1.187e+03	0.074	0.524	GO:2000377
400	25	12	0.00104	0.00214	2.488e+02	-0.093	0.519	GO:0006501
401	22	11	0.00101	0.00232	1.878e+02	-0.023	0.429	GO:0030201
402	25	15	0.00101	0.00224	2.058e+02	0.008	0.615	GO:0040036
403	39	19	0.00101	0.00252	5.912e+02	-0.022	0.51	GO:0008088
404	32	17	0.001	0.00149	3.756e+02	0.046	0.459	GO:0045599
405	148	85	0.001	0.00254	7.340e+03	0.102	0.425	GO:0048015
406	21	13	0.00099	0.00298	1.409e+02	0.087	0.502	GO:0045616
407	21	11	0.00098	0.00262	1.659e+02	0.144	0.325	GO:0050704
408	129	62	0.00098	0.00216	6.413e+03	-0.004	0.438	GO:0065004
409	23	12	0.00098	0.00259	1.988e+02	0.096	0.362	GO:0010771
410	30	21	0.00098	0.00294	2.348e+02	0.167	0.453	GO:2000514
411	28	13	0.00097	0.0029	3.177e+02	-0.039	0.458	GO:0018146
412	33	19	0.00094	0.00265	3.716e+02	0.08	0.506	GO:0010770
413	27	11	0.00094	0.00201	3.216e+02	-0.054	0.168	GO:0050663
414	32	20	0.00093	0.00186	3.187e+02	0.166	0.43	GO:0046626
415	25	14	0.00092	0.00142	2.208e+02	0.024	0.532	GO:0030212
416	23	11	0.00092	0.00277	2.118e+02	0.008	0.377	GO:0032892
417	95	49	0.00092	0.00276	3.326e+03	-0.035	0.49	GO:0048167
418	20	8	0.00092	0.00275	1.808e+02	-0.129	0.522	GO:0003341
419	52	32	0.00091	0.00251	8.498e+02	0.13	0.494	GO:0032642
420	68	36	0.0009	0.00271	1.677e+03	0.069	0.442	GO:0046782
421	58	35	0.00089	0.00185	1.080e+03	0.135	0.44	GO:0071260
422	54	36	0.00089	0.00266	8.189e+02	0.142	0.54	GO:0000186
423	29	12	0.00089	0.0018	3.666e+02	-0.102	0.3	GO:0022029
424	27	14	0.00088	0.00264	2.737e+02	0.138	0.393	GO:0021983
425	24	13	0.00088	0.00223	2.098e+02	0.019	0.525	GO:0006506
426	57	49	0.00088	0.00263	4.287e+02	0.452	0.376	GO:0046823
427	67	39	0.00087	0.00262	1.496e+03	0.046	0.5	GO:0006977
428	20	12	0.00086	0.00259	1.329e+02	0.149	0.306	GO:0030879
429	51	28	0.00085	0.00254	9.195e+02	-0.034	0.562	GO:0032945
430	28	14	0.00085	0.0022	3.017e+02	-0.112	0.462	GO:0046189
431	68	39	0.00084	0.00253	1.564e+03	0.035	0.492	GO:0030518
432	29	12	0.00084	0.00252	3.666e+02	-0.119	0.526	GO:2000179
433	20	9	0.00083	0.00166	1.679e+02	-0.115	0.437	GO:0006949
434	36	16	0.00082	0.00246	5.363e+02	-0.03	0.42	GO:0022406
435	20	7	0.00082	0.00165	1.948e+02	-0.24	0.497	GO:0045940
436	97	47	0.00081	0.00244	3.618e+03	-0.064	0.489	GO:0031123
437	35	20	0.0008	0.0023	4.205e+02	0.066	0.526	GO:0002062
438	20	12	0.0008	0.00203	1.329e+02	0.078	0.521	GO:0045577
439	27	14	0.0008	0.0022	2.737e+02	0.027	0.38	GO:0055007
440	22	11	0.00079	0.00181	1.878e+02	-0.055	0.609	GO:0061337
441	32	12	0.00079	0.00163	4.703e+02	-0.026	0.312	GO:0071320
442	35	18	0.00079	0.00236	4.594e+02	0.044	0.463	GO:2001239
443	24	13	0.00078	0.00147	2.098e+02	-0.045	0.457	GO:0060397
444	35	18	0.00078	0.00157	4.594e+02	0.021	0.458	GO:0007205
445	71	38	0.00078	0.00164	1.812e+03	0.016	0.505	GO:0032355
446	23	11	0.00078	0.00233	2.118e+02	-0.004	0.437	GO:0043278
447	32	19	0.00078	0.00119	3.387e+02	0.016	0.545	GO:0045620
448	20	11	0.00077	0.0023	1.449e+02	-0.029	0.484	GO:0052652
449	77	40	0.00075	0.00226	2.178e+03	0.002	0.497	GO:0051099
450	20	6	0.00074	0.00222	2.098e+02	-0.174	0.376	GO:0009268
451	35	16	0.00074	0.00222	4.983e+02	-0.053	0.507	GO:0043266
452	37	24	0.00074	0.00221	4.036e+02	0.081	0.552	GO:0003151
453	26	16	0.00074	0.00221	2.158e+02	0.08	0.494	GO:0010559
454	28	12	0.00073	0.00218	3.346e+02	-0.067	0.452	GO:2000242
455	50	29	0.00072	0.00217	8.397e+02	0.104	0.463	GO:0009267
456	33	20	0.00072	0.00148	3.517e+02	0.12	0.454	GO:0007257
457	26	13	0.00071	0.00119	2.608e+02	0.057	0.349	GO:0009954
458	59	31	0.0007	0.00141	1.273e+03	0.011	0.482	GO:0032273
459	34	15	0.0007	0.00144	4.814e+02	-0.001	0.394	GO:0045668
460	71	45	0.0007	0.00209	1.519e+03	0.104	0.528	GO:0038123
461	21	10	0.00069	0.00206	1.779e+02	0.142	0.32	GO:1901099
462	22	8	0.00068	0.00139	2.298e+02	-0.148	0.398	GO:0042417
463	121	51	0.00068	0.00205	6.127e+03	-0.072	0.413	GO:0006665
464	52	28	0.00068	0.00205	9.714e+02	0.006	0.493	GO:0007519
465	31	14	0.00068	0.00186	3.955e+02	-0.022	0.417	GO:0043666
466	77	40	0.00068	0.00204	2.178e+03	0.016	0.47	GO:0042594
467	22	11	0.00068	0.00142	1.878e+02	0.026	0.411	GO:0018200
468	44	24	0.00066	0.00179	6.900e+02	0.039	0.464	GO:0007034
469	111	54	0.00066	0.00197	4.718e+03	-0.014	0.435	GO:0022904
470	38	15	0.00064	0.00191	6.410e+02	-0.159	0.484	GO:0030858
471	37	21	0.00063	0.00171	4.725e+02	0.064	0.448	GO:0030837
472	91	47	0.00063	0.00188	3.050e+03	-0.006	0.467	GO:0007162
473	39	19	0.00063	0.00129	5.912e+02	0.03	0.409	GO:0030199
474	73	57	0.00062	0.00187	1.048e+03	0.358	0.363	GO:0042990
475	53	29	0.00062	0.00187	9.953e+02	0.047	0.463	GO:0046330
476	21	11	0.00062	0.00168	1.659e+02	0.114	0.374	GO:0002675
477	28	14	0.00061	0.00184	3.017e+02	-0.062	0.468	GO:0043114
478	25	16	0.00061	0.00182	1.899e+02	0.139	0.464	GO:0042771
479	32	13	0.0006	0.00181	4.494e+02	-0.129	0.488	GO:0008209
480	33	16	0.0006	0.00136	4.265e+02	0.015	0.433	GO:0032648
481	47	26	0.0006	0.0018	7.768e+02	0.078	0.373	GO:0051146
482	47	24	0.00059	0.00161	8.277e+02	-0.01	0.456	GO:0072163
483	73	46	0.00059	0.00176	1.618e+03	0.093	0.515	GO:0034162
484	20	8	0.00058	0.00174	1.808e+02	-0.046	0.443	GO:0006595
485	23	12	0.00057	0.00172	1.988e+02	0.023	0.466	GO:0045214
486	34	15	0.00056	0.00168	4.814e+02	-0.174	0.519	GO:0002889
487	29	14	0.00055	0.00166	3.316e+02	-0.028	0.469	GO:0008361
488	21	11	0.00055	0.00166	1.659e+02	-0.01	0.504	GO:0009651
489	26	14	0.00055	0.00148	2.468e+02	-0.034	0.515	GO:0050869
490	24	10	0.00054	0.00162	2.517e+02	-0.028	0.426	GO:0018904
491	41	21	0.00054	0.00107	6.301e+02	0.045	0.426	GO:0001678
492	23	14	0.00054	0.00161	1.719e+02	0.085	0.467	GO:0007530
493	20	11	0.00054	0.00135	1.449e+02	0.158	0.401	GO:0014743
494	30	15	0.00053	0.00128	3.456e+02	0.01	0.584	GO:0010596
495	33	12	0.00053	0.00158	5.082e+02	-0.123	0.325	GO:0032233
496	67	37	0.00053	0.00129	1.573e+03	0.059	0.497	GO:0072657
497	114	54	0.00052	0.00157	5.063e+03	-0.008	0.47	GO:0006184
498	28	13	0.00052	0.00156	3.177e+02	-0.113	0.585	GO:0055006
499	34	16	0.00052	0.00155	4.614e+02	0.018	0.433	GO:0001707
500	75	32	0.00052	0.00155	2.352e+03	-0.055	0.456	GO:0006200
501	74	36	0.00051	0.00111	2.107e+03	-0.005	0.45	GO:0051053
502	91	51	0.00051	0.00154	2.853e+03	0.07	0.485	GO:0051403
503	20	15	0.00051	0.00106	9.096e+01	0.141	0.568	GO:0010714
504	28	20	0.00051	0.00152	1.969e+02	0.211	0.429	GO:0043370
505	133	58	0.00051	0.00152	7.246e+03	-0.071	0.489	GO:0044703
506	22	10	0.0005	0.00151	2.008e+02	-0.063	0.487	GO:0032728
507	69	39	0.0005	0.00151	1.633e+03	0.049	0.467	GO:0050818
508	44	29	0.0005	0.00145	5.554e+02	0.113	0.487	GO:0046635
509	31	11	0.0005	0.00118	4.554e+02	-0.091	0.316	GO:0072529
510	38	21	0.00048	0.00145	5.104e+02	0.069	0.5	GO:0007595
511	35	15	0.00048	0.00145	5.193e+02	-0.044	0.443	GO:0048871
512	29	14	0.00048	0.00145	3.316e+02	-0.048	0.444	GO:0050690
513	74	35	0.00048	0.00145	2.146e+03	-0.027	0.447	GO:0050773
514	88	51	0.00048	0.00145	2.584e+03	0.123	0.428	GO:1903036
515	23	12	0.00048	0.00143	1.988e+02	0.108	0.321	GO:0007176
516	59	25	0.00048	0.00143	1.468e+03	-0.082	0.34	GO:0009306
517	21	11	0.00048	0.00091	1.659e+02	-0.027	0.463	GO:0031670
518	116	59	0.00048	0.00143	4.998e+03	-0.034	0.5	GO:0031960
519	28	13	0.00047	0.00113	3.177e+02	-0.027	0.429	GO:0046326
520	163	77	0.00046	0.00139	1.033e+04	-0.025	0.456	GO:0006869
521	36	14	0.00046	0.00139	5.811e+02	-0.197	0.541	GO:0030433
522	32	17	0.00046	0.00102	3.756e+02	-0.068	0.573	GO:0000578
523	101	53	0.00046	0.00137	3.709e+03	0.015	0.465	GO:0032946
524	29	14	0.00046	0.00088	3.316e+02	0.062	0.365	GO:0043486
525	41	20	0.00045	0.00134	6.520e+02	-0.073	0.468	GO:0050709
526	47	27	0.00044	0.00133	7.499e+02	0.023	0.56	GO:0045670
527	23	12	0.00044	0.00133	1.988e+02	-0.092	0.567	GO:0048713
528	24	14	0.00044	0.00131	1.959e+02	0.106	0.399	GO:0014031
529	22	13	0.00044	0.00131	1.629e+02	0.069	0.563	GO:1902229
530	20	10	0.00043	0.0013	1.559e+02	-0.037	0.538	GO:0050892
531	20	10	0.00042	0.00089	1.559e+02	0.067	0.352	GO:0046640
532	40	35	0.00042	0.00104	1.909e+02	0.442	0.398	GO:0006901
533	35	19	0.00042	0.00127	4.405e+02	0.066	0.49	GO:0050848
534	53	22	0.00042	0.00126	1.201e+03	-0.072	0.435	GO:0050807
535	86	41	0.00042	0.00125	2.878e+03	-0.088	0.507	GO:0002706
536	21	10	0.00042	0.00125	1.779e+02	-0.045	0.523	GO:0006110
537	45	22	0.00042	0.00125	7.827e+02	0.021	0.46	GO:0050885
538	52	27	0.00041	0.00124	9.993e+02	-0.026	0.528	GO:0097191
539	42	20	0.0004	0.0012	6.949e+02	-0.013	0.423	GO:0023021
540	34	19	0.0004	0.0012	4.056e+02	0.002	0.533	GO:0046580
541	24	11	0.0004	0.00119	2.368e+02	-0.035	0.533	GO:0000045
542	43	21	0.0004	0.0009	7.159e+02	-0.034	0.479	GO:0035282
543	30	15	0.0004	0.00117	3.456e+02	-0.032	0.524	GO:0046632
544	45	23	0.0004	0.00119	7.588e+02	-0.005	0.474	GO:0048592
545	21	14	0.00039	0.00079	1.269e+02	0.104	0.553	GO:0045453
546	100	53	0.00039	0.00118	3.608e+03	0.031	0.481	GO:0051340
547	22	13	0.00039	0.00116	1.629e+02	0.101	0.425	GO:0003208
548	21	18	0.00039	0.00116	6.098e+01	0.461	0.36	GO:0051220
549	22	9	0.00038	0.00114	2.148e+02	-0.065	0.372	GO:0033032
550	35	26	0.00038	0.00059	2.798e+02	0.269	0.404	GO:0042993
551	32	21	0.00037	0.0011	2.978e+02	0.156	0.504	GO:0032722
552	47	27	0.00035	0.00106	7.499e+02	0.044	0.479	GO:0019229
553	37	17	0.00035	0.00067	5.542e+02	0.026	0.398	GO:0071230
554	28	14	0.00035	0.00104	3.017e+02	-0.083	0.519	GO:0010453
555	26	15	0.00035	0.00104	2.318e+02	0.045	0.518	GO:0046503
556	21	8	0.00034	0.00071	2.048e+02	-0.102	0.481	GO:0071312
557	30	15	0.00034	0.00081	3.456e+02	0.034	0.509	GO:0050766
558	45	27	0.00034	0.00102	6.571e+02	0.004	0.571	GO:0031110
559	28	12	0.00034	0.00102	3.346e+02	-0.119	0.588	GO:0035637
560	27	10	0.00034	0.00097	3.396e+02	-0.125	0.328	GO:0006775
561	56	28	0.00033	0.001	1.189e+03	-0.018	0.5	GO:0009880
562	112	61	0.00033	0.001	4.422e+03	0.023	0.467	GO:0045619
563	23	11	0.00033	0.001	2.118e+02	-0.047	0.473	GO:0048512
564	22	10	0.00033	0.001	2.008e+02	-0.092	0.511	GO:0051926
565	25	10	0.00033	0.00098	2.797e+02	-0.158	0.354	GO:0016575
566	35	20	0.00033	0.00098	4.205e+02	-0.019	0.597	GO:0022616
567	31	14	0.00032	0.00067	3.955e+02	-0.079	0.471	GO:0019692
568	23	11	0.00032	0.00097	2.118e+02	0.02	0.381	GO:0032459
569	27	15	0.00032	0.00097	2.588e+02	0.029	0.488	GO:0042310
570	87	47	0.00032	0.00097	2.694e+03	0.03	0.452	GO:0061041
571	32	19	0.00032	0.00095	3.387e+02	0.067	0.521	GO:0044246
572	91	48	0.00032	0.00095	3.002e+03	0.027	0.43	GO:0060537
573	28	12	0.00031	0.00086	3.346e+02	-0.081	0.391	GO:0016925
574	21	12	0.00031	0.00071	1.539e+02	0.095	0.353	GO:0045907
575	25	13	0.00031	0.00094	2.348e+02	0.084	0.342	GO:0051155
576	22	9	0.00031	0.00094	2.148e+02	-0.103	0.425	GO:0060314
577	22	9	0.00031	0.00094	2.148e+02	-0.059	0.384	GO:0090200
578	66	32	0.00031	0.00092	1.682e+03	-0.014	0.406	GO:0042475
579	28	14	0.00031	0.00063	3.017e+02	-0.052	0.51	GO:0043551
580	78	43	0.00031	0.00085	2.131e+03	0.024	0.523	GO:0051439
581	33	19	0.0003	0.00091	3.716e+02	-0.015	0.612	GO:0006271
582	24	14	0.0003	0.0007	1.959e+02	0.038	0.434	GO:0009190
583	72	41	0.0003	0.00091	1.764e+03	0.055	0.51	GO:0051352
584	29	12	0.0003	0.0009	3.666e+02	-0.105	0.438	GO:0009394
585	20	9	0.0003	0.0007	1.679e+02	-0.174	0.62	GO:0060291
586	26	13	0.00029	0.00062	2.608e+02	0.003	0.412	GO:0000188
587	25	13	0.00029	0.00088	2.348e+02	0.09	0.504	GO:0001937
588	33	16	0.00029	0.00088	4.265e+02	-0.036	0.508	GO:0048387
589	29	15	0.00029	0.00086	3.157e+02	-0.086	0.598	GO:0008334
590	21	11	0.00028	0.00075	1.659e+02	0.019	0.521	GO:0042107
591	40	14	0.00028	0.00081	7.566e+02	-0.108	0.408	GO:0055010
592	40	23	0.00028	0.00084	5.443e+02	-0.017	0.508	GO:0007259
593	25	13	0.00027	0.00082	2.348e+02	-0.025	0.487	GO:0048169
594	54	23	0.00027	0.0008	1.227e+03	-0.09	0.528	GO:0006458
595	23	14	0.00026	0.00078	1.719e+02	-0.012	0.533	GO:0002828
596	29	11	0.00026	0.00061	3.855e+02	-0.173	0.356	GO:0006476
597	69	34	0.00026	0.00078	1.818e+03	-0.062	0.47	GO:0048514
598	31	16	0.00026	0.00078	3.606e+02	-0.062	0.575	GO:0071825
599	54	20	0.00026	0.00077	1.329e+03	-0.136	0.505	GO:0045069
600	116	54	0.00025	0.00076	5.300e+03	-0.002	0.423	GO:0006334
601	20	11	0.00025	0.00076	1.449e+02	0.065	0.509	GO:0007029
602	37	16	0.00025	0.00074	5.762e+02	-0.08	0.452	GO:0014075
603	71	36	0.00025	0.00074	1.886e+03	0.047	0.46	GO:0018105
604	46	23	0.00024	0.00072	8.047e+02	0.008	0.433	GO:0006333
605	23	10	0.00024	0.00072	2.258e+02	-0.045	0.368	GO:0019098
606	22	14	0.00024	0.00072	1.489e+02	0.043	0.561	GO:0050856
607	23	20	0.00024	0.00047	6.698e+01	0.432	0.39	GO:0042346
608	51	25	0.00024	0.00071	1.001e+03	-0.034	0.473	GO:0048641
609	23	11	0.00023	0.00068	2.118e+02	-0.029	0.503	GO:0043534
610	21	7	0.00022	0.00067	2.198e+02	-0.129	0.319	GO:0042573
611	32	18	0.00022	0.00066	3.576e+02	0.031	0.504	GO:0006801
612	27	16	0.00022	0.00066	2.428e+02	0.094	0.487	GO:0008333
613	58	27	0.00022	0.00066	1.337e+03	-0.029	0.46	GO:0043467
614	39	20	0.00022	0.00066	5.702e+02	0.042	0.404	GO:0051017
615	24	13	0.00022	0.00066	2.098e+02	0.037	0.417	GO:0071514
616	37	19	0.00022	0.00065	5.133e+02	-0.004	0.389	GO:0051148
617	39	22	0.00022	0.00044	5.274e+02	0.045	0.5	GO:0060402
618	26	12	0.00021	0.00062	2.757e+02	-0.127	0.579	GO:1902692
619	39	18	0.0002	0.00061	6.131e+02	-0.093	0.48	GO:0006691
620	90	52	0.0002	0.0006	2.711e+03	0.04	0.548	GO:0001894
621	58	30	0.0002	0.0006	1.245e+03	-0.036	0.478	GO:0002821
622	25	11	0.0002	0.0006	2.637e+02	-0.032	0.414	GO:0031055
623	21	7	0.0002	0.0006	2.198e+02	-0.1	0.365	GO:0046466
624	27	12	0.0002	0.0006	3.047e+02	-0.118	0.464	GO:0046676
625	27	22	0.0002	0.00059	1.259e+02	0.306	0.501	GO:0030947
626	75	42	0.00019	0.00058	1.944e+03	0.054	0.476	GO:0031669
627	20	11	0.00019	0.00058	1.449e+02	0.029	0.547	GO:0032757
628	24	15	0.00019	0.00056	1.809e+02	0.145	0.462	GO:0003179
629	46	26	0.00019	0.00056	7.300e+02	0.039	0.435	GO:0009187
630	37	23	0.00018	0.00055	4.276e+02	0.055	0.626	GO:0010833
631	155	72	0.00018	0.00055	9.446e+03	-0.057	0.494	GO:0030203
632	36	17	0.00018	0.00055	5.153e+02	-0.047	0.506	GO:0046631
633	82	47	0.00018	0.00055	2.270e+03	0.04	0.492	GO:0071158
634	80	45	0.00018	0.00054	2.201e+03	0.036	0.523	GO:0031145
635	25	9	0.00018	0.00054	2.967e+02	-0.195	0.443	GO:0050691
636	26	13	0.00018	0.00053	2.608e+02	0.018	0.507	GO:1900077
637	27	15	0.00017	0.00041	2.588e+02	-0.048	0.507	GO:0007052
638	21	14	0.00017	0.0005	1.269e+02	0.148	0.493	GO:0000718
639	20	9	0.00017	0.0005	1.679e+02	-0.086	0.508	GO:0060045
640	31	15	0.00017	0.0005	3.776e+02	-0.082	0.51	GO:0090278
641	67	52	0.00016	0.00049	9.000e+02	0.357	0.377	GO:0090317
642	23	13	0.00016	0.00048	1.859e+02	0.047	0.632	GO:0000083
643	24	13	0.00016	0.00048	2.098e+02	0.065	0.499	GO:0055090
644	30	14	0.00016	0.00048	3.626e+02	-0.004	0.588	GO:0060135
645	29	11	0.00016	0.00047	3.855e+02	-0.076	0.302	GO:0051496
646	109	53	0.00015	0.00044	4.552e+03	-0.033	0.507	GO:0030808
647	53	25	0.00015	0.00044	1.109e+03	-0.006	0.497	GO:0048863
648	24	15	0.00014	0.00043	1.809e+02	0.099	0.46	GO:0003279
649	25	8	0.00014	0.00043	3.146e+02	-0.176	0.375	GO:0010907
650	28	19	0.00014	0.00043	2.168e+02	0.143	0.465	GO:0043388
651	31	11	0.00014	0.00042	4.554e+02	-0.192	0.429	GO:0030901
652	94	46	0.00014	0.00042	3.376e+03	-0.04	0.457	GO:0035239
653	106	60	0.00014	0.00029	3.830e+03	0.035	0.484	GO:0042129
654	100	53	0.00014	0.00042	3.608e+03	0.018	0.465	GO:0050671
655	36	14	0.00014	0.00042	5.811e+02	-0.035	0.408	GO:0050909
656	160	89	0.00014	0.00041	8.833e+03	0.066	0.485	GO:0000165
657	47	24	0.00013	0.0004	8.277e+02	0.077	0.394	GO:0010595
658	89	45	0.00013	0.0004	2.962e+03	0.009	0.518	GO:2001236
659	26	9	0.00013	0.00038	3.266e+02	-0.186	0.407	GO:0007215
660	22	12	0.00013	0.00038	1.759e+02	0.038	0.461	GO:0014065
661	86	45	0.00013	0.00038	2.699e+03	-0.026	0.537	GO:0030217
662	23	13	0.00013	0.00038	1.859e+02	-0.054	0.623	GO:0034367
663	42	18	0.00013	0.00038	7.438e+02	-0.049	0.455	GO:0034637
664	25	8	0.00013	0.00038	3.146e+02	-0.136	0.436	GO:0043043
665	21	9	0.00012	0.00037	1.908e+02	0.007	0.466	GO:0002832
666	49	25	0.00012	0.00037	8.995e+02	-0.083	0.528	GO:0035914
667	22	9	0.00012	0.00036	2.148e+02	-0.06	0.407	GO:0042430
668	41	25	0.00012	0.00036	5.364e+02	0.059	0.529	GO:0048661
669	23	8	0.00012	0.00036	2.567e+02	-0.24	0.544	GO:0086001
670	135	71	0.00012	0.00035	6.596e+03	0.01	0.523	GO:0031398
671	32	15	0.00012	0.00035	4.105e+02	0.046	0.382	GO:0070206
672	23	16	0.00011	0.00024	1.409e+02	0.143	0.538	GO:0010574
673	49	42	0.00011	0.00032	3.228e+02	0.454	0.363	GO:0042308
674	40	21	0.00011	0.0003	5.892e+02	-0.004	0.497	GO:0050819
675	20	12	0.00011	0.00034	1.329e+02	0.064	0.526	GO:0046461
676	40	19	0.00011	0.0003	6.321e+02	-0.056	0.402	GO:0031343
677	35	20	0.0001	0.00031	4.205e+02	0.004	0.553	GO:0051058
678	37	19	0.0001	0.0003	5.133e+02	-0.023	0.488	GO:1901888
679	52	25	0.0001	0.0003	1.054e+03	0.037	0.479	GO:2001237
680	31	15	0.0001	0.00029	3.776e+02	0.065	0.451	GO:0033619
681	34	17	9e-05	0.00028	4.425e+02	-0.018	0.521	GO:0015914
682	30	16	9e-05	0.00028	3.297e+02	0.036	0.465	GO:0051209
683	30	13	9e-05	0.00026	3.805e+02	-0.101	0.585	GO:0030261
684	22	10	9e-05	0.00026	2.008e+02	-0.128	0.619	GO:0060765
685	69	37	8e-05	0.00025	1.709e+03	0.074	0.456	GO:0051897
686	37	19	8e-05	0.00025	5.133e+02	0.019	0.432	GO:0072332
687	27	13	8e-05	0.00024	2.887e+02	-0.066	0.455	GO:0032855
688	27	15	8e-05	0.00024	2.588e+02	-0.08	0.534	GO:0098656
689	23	8	8e-05	0.00023	2.567e+02	-0.156	0.345	GO:0003254
690	20	7	8e-05	0.00023	1.948e+02	-0.193	0.451	GO:0015721
691	23	10	8e-05	0.00023	2.258e+02	-0.101	0.503	GO:0051180
692	27	14	7e-05	0.00022	2.737e+02	0.026	0.42	GO:0010470
693	129	61	7e-05	0.00022	6.481e+03	0.006	0.461	GO:0018205
694	22	16	7e-05	0.00022	1.179e+02	0.152	0.496	GO:0030511
695	27	13	7e-05	0.00022	2.887e+02	-0.031	0.612	GO:0045494
696	33	18	7e-05	0.00022	3.906e+02	0.006	0.499	GO:1901796
697	189	86	7e-05	0.0002	1.420e+04	-0.025	0.465	GO:0009203
698	77	39	7e-05	0.0002	2.218e+03	-0.044	0.514	GO:0030324
699	75	36	7e-05	0.0002	2.183e+03	0.018	0.424	GO:0043200
700	20	7	7e-05	0.0002	1.948e+02	-0.111	0.459	GO:0045939
701	31	18	6e-05	0.00019	3.257e+02	0.008	0.584	GO:0030318
702	33	20	6e-05	0.00019	3.517e+02	0.145	0.504	GO:0060393
703	20	12	6e-05	0.00019	1.329e+02	-0.065	0.615	GO:2000677
704	39	18	6e-05	0.00018	6.131e+02	-0.045	0.433	GO:0038032
705	21	11	6e-05	0.00017	1.659e+02	0.031	0.441	GO:2000351
706	117	60	5e-05	0.00016	5.054e+03	-0.036	0.509	GO:0001822
707	66	32	5e-05	0.00016	1.682e+03	-0.005	0.516	GO:0032075
708	22	14	5e-05	0.00016	1.489e+02	0.137	0.437	GO:0035412
709	38	18	5e-05	0.00016	5.722e+02	-0.047	0.522	GO:0046365
710	20	9	5e-05	0.00016	1.679e+02	-0.097	0.525	GO:0048477
711	42	20	5e-05	0.00016	6.949e+02	-0.025	0.49	GO:2001257
712	30	15	4e-05	0.00013	3.456e+02	0.011	0.452	GO:0003156
713	42	26	4e-05	0.00013	5.524e+02	0.096	0.505	GO:0033762
714	23	11	4e-05	0.00012	2.118e+02	-0.067	0.612	GO:0008299
715	164	93	4e-05	0.00012	9.115e+03	0.025	0.499	GO:0030522
716	31	18	4e-05	0.00012	3.257e+02	0.053	0.575	GO:0045600
717	32	17	4e-05	0.00011	3.756e+02	-0.002	0.48	GO:0016486
718	40	19	3e-05	0.0001	6.321e+02	0.006	0.49	GO:0045778
719	29	15	3e-05	8e-05	3.157e+02	0.048	0.501	GO:0016331
720	26	14	3e-05	8e-05	2.468e+02	0.119	0.42	GO:0043502
721	22	10	3e-05	8e-05	2.008e+02	-0.032	0.54	GO:0048762
722	66	32	2e-05	6e-05	1.682e+03	-0.041	0.476	GO:0006304
723	28	12	2e-05	6e-05	3.346e+02	-0.025	0.467	GO:0051702
724	23	9	2e-05	5e-05	2.408e+02	-0.046	0.496	GO:0061515
725	105	54	1e-05	4e-05	4.067e+03	-0.041	0.565	GO:0007409
726	72	35	1e-05	4e-05	1.996e+03	0.023	0.439	GO:0030574
727	26	15	1e-05	4e-05	2.318e+02	0.039	0.458	GO:0033144
728	28	12	0.0	1e-05	3.346e+02	-0.139	0.675	GO:0006779
