Order	#(Annotations)	#(Annotations of perturbed genes)	Mean Posterior Probability	Standard Deviation Posterior Probability	p-value	Average Expression Level	Average position perturbed genes	Term Name
1	45	38	1.0	0.0	2.948e+02	0.432	0.367	GO:0032655
2	90	74	1.0	0.0	1.319e+03	0.372	0.424	GO:2001234
3	154	85	0.9736	0.07005	8.242e+03	0.048	0.462	GO:0043603
4	111	77	0.75049	0.39663	3.206e+03	0.174	0.477	GO:0060191
5	86	59	0.7	0.45826	1.968e+03	0.21	0.403	GO:0002706
6	93	68	0.69813	0.37187	2.022e+03	0.245	0.445	GO:0006475
7	30	21	0.69752	0.33636	2.348e+02	0.182	0.43	GO:0032465
8	68	54	0.69365	0.41317	8.611e+02	0.223	0.542	GO:0018108
9	49	28	0.59205	0.37644	8.188e+02	0.049	0.479	GO:0035914
10	43	26	0.58146	0.31571	5.953e+02	0.168	0.342	GO:0007369
11	41	32	0.56538	0.38835	3.338e+02	0.327	0.362	GO:0043488
12	94	70	0.54302	0.45565	1.977e+03	0.265	0.412	GO:0050768
13	121	84	0.45698	0.45565	3.802e+03	0.202	0.408	GO:0010721
14	28	19	0.45354	0.30198	2.168e+02	0.219	0.436	GO:0055006
15	44	34	0.43462	0.38835	3.957e+02	0.311	0.379	GO:0043487
16	52	30	0.43398	0.33485	9.126e+02	0.093	0.399	GO:0043647
17	133	77	0.41984	0.40264	5.886e+03	0.083	0.418	GO:0030336
18	165	99	0.40913	0.22543	8.706e+03	0.072	0.512	GO:0032103
19	70	54	0.30635	0.41317	9.998e+02	0.205	0.542	GO:0018212
20	104	74	0.30187	0.37187	2.680e+03	0.213	0.454	GO:0006473
21	26	17	0.29335	0.23991	1.989e+02	0.213	0.41	GO:0055013
22	33	15	0.2701	0.22617	4.454e+02	0.089	0.225	GO:0009069
23	141	80	0.25774	0.32083	6.744e+03	0.069	0.415	GO:0051271
24	78	42	0.25436	0.20681	2.174e+03	0.066	0.426	GO:0007623
25	136	78	0.25154	0.3286	6.211e+03	0.079	0.415	GO:2000146
26	81	60	0.25007	0.39636	1.490e+03	0.242	0.471	GO:0010517
27	109	70	0.21978	0.35266	3.501e+03	0.143	0.423	GO:0002703
28	35	19	0.21446	0.17103	4.405e+02	0.054	0.394	GO:0034308
29	63	36	0.18807	0.24281	1.348e+03	0.061	0.432	GO:0051781
30	41	21	0.15062	0.12675	6.301e+02	-0.009	0.425	GO:0009247
31	30	20	0.14096	0.18012	2.558e+02	0.098	0.551	GO:0060135
32	41	22	0.14059	0.13089	6.082e+02	0.053	0.406	GO:0050764
33	120	75	0.12784	0.16	4.397e+03	0.157	0.386	GO:0048638
34	128	70	0.12496	0.19107	5.749e+03	0.036	0.492	GO:0044262
35	24	16	0.11949	0.11067	1.649e+02	0.175	0.442	GO:0042474
36	77	41	0.09984	0.11079	2.138e+03	0.028	0.466	GO:0021953
37	43	29	0.08748	0.10214	5.115e+02	0.204	0.377	GO:0030516
38	40	26	0.0853	0.11217	4.695e+02	0.152	0.451	GO:0035137
39	69	41	0.08417	0.09047	1.552e+03	0.114	0.41	GO:0042102
40	25	18	0.0781	0.10147	1.549e+02	0.127	0.495	GO:0042311
41	51	36	0.07563	0.07703	6.603e+02	0.232	0.379	GO:0061387
42	107	44	0.06643	0.08088	4.868e+03	-0.006	0.358	GO:0008652
43	31	18	0.06141	0.07839	3.257e+02	0.054	0.497	GO:0019692
44	52	27	0.05822	0.1212	9.993e+02	-0.016	0.483	GO:0055008
45	28	16	0.05636	0.0837	2.708e+02	0.122	0.412	GO:0060674
46	30	17	0.05395	0.07561	3.127e+02	0.105	0.402	GO:0050766
47	157	90	0.05259	0.11808	8.271e+03	0.084	0.421	GO:0040013
48	94	53	0.05228	0.11985	3.026e+03	0.059	0.468	GO:0019751
49	36	21	0.05163	0.11752	4.355e+02	0.063	0.529	GO:0021515
50	22	14	0.04907	0.05829	1.489e+02	0.132	0.44	GO:0048048
51	66	33	0.04752	0.05287	1.647e+03	0.044	0.445	GO:0006026
52	40	23	0.04703	0.09355	5.443e+02	0.097	0.481	GO:0044273
53	24	15	0.04685	0.05456	1.809e+02	0.163	0.429	GO:0071514
54	46	27	0.04329	0.06144	7.030e+02	0.092	0.479	GO:0007266
55	46	28	0.0425	0.11439	6.751e+02	0.148	0.397	GO:0055024
56	23	15	0.04154	0.04225	1.569e+02	0.134	0.457	GO:1903313
57	34	20	0.03996	0.05029	3.856e+02	0.035	0.526	GO:0009262
58	86	39	0.03773	0.10049	2.973e+03	-0.086	0.466	GO:0046467
59	59	31	0.03759	0.04748	1.273e+03	0.059	0.474	GO:0006027
60	30	20	0.03569	0.05971	2.558e+02	0.139	0.518	GO:0043331
61	52	36	0.03528	0.04794	7.122e+02	0.14	0.501	GO:0060688
62	65	33	0.03518	0.02771	1.582e+03	0.046	0.403	GO:0060337
63	22	14	0.03431	0.0438	1.489e+02	0.149	0.444	GO:0043330
64	49	26	0.03118	0.03038	8.736e+02	0.044	0.493	GO:0006626
65	64	40	0.03043	0.04622	1.259e+03	0.129	0.473	GO:0070555
66	34	24	0.02964	0.06077	2.958e+02	0.241	0.399	GO:0055021
67	24	16	0.02928	0.03135	1.649e+02	0.18	0.425	GO:0042596
68	20	14	0.02865	0.04225	1.059e+02	0.16	0.489	GO:0050685
69	95	61	0.02851	0.05618	2.664e+03	0.147	0.42	GO:0002822
70	50	28	0.02821	0.04951	8.686e+02	0.107	0.442	GO:0055002
71	71	35	0.02758	0.03726	1.923e+03	-0.031	0.467	GO:0005976
72	58	40	0.02594	0.03307	8.908e+02	0.164	0.47	GO:0002821
73	20	12	0.02552	0.05497	1.329e+02	0.094	0.461	GO:0000381
74	46	27	0.02508	0.04657	7.030e+02	0.078	0.467	GO:0006333
75	26	15	0.02412	0.03996	2.318e+02	0.108	0.404	GO:0030166
76	50	26	0.02356	0.04672	9.235e+02	0.091	0.463	GO:0046164
77	187	92	0.0234	0.06114	1.322e+04	-0.001	0.441	GO:0006575
78	164	73	0.02258	0.04705	1.085e+04	-0.034	0.432	GO:0006022
79	43	28	0.02193	0.06499	5.404e+02	0.165	0.426	GO:0001910
80	27	13	0.02144	0.02648	2.887e+02	0.018	0.41	GO:0019674
81	34	22	0.02106	0.04224	3.427e+02	0.203	0.397	GO:0045840
82	28	17	0.01994	0.04059	2.538e+02	0.043	0.524	GO:0003073
83	32	17	0.01972	0.01724	3.756e+02	0.076	0.428	GO:0090003
84	66	33	0.0188	0.01758	1.647e+03	0.045	0.403	GO:0034340
85	112	68	0.01834	0.05474	3.971e+03	0.127	0.407	GO:0002699
86	20	12	0.01781	0.02798	1.329e+02	0.1	0.384	GO:0045773
87	25	12	0.01777	0.03369	2.488e+02	0.018	0.394	GO:0030206
88	32	19	0.01748	0.02218	3.387e+02	0.022	0.532	GO:0006312
89	103	66	0.01746	0.05237	3.138e+03	0.136	0.427	GO:0002819
90	42	23	0.01722	0.02592	6.272e+02	0.079	0.385	GO:0006909
91	26	16	0.01684	0.02265	2.158e+02	0.033	0.522	GO:0000722
92	56	38	0.01683	0.0505	8.549e+02	0.205	0.411	GO:0002708
93	24	17	0.01598	0.03223	1.479e+02	0.166	0.561	GO:0050926
94	63	35	0.01547	0.02324	1.384e+03	0.057	0.438	GO:0043154
95	21	14	0.01541	0.02873	1.269e+02	0.173	0.484	GO:0015844
96	20	14	0.01451	0.01935	1.059e+02	0.154	0.497	GO:0002833
97	66	37	0.01424	0.02556	1.506e+03	0.062	0.436	GO:2000117
98	72	43	0.01419	0.03187	1.680e+03	0.097	0.49	GO:0050729
99	70	30	0.014	0.02511	2.045e+03	0.013	0.37	GO:1901607
100	29	15	0.01344	0.02331	3.157e+02	-0.048	0.516	GO:2000278
101	66	33	0.012	0.03195	1.647e+03	0.044	0.421	GO:0042060
102	37	20	0.01092	0.0213	4.934e+02	0.039	0.423	GO:0021987
103	23	11	0.01049	0.0128	2.118e+02	0.012	0.413	GO:0072525
104	29	14	0.01047	0.025	3.316e+02	0.005	0.404	GO:0006099
105	78	39	0.01028	0.02585	2.296e+03	0.02	0.453	GO:0043648
106	71	42	0.01	0.01287	1.651e+03	0.049	0.512	GO:0006606
107	21	14	0.00999	0.02401	1.269e+02	0.171	0.443	GO:0001662
108	31	15	0.00968	0.01178	3.776e+02	0.059	0.408	GO:0006730
109	57	30	0.00927	0.02291	1.187e+03	-0.04	0.528	GO:0060415
110	50	28	0.00916	0.01571	8.686e+02	0.06	0.465	GO:0008630
111	26	16	0.00868	0.01295	2.158e+02	0.136	0.409	GO:0042246
112	32	15	0.00865	0.01158	4.105e+02	-0.04	0.402	GO:0070830
113	32	18	0.00857	0.0257	3.576e+02	0.119	0.431	GO:0048706
114	42	22	0.0085	0.01796	6.501e+02	0.013	0.482	GO:0035136
115	106	68	0.00849	0.02255	3.317e+03	0.113	0.505	GO:0050920
116	75	45	0.00843	0.01726	1.812e+03	0.045	0.535	GO:0051170
117	31	19	0.00842	0.0154	3.067e+02	0.12	0.434	GO:0035116
118	36	16	0.0082	0.0174	5.363e+02	-0.031	0.362	GO:0021766
119	33	19	0.0078	0.01542	3.716e+02	0.091	0.436	GO:0016358
120	115	53	0.00773	0.01486	5.243e+03	-0.008	0.427	GO:0006766
121	84	43	0.00762	0.01978	2.618e+03	0.035	0.441	GO:0031099
122	60	28	0.00756	0.01984	1.428e+03	-0.078	0.482	GO:0030148
123	33	19	0.00747	0.02215	3.716e+02	-0.018	0.479	GO:0045776
124	120	60	0.00731	0.01223	5.409e+03	0.03	0.425	GO:0031175
125	51	26	0.00727	0.00952	9.743e+02	0.024	0.493	GO:0072655
126	27	17	0.00722	0.01354	2.258e+02	0.098	0.468	GO:0060740
127	29	16	0.00695	0.01099	2.997e+02	0.024	0.506	GO:0009394
128	29	14	0.00668	0.01528	3.316e+02	-0.021	0.41	GO:0043588
129	33	17	0.00666	0.0117	4.085e+02	0.028	0.455	GO:0032370
130	144	64	0.00655	0.00759	8.388e+03	-0.015	0.419	GO:0044272
131	55	37	0.00652	0.01034	8.369e+02	0.154	0.459	GO:0002824
132	111	67	0.00646	0.01354	3.927e+03	0.1	0.48	GO:0045787
133	24	14	0.00636	0.01413	1.959e+02	0.074	0.388	GO:0042537
134	37	19	0.00583	0.01188	5.133e+02	-0.035	0.472	GO:0010833
135	27	15	0.00582	0.01747	2.588e+02	0.094	0.43	GO:0050663
136	39	26	0.0058	0.01494	4.296e+02	0.192	0.428	GO:0060420
137	26	12	0.00573	0.01456	2.757e+02	0.121	0.341	GO:2000243
138	46	27	0.00568	0.01143	7.030e+02	0.058	0.556	GO:0030010
139	22	13	0.00558	0.00748	1.629e+02	0.009	0.53	GO:0032201
140	21	13	0.00552	0.01171	1.409e+02	0.103	0.54	GO:0021522
141	130	67	0.00549	0.00798	6.211e+03	-0.005	0.462	GO:0010951
142	26	14	0.00542	0.01084	2.468e+02	0.057	0.471	GO:0018022
143	23	16	0.00535	0.0083	1.409e+02	0.172	0.537	GO:0050927
144	24	11	0.00534	0.01067	2.368e+02	0.002	0.403	GO:0070588
145	21	9	0.00532	0.01302	1.908e+02	-0.003	0.417	GO:0014003
146	21	12	0.00522	0.00983	1.539e+02	0.086	0.45	GO:0042116
147	91	49	0.00518	0.01088	2.953e+03	0.005	0.499	GO:0007162
148	32	16	0.00516	0.01036	3.926e+02	0.029	0.466	GO:0070206
149	30	19	0.005	0.00957	2.758e+02	0.045	0.505	GO:0046638
150	20	14	0.00487	0.00944	1.059e+02	0.198	0.43	GO:0031497
151	25	12	0.00475	0.01295	2.488e+02	0.007	0.424	GO:0006760
152	27	16	0.00458	0.00761	2.428e+02	0.131	0.425	GO:0010743
153	57	28	0.00454	0.00762	1.247e+03	0.018	0.49	GO:0072524
154	24	16	0.00433	0.00799	1.649e+02	0.132	0.567	GO:0014072
155	40	23	0.00433	0.00775	5.443e+02	0.131	0.341	GO:0048639
156	47	25	0.00427	0.00896	8.028e+02	-0.006	0.503	GO:0019233
157	23	11	0.00403	0.00744	2.118e+02	0.051	0.444	GO:0006336
158	22	11	0.00394	0.01181	1.878e+02	-0.007	0.463	GO:0030201
159	49	26	0.00391	0.01143	8.736e+02	-0.051	0.518	GO:0097530
160	24	12	0.00388	0.01104	2.228e+02	-0.098	0.479	GO:0006111
161	25	14	0.00386	0.00725	2.208e+02	0.036	0.45	GO:0042771
162	21	12	0.0038	0.00958	1.539e+02	0.022	0.57	GO:0030239
163	42	23	0.00376	0.00608	6.272e+02	0.039	0.478	GO:0034637
164	26	16	0.00373	0.00869	2.158e+02	0.159	0.383	GO:0002702
165	27	13	0.00369	0.01106	2.887e+02	-0.012	0.43	GO:0046676
166	143	86	0.00365	0.01096	6.530e+03	0.059	0.514	GO:2000027
167	38	18	0.00362	0.00558	5.722e+02	0.007	0.443	GO:0009066
168	36	19	0.00362	0.00706	4.764e+02	0.052	0.487	GO:0050999
169	68	44	0.0036	0.00579	1.355e+03	0.183	0.373	GO:0002700
170	25	11	0.00352	0.00449	2.637e+02	-0.02	0.368	GO:0006893
171	21	12	0.00351	0.00577	1.539e+02	0.053	0.402	GO:0008045
172	29	13	0.00344	0.00768	3.486e+02	-0.111	0.443	GO:0046513
173	31	15	0.00326	0.0051	3.776e+02	-0.024	0.549	GO:0030641
174	23	14	0.00322	0.00455	1.719e+02	0.021	0.538	GO:0001990
175	20	10	0.00321	0.00706	1.559e+02	-0.067	0.393	GO:0045940
176	23	13	0.00316	0.00672	1.859e+02	0.033	0.558	GO:0032504
177	28	17	0.003	0.00548	2.538e+02	0.156	0.391	GO:0010453
178	22	12	0.003	0.00454	1.759e+02	0.034	0.49	GO:0090103
179	23	15	0.00296	0.00462	1.569e+02	0.159	0.483	GO:0048512
180	34	19	0.00293	0.00722	4.056e+02	0.062	0.453	GO:0051055
181	24	16	0.00292	0.00596	1.649e+02	0.165	0.487	GO:0003206
182	60	26	0.00289	0.00491	1.497e+03	-0.094	0.428	GO:0007608
183	43	30	0.00289	0.00868	4.815e+02	0.24	0.434	GO:0043966
184	80	40	0.00282	0.00845	2.414e+03	-0.046	0.547	GO:0001568
185	41	23	0.00276	0.00587	5.852e+02	0.072	0.434	GO:0008593
186	66	34	0.00276	0.00618	1.613e+03	-0.02	0.476	GO:0007043
187	30	19	0.00273	0.0082	2.758e+02	0.115	0.429	GO:0045168
188	53	27	0.00272	0.0053	1.052e+03	-0.054	0.514	GO:0043038
189	31	19	0.0027	0.00811	3.067e+02	0.064	0.496	GO:0051004
190	50	26	0.00269	0.00496	9.235e+02	-0.044	0.515	GO:0006418
191	41	21	0.00264	0.00793	6.301e+02	0.029	0.491	GO:0001709
192	25	16	0.00258	0.00698	1.899e+02	0.128	0.508	GO:0007622
193	35	23	0.00257	0.00561	3.547e+02	0.176	0.378	GO:0002637
194	22	11	0.00253	0.00434	1.878e+02	-0.039	0.513	GO:0034698
195	42	23	0.0025	0.00443	6.272e+02	0.024	0.506	GO:0001755
196	29	13	0.00241	0.00482	3.486e+02	-0.01	0.435	GO:0043486
197	29	21	0.0024	0.00329	2.049e+02	0.172	0.509	GO:0071622
198	32	18	0.00238	0.00706	3.576e+02	-0.007	0.531	GO:0035601
199	22	11	0.00234	0.00662	1.878e+02	-0.053	0.525	GO:0006297
200	48	25	0.00234	0.00401	8.506e+02	-0.059	0.515	GO:0071621
201	28	14	0.00228	0.00547	3.017e+02	0.07	0.376	GO:0045739
202	36	21	0.00222	0.00341	4.355e+02	0.132	0.381	GO:0002053
203	27	12	0.00213	0.00563	3.047e+02	-0.117	0.427	GO:0045494
204	29	15	0.00213	0.00502	3.157e+02	-0.012	0.52	GO:0044275
205	47	24	0.00208	0.00624	8.277e+02	0.014	0.452	GO:0061097
206	100	55	0.00204	0.00612	3.500e+03	0.015	0.514	GO:0017038
207	155	70	0.00204	0.00612	9.615e+03	-0.035	0.447	GO:0030203
208	21	14	0.00202	0.00605	1.269e+02	0.229	0.364	GO:0050820
209	43	19	0.00201	0.00523	7.647e+02	-0.018	0.475	GO:0042157
210	94	48	0.00196	0.00525	3.280e+03	-0.004	0.458	GO:0060759
211	46	26	0.00196	0.00416	7.300e+02	0.102	0.44	GO:0032768
212	22	13	0.00192	0.00516	1.629e+02	0.03	0.605	GO:0000819
213	39	20	0.00188	0.00422	5.702e+02	0.022	0.453	GO:0032411
214	33	14	0.00187	0.00518	4.654e+02	-0.085	0.443	GO:0009409
215	34	15	0.00186	0.00558	4.814e+02	-0.084	0.416	GO:0006221
216	23	11	0.00186	0.0033	2.118e+02	0.004	0.445	GO:0045930
217	36	21	0.00185	0.0039	4.355e+02	0.072	0.495	GO:0032480
218	20	8	0.00184	0.00553	1.808e+02	-0.024	0.407	GO:0007031
219	21	11	0.00184	0.00284	1.659e+02	-0.054	0.48	GO:0032925
220	58	39	0.00184	0.00346	9.307e+02	0.192	0.417	GO:0002705
221	31	19	0.00184	0.00293	3.067e+02	0.104	0.497	GO:0051282
222	21	12	0.00184	0.005	1.539e+02	0.115	0.457	GO:0052312
223	22	10	0.00182	0.00546	2.008e+02	-0.065	0.472	GO:0015985
224	27	14	0.00181	0.00544	2.737e+02	0.059	0.385	GO:1901685
225	26	14	0.00181	0.00542	2.468e+02	-0.039	0.491	GO:0045806
226	20	11	0.0018	0.00364	1.449e+02	0.061	0.432	GO:0034243
227	22	17	0.0018	0.00318	1.010e+02	0.146	0.588	GO:2000401
228	39	20	0.00179	0.00536	5.702e+02	-0.022	0.578	GO:0030004
229	46	31	0.00177	0.00506	5.853e+02	0.189	0.426	GO:0031341
230	27	16	0.00177	0.0043	2.428e+02	0.076	0.47	GO:0010470
231	28	13	0.00172	0.00345	3.177e+02	0.009	0.385	GO:0017158
232	29	20	0.00172	0.00497	2.258e+02	0.078	0.598	GO:0042304
233	41	23	0.0017	0.00476	5.852e+02	0.067	0.47	GO:0071347
234	39	20	0.00169	0.00356	5.702e+02	-0.021	0.54	GO:0071322
235	63	35	0.00168	0.00454	1.384e+03	0.0	0.504	GO:0050880
236	29	13	0.00168	0.00503	3.486e+02	-0.104	0.5	GO:0050853
237	22	11	0.00166	0.00349	1.878e+02	0.053	0.477	GO:0021915
238	22	13	0.00164	0.0034	1.629e+02	0.066	0.467	GO:0051898
239	52	25	0.00163	0.00488	1.054e+03	0.052	0.359	GO:0032642
240	27	16	0.00162	0.00361	2.428e+02	0.111	0.494	GO:0001960
241	23	13	0.00162	0.00324	1.859e+02	0.07	0.513	GO:0006071
242	25	13	0.0016	0.00262	2.348e+02	0.06	0.517	GO:0010543
243	20	12	0.00158	0.00389	1.329e+02	-0.02	0.649	GO:0007029
244	20	9	0.00153	0.00311	1.679e+02	-0.12	0.528	GO:0045851
245	26	14	0.0015	0.00291	2.468e+02	0.062	0.484	GO:1900077
246	28	17	0.00149	0.00327	2.538e+02	0.158	0.466	GO:0031663
247	28	12	0.00148	0.00445	3.346e+02	-0.016	0.43	GO:0009072
248	30	25	0.00147	0.00395	1.409e+02	0.391	0.372	GO:0048640
249	25	12	0.00146	0.00439	2.488e+02	0.009	0.491	GO:0001958
250	21	12	0.00146	0.00286	1.539e+02	0.142	0.338	GO:0032715
251	23	15	0.00144	0.00431	1.569e+02	0.192	0.472	GO:1901992
252	23	16	0.0014	0.00388	1.409e+02	0.142	0.567	GO:0043278
253	21	11	0.0014	0.00311	1.659e+02	-0.015	0.487	GO:0051220
254	27	23	0.0014	0.00171	1.030e+02	0.41	0.372	GO:0043489
255	23	12	0.00138	0.00415	1.988e+02	0.028	0.519	GO:0006270
256	35	18	0.00138	0.00212	4.594e+02	-0.002	0.471	GO:0007566
257	23	14	0.00137	0.00278	1.719e+02	0.169	0.412	GO:0000083
258	22	13	0.00137	0.0041	1.629e+02	0.079	0.427	GO:0001702
259	30	18	0.00136	0.00277	2.947e+02	0.086	0.509	GO:0051209
260	82	45	0.00135	0.00279	2.363e+03	0.074	0.434	GO:0060562
261	29	14	0.00132	0.00395	3.316e+02	-0.05	0.53	GO:0007157
262	70	34	0.0013	0.00391	1.888e+03	-0.073	0.512	GO:0071356
263	23	11	0.0013	0.00282	2.118e+02	-0.01	0.462	GO:0010677
264	25	12	0.0013	0.00275	2.488e+02	-0.073	0.46	GO:0006501
265	72	39	0.0013	0.00389	1.845e+03	0.061	0.479	GO:0050673
266	32	13	0.00126	0.00293	4.494e+02	-0.119	0.475	GO:0051489
267	20	14	0.00124	0.00251	1.059e+02	0.223	0.408	GO:0060045
268	29	15	0.00123	0.0037	3.157e+02	-0.02	0.459	GO:0002275
269	33	16	0.00123	0.00316	4.265e+02	-0.009	0.454	GO:0033692
270	35	15	0.00123	0.00249	5.193e+02	-0.151	0.46	GO:0032312
271	22	16	0.00121	0.00364	1.179e+02	0.311	0.366	GO:0045686
272	26	13	0.0012	0.0036	2.608e+02	0.01	0.441	GO:0070373
273	29	16	0.0012	0.00359	2.997e+02	0.079	0.459	GO:0016331
274	48	25	0.0012	0.00359	8.506e+02	0.069	0.431	GO:2001022
275	25	14	0.00118	0.00354	2.208e+02	-0.088	0.604	GO:0044058
276	21	13	0.00118	0.00237	1.409e+02	0.18	0.455	GO:0071312
277	39	24	0.00117	0.00352	4.805e+02	0.148	0.447	GO:0048678
278	42	18	0.00117	0.00338	7.438e+02	-0.128	0.45	GO:0072528
279	34	18	0.00116	0.00207	4.245e+02	0.102	0.388	GO:0001569
280	50	23	0.00113	0.0034	1.004e+03	0.001	0.463	GO:0019362
281	36	17	0.00112	0.00171	5.153e+02	0.002	0.399	GO:0010883
282	25	14	0.0011	0.00231	2.208e+02	0.061	0.531	GO:0019400
283	26	15	0.0011	0.00223	2.318e+02	0.004	0.601	GO:0000188
284	32	16	0.00109	0.00328	3.926e+02	0.002	0.425	GO:0002792
285	48	27	0.00108	0.00218	7.978e+02	0.09	0.46	GO:0048525
286	73	35	0.00108	0.00324	2.071e+03	-0.0	0.475	GO:2000241
287	37	21	0.00103	0.00284	4.725e+02	0.016	0.519	GO:0072332
288	26	16	0.00103	0.00247	2.158e+02	0.119	0.494	GO:0032732
289	41	30	0.00102	0.00307	3.967e+02	0.265	0.426	GO:0043967
290	20	14	0.00102	0.00208	1.059e+02	0.175	0.488	GO:0043537
291	37	21	0.00102	0.00305	4.725e+02	0.046	0.462	GO:1901888
292	22	9	0.00101	0.00277	2.148e+02	-0.108	0.518	GO:0030325
293	43	22	0.001	0.00161	6.930e+02	-0.026	0.479	GO:0007270
294	23	13	0.001	0.00208	1.859e+02	0.023	0.512	GO:0010574
295	28	13	0.00099	0.00298	3.177e+02	0.011	0.468	GO:0018146
296	65	33	0.00098	0.00295	1.582e+03	-0.012	0.507	GO:0009798
297	22	13	0.00098	0.00254	1.629e+02	0.032	0.591	GO:0045879
298	60	29	0.00098	0.00293	1.395e+03	-0.058	0.579	GO:0046879
299	39	20	0.00092	0.00264	5.702e+02	-0.089	0.529	GO:0038032
300	22	14	0.00092	0.0026	1.489e+02	0.196	0.422	GO:0010799
301	40	23	0.00091	0.00257	5.443e+02	-0.005	0.53	GO:0031018
302	38	22	0.00091	0.00272	4.884e+02	0.026	0.479	GO:0030858
303	20	9	0.0009	0.00183	1.679e+02	-0.005	0.42	GO:0045939
304	28	17	0.0009	0.0027	2.538e+02	0.021	0.49	GO:0030032
305	58	29	0.0009	0.00269	1.274e+03	0.022	0.442	GO:0045833
306	40	23	0.00088	0.00264	5.443e+02	0.071	0.506	GO:1900076
307	34	18	0.00087	0.00262	4.245e+02	0.006	0.466	GO:0009101
308	96	53	0.00086	0.0025	3.216e+03	0.106	0.423	GO:0071222
309	26	14	0.00085	0.00256	2.468e+02	-0.012	0.609	GO:0016339
310	31	18	0.00084	0.0017	3.257e+02	0.095	0.425	GO:0035094
311	42	23	0.00084	0.00179	6.272e+02	0.047	0.407	GO:0033762
312	24	12	0.00082	0.00246	2.228e+02	0.061	0.416	GO:0050918
313	25	12	0.00082	0.00166	2.488e+02	-0.132	0.55	GO:0006360
314	26	14	0.00081	0.00162	2.468e+02	-0.014	0.501	GO:0032873
315	33	17	0.00081	0.00244	4.085e+02	0.043	0.504	GO:0042339
316	23	11	0.00081	0.00224	2.118e+02	-0.006	0.395	GO:0050974
317	22	12	0.00081	0.00163	1.759e+02	-0.006	0.475	GO:0050856
318	20	12	0.00081	0.00159	1.329e+02	0.143	0.398	GO:0060349
319	28	17	0.00079	0.00238	2.538e+02	0.037	0.533	GO:1903309
320	28	14	0.00078	0.00197	3.017e+02	-0.037	0.475	GO:0050854
321	89	53	0.00078	0.00234	2.569e+03	0.08	0.477	GO:0002685
322	34	17	0.00076	0.00229	4.425e+02	-0.014	0.491	GO:0000003
323	30	14	0.00076	0.00224	3.626e+02	-0.088	0.454	GO:0018410
324	60	31	0.00076	0.0021	1.332e+03	-0.031	0.515	GO:1903311
325	63	46	0.00076	0.00228	9.348e+02	0.221	0.492	GO:0010863
326	31	19	0.00075	0.0015	3.067e+02	0.006	0.522	GO:0097581
327	42	21	0.00075	0.00159	6.720e+02	-0.004	0.456	GO:0006029
328	27	13	0.00075	0.00224	2.887e+02	0.036	0.449	GO:0048738
329	41	21	0.00073	0.00137	6.301e+02	-0.01	0.498	GO:0019748
330	21	12	0.00072	0.00217	1.539e+02	0.034	0.518	GO:0031670
331	69	38	0.00072	0.00216	1.671e+03	0.047	0.495	GO:0051341
332	34	24	0.00072	0.00216	2.958e+02	0.225	0.443	GO:2001021
333	27	12	0.00071	0.00162	3.047e+02	-0.029	0.436	GO:0055007
334	24	11	0.00071	0.00214	2.368e+02	-0.088	0.54	GO:0006658
335	21	12	0.00071	0.00212	1.539e+02	-0.012	0.489	GO:0033081
336	21	13	0.0007	0.00141	1.409e+02	0.067	0.494	GO:0046173
337	36	19	0.0007	0.0015	4.764e+02	-0.003	0.488	GO:0006323
338	22	11	0.0007	0.0021	1.878e+02	-0.054	0.57	GO:0017145
339	21	10	0.0007	0.00209	1.779e+02	-0.108	0.527	GO:0002832
340	30	16	0.0007	0.00209	3.297e+02	0.057	0.448	GO:0008038
341	59	34	0.0007	0.00209	1.174e+03	0.033	0.489	GO:0046634
342	21	11	0.00068	0.00205	1.659e+02	-0.064	0.418	GO:0043299
343	36	13	0.00068	0.00136	6.050e+02	-0.096	0.404	GO:0006040
344	31	13	0.00068	0.00165	4.145e+02	-0.124	0.412	GO:0006206
345	36	18	0.00067	0.00202	4.954e+02	-0.028	0.484	GO:0007339
346	25	12	0.00067	0.00202	2.488e+02	0.042	0.432	GO:0031055
347	35	19	0.00066	0.00163	4.405e+02	-0.057	0.573	GO:0001942
348	58	30	0.00066	0.00191	1.245e+03	-0.005	0.434	GO:0010955
349	22	11	0.00064	0.00151	1.878e+02	0.013	0.459	GO:0042430
350	120	56	0.00064	0.00182	5.661e+03	-0.049	0.485	GO:0016125
351	22	9	0.00063	0.00188	2.148e+02	-0.14	0.539	GO:0035249
352	24	15	0.00062	0.00177	1.809e+02	0.148	0.472	GO:1901989
353	28	14	0.00062	0.00185	3.017e+02	-0.078	0.437	GO:0045055
354	37	24	0.00061	0.00184	4.036e+02	0.19	0.404	GO:0001912
355	46	24	0.0006	0.0012	7.808e+02	-0.032	0.475	GO:0035335
356	20	13	0.00059	0.00176	1.199e+02	0.137	0.483	GO:0001953
357	50	26	0.00058	0.00143	9.235e+02	0.042	0.427	GO:0010001
358	21	10	0.00058	0.00142	1.779e+02	-0.094	0.47	GO:0045616
359	25	13	0.00056	0.00149	2.348e+02	0.076	0.441	GO:0048169
360	23	11	0.00056	0.00169	2.118e+02	-0.03	0.535	GO:2000191
361	27	12	0.00055	0.00117	3.047e+02	-0.046	0.382	GO:0032855
362	37	20	0.00055	0.00164	4.934e+02	0.027	0.461	GO:0032755
363	31	15	0.00054	0.00163	3.776e+02	-0.015	0.457	GO:0030279
364	82	58	0.00053	0.00158	1.690e+03	0.178	0.493	GO:0060193
365	31	14	0.00052	0.00157	3.955e+02	-0.098	0.562	GO:0009452
366	24	12	0.00052	0.00157	2.228e+02	-0.016	0.597	GO:0030857
367	21	9	0.00052	0.00124	1.908e+02	-0.154	0.52	GO:0043300
368	65	32	0.00052	0.00156	1.615e+03	-0.044	0.497	GO:0044264
369	24	15	0.00052	0.001	1.809e+02	0.162	0.431	GO:0001916
370	45	26	0.00052	0.00103	6.841e+02	0.106	0.407	GO:0042044
371	22	13	0.00052	0.00148	1.629e+02	0.048	0.515	GO:1901655
372	48	26	0.00051	0.00154	8.247e+02	0.12	0.331	GO:0006749
373	31	12	0.00051	0.00154	4.344e+02	-0.137	0.444	GO:0030501
374	31	17	0.00051	0.00154	3.437e+02	0.082	0.483	GO:0060761
375	60	35	0.0005	0.00147	1.199e+03	0.073	0.48	GO:0032088
376	60	32	0.0005	0.00149	1.300e+03	0.053	0.421	GO:0010976
377	58	28	0.0005	0.00149	1.305e+03	0.018	0.413	GO:0050715
378	92	52	0.00048	0.00145	2.893e+03	0.052	0.461	GO:0006518
379	45	36	0.00048	0.00145	3.697e+02	0.326	0.447	GO:2001243
380	20	13	0.00048	0.00144	1.199e+02	0.214	0.441	GO:0002262
381	27	12	0.00047	0.0014	3.047e+02	-0.048	0.313	GO:0021549
382	71	38	0.00047	0.0014	1.812e+03	0.06	0.422	GO:0046620
383	20	8	0.00046	0.00139	1.808e+02	-0.109	0.344	GO:0046854
384	21	12	0.00046	0.00138	1.539e+02	-0.006	0.586	GO:0072009
385	31	17	0.00046	0.00137	3.437e+02	0.03	0.49	GO:0048663
386	76	37	0.00045	0.00136	2.220e+03	0.038	0.403	GO:0002573
387	40	21	0.00045	0.00134	5.892e+02	0.024	0.478	GO:0050772
388	50	25	0.00044	0.00133	9.494e+02	0.009	0.461	GO:0031032
389	45	19	0.00044	0.00117	8.605e+02	-0.115	0.477	GO:0022600
390	22	11	0.00044	0.00131	1.878e+02	0.021	0.484	GO:0051926
391	52	43	0.00044	0.00131	4.327e+02	0.39	0.426	GO:2001237
392	64	37	0.00043	0.0013	1.375e+03	-0.006	0.553	GO:0006446
393	133	67	0.00043	0.0013	6.605e+03	-0.015	0.462	GO:0010466
394	34	17	0.00043	0.00114	4.425e+02	0.011	0.443	GO:0000271
395	23	15	0.00042	0.00071	1.569e+02	0.248	0.442	GO:0048713
396	23	11	0.00041	0.00124	2.118e+02	-0.033	0.453	GO:0045214
397	22	13	0.00041	0.00107	1.629e+02	0.057	0.468	GO:0090189
398	29	12	0.0004	0.0012	3.666e+02	-0.106	0.454	GO:0009218
399	23	10	0.0004	0.00119	2.258e+02	-0.092	0.45	GO:0034605
400	39	24	0.00039	0.00081	4.805e+02	0.08	0.498	GO:0032104
401	22	11	0.00039	0.00118	1.878e+02	-0.046	0.443	GO:0060612
402	29	13	0.00038	0.00115	3.486e+02	-0.039	0.515	GO:0048747
403	22	12	0.00036	0.00062	1.759e+02	-0.121	0.606	GO:0006906
404	25	9	0.00036	0.00109	2.967e+02	-0.076	0.36	GO:0030212
405	22	11	0.00036	0.00072	1.878e+02	0.05	0.4	GO:0001961
406	45	24	0.00035	0.00106	7.349e+02	0.008	0.488	GO:0048146
407	31	14	0.00035	0.00104	3.955e+02	-0.077	0.436	GO:0042558
408	20	7	0.00034	0.00103	1.948e+02	-0.198	0.452	GO:0050892
409	94	51	0.00034	0.00086	3.131e+03	0.061	0.442	GO:0035239
410	23	15	0.00034	0.00102	1.569e+02	0.116	0.457	GO:0002828
411	50	19	0.00034	0.00102	1.126e+03	-0.069	0.42	GO:0042398
412	34	21	0.00034	0.00101	3.646e+02	0.098	0.507	GO:0001707
413	29	20	0.00034	0.00101	2.258e+02	0.196	0.419	GO:0060043
414	92	48	0.00032	0.00097	3.094e+03	-0.021	0.486	GO:0030595
415	26	11	0.00032	0.00097	2.917e+02	-0.106	0.541	GO:0046825
416	21	12	0.00032	0.00096	1.539e+02	0.085	0.475	GO:0006110
417	21	8	0.00032	0.00095	2.048e+02	-0.135	0.554	GO:0031016
418	31	14	0.00032	0.00095	3.955e+02	-0.072	0.588	GO:0045124
419	23	11	0.00031	0.00094	2.118e+02	0.013	0.396	GO:0030316
420	25	16	0.00031	0.00094	1.899e+02	0.202	0.386	GO:0046006
421	58	32	0.00031	0.00094	1.182e+03	0.089	0.404	GO:2000648
422	40	23	0.00031	0.00092	5.443e+02	0.098	0.41	GO:0006833
423	20	9	0.00031	0.00092	1.679e+02	-0.1	0.33	GO:0046461
424	41	21	0.00031	0.00092	6.301e+02	0.046	0.424	GO:0046889
425	37	18	0.0003	0.00091	5.333e+02	-0.072	0.473	GO:0060338
426	115	57	0.0003	0.0009	4.999e+03	-0.001	0.526	GO:0033500
427	21	12	0.00029	0.00088	1.539e+02	0.099	0.425	GO:0002720
428	41	17	0.00029	0.00086	7.238e+02	-0.119	0.46	GO:0090002
429	35	19	0.00028	0.00085	4.405e+02	-0.022	0.501	GO:0006284
430	38	16	0.00028	0.00085	6.171e+02	-0.088	0.443	GO:0050982
431	26	11	0.00028	0.00084	2.917e+02	-0.105	0.489	GO:0032350
432	34	17	0.00027	0.0006	4.425e+02	0.007	0.36	GO:0046686
433	39	16	0.00026	0.00079	6.599e+02	-0.031	0.438	GO:0006691
434	25	14	0.00026	0.00077	2.208e+02	0.114	0.359	GO:0001836
435	32	16	0.00026	0.00077	3.926e+02	-0.001	0.436	GO:0032414
436	26	11	0.00026	0.00077	2.917e+02	-0.112	0.454	GO:0048701
437	26	14	0.00026	0.00077	2.468e+02	0.124	0.312	GO:0050869
438	34	14	0.00025	0.00074	5.023e+02	-0.147	0.5	GO:0008154
439	110	54	0.00024	0.0006	4.606e+03	-0.026	0.528	GO:0044724
440	85	42	0.00024	0.00071	2.746e+03	-0.042	0.494	GO:0002263
441	21	12	0.00024	0.00071	1.539e+02	0.036	0.54	GO:0071385
442	47	23	0.00023	0.0007	8.526e+02	0.043	0.505	GO:0006096
443	23	14	0.00023	0.0007	1.719e+02	0.078	0.493	GO:0044062
444	21	13	0.00023	0.00068	1.409e+02	0.154	0.442	GO:0050704
445	23	12	0.00023	0.00068	1.988e+02	0.083	0.379	GO:0060760
446	21	10	0.00022	0.00067	1.779e+02	-0.06	0.461	GO:0000272
447	61	36	0.00022	0.00054	1.224e+03	0.044	0.506	GO:0002688
448	20	12	0.00022	0.00067	1.329e+02	0.154	0.42	GO:0031102
449	25	10	0.00022	0.00067	2.797e+02	-0.131	0.513	GO:0036151
450	56	32	0.00022	0.00066	1.067e+03	0.052	0.455	GO:0045582
451	60	31	0.00022	0.00065	1.332e+03	0.095	0.391	GO:0042108
452	30	15	0.00022	0.00065	3.456e+02	-0.031	0.505	GO:0045604
453	34	18	0.00021	0.0005	4.245e+02	-0.009	0.466	GO:0018107
454	24	13	0.00021	0.00048	2.098e+02	-0.11	0.601	GO:0050850
455	37	16	0.00021	0.00062	5.762e+02	-0.052	0.462	GO:0007077
456	30	16	0.0002	0.00057	3.297e+02	0.096	0.407	GO:0010660
457	46	21	0.0002	0.00061	8.555e+02	-0.01	0.425	GO:0060041
458	35	26	0.0002	0.0006	2.798e+02	0.297	0.374	GO:0002712
459	41	28	0.0002	0.0006	4.556e+02	0.191	0.467	GO:0032652
460	21	11	0.0002	0.0006	1.659e+02	-0.04	0.534	GO:0032673
461	43	33	0.0002	0.0006	3.857e+02	0.32	0.368	GO:0050771
462	26	14	0.0002	0.00059	2.468e+02	-0.026	0.594	GO:0015807
463	28	11	0.0002	0.00059	3.526e+02	-0.063	0.342	GO:0046058
464	57	25	0.00019	0.00058	1.342e+03	-0.06	0.41	GO:0006497
465	26	14	0.00019	0.00058	2.468e+02	0.136	0.374	GO:0010862
466	46	20	0.00019	0.00058	8.824e+02	-0.053	0.477	GO:0043604
467	36	23	0.00019	0.00056	3.906e+02	0.141	0.459	GO:0002711
468	89	53	0.00019	0.00056	2.569e+03	0.047	0.533	GO:0048520
469	22	11	0.00018	0.00054	1.878e+02	-0.062	0.567	GO:0018200
470	20	10	0.00018	0.00054	1.559e+02	-0.021	0.402	GO:0060479
471	104	56	0.00018	0.00054	3.852e+03	0.077	0.412	GO:0070665
472	22	11	0.00017	0.0005	1.878e+02	0.027	0.47	GO:0033032
473	41	25	0.00017	0.00039	5.364e+02	0.086	0.464	GO:0046637
474	47	21	0.00016	0.00049	9.054e+02	-0.106	0.5	GO:0005977
475	25	11	0.00016	0.00049	2.637e+02	0.004	0.367	GO:0031952
476	45	22	0.00016	0.00049	7.828e+02	-0.008	0.48	GO:0048592
477	64	34	0.00016	0.00048	1.483e+03	0.019	0.52	GO:0031214
478	20	5	0.00016	0.00047	2.257e+02	-0.352	0.555	GO:0008210
479	29	20	0.00016	0.00047	2.258e+02	0.261	0.371	GO:0014014
480	37	18	0.00016	0.00047	5.333e+02	-0.019	0.544	GO:0071230
481	27	18	0.00015	0.00046	2.079e+02	0.189	0.45	GO:0042517
482	125	57	0.00015	0.00046	6.231e+03	-0.053	0.452	GO:0046488
483	29	16	0.00015	0.00044	2.997e+02	-0.038	0.543	GO:0006476
484	22	9	0.00015	0.00044	2.148e+02	-0.258	0.629	GO:0033108
485	70	37	0.00015	0.00044	1.779e+03	-0.049	0.511	GO:0097529
486	25	7	0.00014	0.00043	3.336e+02	-0.18	0.32	GO:0010226
487	64	47	0.00014	0.00043	9.518e+02	0.231	0.484	GO:1900274
488	30	14	0.00014	0.00042	3.626e+02	-0.12	0.587	GO:0018208
489	45	19	0.00014	0.00041	8.605e+02	-0.09	0.48	GO:0031110
490	47	22	0.00014	0.00041	8.785e+02	-0.015	0.473	GO:0051146
491	28	15	0.00014	0.00041	2.867e+02	0.1	0.437	GO:0051702
492	27	15	0.00013	0.0004	2.588e+02	0.065	0.514	GO:0043516
493	37	17	0.00013	0.00038	5.542e+02	0.022	0.401	GO:0061351
494	101	55	0.00013	0.00038	3.601e+03	0.076	0.414	GO:0032946
495	23	9	0.00013	0.00038	2.408e+02	-0.095	0.43	GO:0090207
496	30	14	0.00012	0.00036	3.626e+02	0.009	0.544	GO:0048864
497	31	18	0.00012	0.00035	3.257e+02	0.044	0.529	GO:0043666
498	93	50	0.00011	0.00034	3.088e+03	0.006	0.436	GO:0030307
499	32	15	0.00011	0.00034	4.105e+02	-0.069	0.566	GO:0071331
500	22	13	0.00011	0.00032	1.629e+02	0.033	0.526	GO:0035924
501	32	21	0.00011	0.00032	2.978e+02	0.143	0.471	GO:0048521
502	77	48	0.00011	0.00032	1.824e+03	0.072	0.529	GO:0050921
503	23	11	0.0001	0.00031	2.118e+02	0.01	0.32	GO:0007176
504	35	19	0.0001	0.00031	4.405e+02	0.003	0.479	GO:0048871
505	60	37	0.0001	0.0003	1.126e+03	0.041	0.518	GO:0002698
506	22	14	0.0001	0.00029	1.489e+02	0.004	0.671	GO:0043536
507	29	13	0.0001	0.00029	3.486e+02	-0.073	0.561	GO:0048278
508	87	47	9e-05	0.00028	2.694e+03	0.003	0.484	GO:0003018
509	32	14	9e-05	0.00028	4.295e+02	-0.117	0.562	GO:0016486
510	63	33	9e-05	0.00028	1.453e+03	0.025	0.461	GO:0043255
511	113	63	9e-05	0.00028	4.411e+03	0.11	0.418	GO:0071216
512	37	17	9e-05	0.00028	5.542e+02	-0.077	0.567	GO:1901264
513	34	25	9e-05	0.00026	2.708e+02	0.286	0.379	GO:0002889
514	31	13	9e-05	0.00026	4.145e+02	-0.085	0.491	GO:0006891
515	48	25	9e-05	0.00026	8.506e+02	0.054	0.426	GO:0007189
516	22	10	9e-05	0.00026	2.008e+02	-0.13	0.493	GO:0016338
517	42	22	9e-05	0.00026	6.501e+02	-0.092	0.542	GO:0023021
518	21	18	9e-05	0.00026	6.098e+01	0.445	0.388	GO:1901099
519	21	11	8e-05	0.0002	1.659e+02	0.11	0.404	GO:0002040
520	21	10	8e-05	0.00025	1.779e+02	-0.079	0.585	GO:0034502
521	52	23	8e-05	0.00025	1.113e+03	-0.066	0.41	GO:0042180
522	28	10	8e-05	0.00024	3.715e+02	-0.147	0.518	GO:0043462
523	86	48	8e-05	0.00024	2.559e+03	0.027	0.487	GO:0045995
524	43	19	8e-05	0.00023	7.647e+02	-0.048	0.379	GO:0008015
525	25	8	7e-05	0.00022	3.146e+02	-0.216	0.625	GO:0001937
526	21	12	7e-05	0.00022	1.539e+02	0.033	0.553	GO:0002675
527	32	18	7e-05	0.0002	3.576e+02	0.01	0.513	GO:0045931
528	20	10	7e-05	0.0002	1.559e+02	-0.091	0.549	GO:0046640
529	46	20	6e-05	0.00017	8.824e+02	-0.076	0.514	GO:0021782
530	20	10	6e-05	0.00017	1.559e+02	-0.086	0.603	GO:0048477
531	27	12	5e-05	0.00016	3.047e+02	-0.086	0.454	GO:0009220
532	41	19	5e-05	0.00016	6.750e+02	-0.028	0.485	GO:0048168
533	53	28	5e-05	0.00016	1.024e+03	-0.016	0.545	GO:0060359
534	28	11	5e-05	0.00014	3.526e+02	0.031	0.323	GO:0005979
535	26	12	5e-05	0.00014	2.757e+02	-0.116	0.463	GO:0033209
536	94	51	5e-05	0.00014	3.131e+03	0.133	0.37	GO:0042035
537	35	17	4e-05	0.00013	4.784e+02	0.05	0.411	GO:0007205
538	34	20	4e-05	0.00013	3.856e+02	0.036	0.496	GO:0010812
539	21	9	4e-05	0.00013	1.908e+02	-0.08	0.62	GO:0046320
540	44	20	4e-05	0.00013	7.857e+02	-0.076	0.455	GO:1901216
541	45	28	4e-05	0.00012	6.292e+02	0.106	0.466	GO:0002709
542	67	33	4e-05	0.00012	1.715e+03	-0.013	0.476	GO:0007009
543	20	12	4e-05	0.00012	1.329e+02	0.081	0.504	GO:0016241
544	88	39	4e-05	0.00011	3.157e+03	-0.076	0.432	GO:0000079
545	30	12	4e-05	0.00011	3.995e+02	-0.079	0.404	GO:0050873
546	27	13	3e-05	0.0001	2.887e+02	-0.063	0.491	GO:0031111
547	21	12	3e-05	0.0001	1.539e+02	0.062	0.457	GO:0035813
548	124	69	3e-05	0.0001	5.316e+03	0.039	0.464	GO:0050679
549	67	33	3e-05	8e-05	1.715e+03	-0.022	0.408	GO:0010469
550	22	9	2e-05	7e-05	2.148e+02	-0.174	0.52	GO:0002886
551	20	10	2e-05	7e-05	1.559e+02	0.021	0.537	GO:0030902
552	24	10	2e-05	7e-05	2.517e+02	-0.163	0.486	GO:0070098
553	53	27	2e-05	6e-05	1.052e+03	-0.02	0.449	GO:0001938
554	42	29	2e-05	6e-05	4.685e+02	0.196	0.413	GO:0002718
555	37	18	2e-05	6e-05	5.333e+02	-0.059	0.558	GO:0003151
556	25	14	2e-05	6e-05	2.208e+02	0.006	0.592	GO:0006611
557	38	19	2e-05	6e-05	5.513e+02	-0.066	0.506	GO:0030593
558	29	18	2e-05	5e-05	2.648e+02	0.109	0.417	GO:0031128
559	51	26	2e-05	5e-05	9.743e+02	0.015	0.46	GO:0032945
560	106	58	2e-05	5e-05	3.948e+03	0.055	0.457	GO:1901215
561	50	26	2e-05	5e-05	9.235e+02	0.082	0.448	GO:2000177
562	28	15	1e-05	4e-05	2.867e+02	0.003	0.475	GO:0032845
563	57	31	1e-05	2e-05	1.156e+03	0.005	0.517	GO:0003143
564	26	17	0.0	1e-05	1.989e+02	0.143	0.506	GO:0007212
565	21	9	0.0	1e-05	1.908e+02	-0.079	0.352	GO:0046834
566	24	10	0.0	1e-05	2.517e+02	-0.055	0.44	GO:0051568
