Order	#(Annotations)	#(Annotations of perturbed genes)	Mean Posterior Probability	Standard Deviation Posterior Probability	p-value	Average Expression Level	Average position perturbed genes	Term Name
1	83	46	1.0	0.0	2.400e+03	0.044	0.407	GO:0017157
2	94	71	1.0	0.0	1.907e+03	0.316	0.377	GO:0045471
3	139	103	0.99552	0.01344	4.364e+03	0.274	0.435	GO:0032259
4	27	20	0.94524	0.1174	1.689e+02	0.393	0.31	GO:0045912
5	72	40	0.87979	0.27381	1.805e+03	0.089	0.392	GO:0006308
6	58	37	0.77823	0.29042	1.007e+03	0.172	0.443	GO:0051297
7	50	31	0.6313	0.34403	7.789e+02	0.142	0.467	GO:0008630
8	35	23	0.58864	0.29752	3.547e+02	0.114	0.46	GO:0001942
9	195	94	0.54575	0.37006	1.457e+04	-0.029	0.46	GO:0016054
10	26	17	0.49913	0.25039	1.989e+02	0.241	0.4	GO:0000188
11	28	16	0.4514	0.20371	2.708e+02	0.143	0.352	GO:0016925
12	97	64	0.44659	0.41409	2.668e+03	0.153	0.484	GO:0034142
13	85	48	0.37979	0.35088	2.474e+03	0.088	0.484	GO:0070507
14	75	42	0.34694	0.34622	1.944e+03	0.064	0.401	GO:0018958
15	110	59	0.32976	0.20351	4.321e+03	0.032	0.465	GO:0008360
16	50	26	0.32719	0.32802	9.235e+02	-0.026	0.464	GO:0019362
17	44	21	0.29182	0.22483	7.608e+02	-0.012	0.371	GO:0031424
18	57	31	0.2794	0.23654	1.156e+03	-0.028	0.507	GO:0072524
19	32	17	0.25725	0.21648	3.756e+02	0.043	0.421	GO:0008209
20	45	30	0.25593	0.20578	5.704e+02	0.139	0.521	GO:0001704
21	92	45	0.2248	0.26822	3.236e+03	-0.013	0.451	GO:1901606
22	22	12	0.22266	0.27261	1.759e+02	0.124	0.353	GO:0032728
23	62	40	0.22207	0.29052	1.132e+03	0.162	0.46	GO:0031023
24	39	21	0.21183	0.14781	5.493e+02	0.058	0.356	GO:0002260
25	134	78	0.20951	0.31954	5.942e+03	0.097	0.471	GO:0002221
26	72	35	0.20162	0.23312	1.996e+03	0.033	0.409	GO:0030810
27	45	24	0.1992	0.23186	7.349e+02	-0.016	0.457	GO:0007030
28	137	80	0.18207	0.26231	6.190e+03	0.09	0.48	GO:0002758
29	118	64	0.17393	0.23197	4.924e+03	0.077	0.459	GO:0009743
30	81	42	0.14802	0.27578	2.413e+03	0.036	0.41	GO:0007093
31	59	31	0.1248	0.25507	1.273e+03	0.069	0.413	GO:0097285
32	85	43	0.11528	0.116	2.702e+03	0.018	0.454	GO:0015718
33	100	53	0.10916	0.23112	3.609e+03	0.034	0.482	GO:0043524
34	55	33	0.09367	0.13732	9.785e+02	0.137	0.382	GO:0090277
35	67	38	0.09348	0.10913	1.535e+03	0.072	0.475	GO:0030512
36	38	19	0.08999	0.10693	5.513e+02	0.031	0.381	GO:0031281
37	45	27	0.08939	0.09252	6.572e+02	0.164	0.362	GO:0032024
38	26	15	0.08807	0.10437	2.318e+02	0.119	0.453	GO:0048013
39	40	19	0.08795	0.10548	6.321e+02	0.036	0.437	GO:0008206
40	65	46	0.08516	0.25547	1.064e+03	0.147	0.529	GO:0034146
41	106	58	0.0799	0.14399	3.948e+03	0.056	0.472	GO:1901215
42	63	31	0.07936	0.08465	1.519e+03	0.029	0.395	GO:0030819
43	27	12	0.07846	0.11572	3.047e+02	-0.003	0.303	GO:0030449
44	72	41	0.07761	0.08481	1.764e+03	0.1	0.443	GO:0007613
45	32	20	0.07671	0.1206	3.187e+02	0.102	0.458	GO:0006312
46	34	22	0.07618	0.13671	3.427e+02	0.14	0.454	GO:0034121
47	79	41	0.07526	0.07106	2.294e+03	0.029	0.466	GO:0009566
48	33	18	0.07476	0.09401	3.906e+02	0.077	0.455	GO:0032648
49	35	18	0.07394	0.09259	4.595e+02	0.038	0.407	GO:0043094
50	30	17	0.07122	0.09723	3.127e+02	0.099	0.371	GO:0007190
51	29	18	0.06985	0.19129	2.648e+02	0.155	0.428	GO:0051402
52	50	26	0.06733	0.10871	9.235e+02	-0.008	0.454	GO:0010830
53	115	56	0.06708	0.0832	5.059e+03	-0.023	0.461	GO:0009063
54	47	27	0.06431	0.05023	7.499e+02	0.069	0.493	GO:0006283
55	32	20	0.06194	0.06932	3.187e+02	0.109	0.473	GO:0071331
56	39	19	0.06093	0.09705	5.912e+02	-0.033	0.433	GO:0060079
57	113	59	0.05943	0.15952	4.655e+03	0.022	0.451	GO:0023061
58	20	13	0.0594	0.08997	1.199e+02	0.21	0.469	GO:0009268
59	32	18	0.05786	0.08314	3.576e+02	0.036	0.454	GO:0006801
60	27	16	0.05548	0.11115	2.428e+02	0.044	0.481	GO:0019674
61	99	54	0.05161	0.06223	3.455e+03	0.073	0.47	GO:0034284
62	41	19	0.05077	0.05938	6.750e+02	-0.018	0.389	GO:0048168
63	34	16	0.05051	0.07104	4.614e+02	0.041	0.379	GO:0035115
64	73	51	0.04973	0.14497	1.374e+03	0.147	0.519	GO:0034134
65	33	20	0.0493	0.06483	3.517e+02	0.104	0.473	GO:0071326
66	103	57	0.04786	0.08126	3.692e+03	0.055	0.491	GO:0032886
67	23	16	0.04772	0.11414	1.409e+02	0.345	0.316	GO:0010677
68	50	26	0.04764	0.07273	9.235e+02	0.066	0.42	GO:0043242
69	70	33	0.0453	0.09205	1.926e+03	0.022	0.402	GO:0030804
70	32	19	0.04489	0.06113	3.387e+02	0.072	0.465	GO:0090003
71	26	13	0.0446	0.05239	2.608e+02	-0.023	0.403	GO:0006739
72	35	18	0.04345	0.08006	4.595e+02	0.07	0.361	GO:0045762
73	25	13	0.04339	0.05681	2.348e+02	0.037	0.394	GO:0048169
74	20	11	0.04258	0.0646	1.449e+02	0.077	0.303	GO:0072676
75	95	52	0.04174	0.06455	3.174e+03	0.073	0.476	GO:0009746
76	20	13	0.04164	0.06449	1.199e+02	0.2	0.461	GO:0072337
77	65	31	0.03952	0.05892	1.650e+03	-0.0	0.395	GO:0030816
78	42	23	0.03717	0.03424	6.272e+02	0.037	0.453	GO:0032663
79	47	23	0.03685	0.04603	8.526e+02	0.011	0.352	GO:0001776
80	121	61	0.035	0.06139	5.469e+03	0.018	0.418	GO:0000086
81	21	12	0.03395	0.04413	1.539e+02	0.086	0.448	GO:0060412
82	26	14	0.03308	0.06506	2.468e+02	-0.021	0.48	GO:0009954
83	42	19	0.03293	0.03778	7.189e+02	0.025	0.38	GO:0035136
84	27	15	0.0329	0.03624	2.588e+02	0.096	0.442	GO:0031111
85	95	47	0.03121	0.05556	3.423e+03	-0.002	0.46	GO:0048167
86	45	25	0.0312	0.04967	7.100e+02	0.063	0.463	GO:0031110
87	37	19	0.03007	0.03745	5.134e+02	-0.038	0.492	GO:0051148
88	27	18	0.02966	0.03818	2.079e+02	0.106	0.547	GO:0034453
89	82	54	0.02654	0.07742	1.915e+03	0.095	0.525	GO:0002755
90	44	21	0.02583	0.03763	7.608e+02	-0.046	0.437	GO:0060078
91	77	37	0.02544	0.05116	2.299e+03	0.007	0.415	GO:1900544
92	23	14	0.02543	0.04455	1.719e+02	0.185	0.416	GO:0010574
93	39	20	0.02507	0.04817	5.703e+02	0.05	0.442	GO:0060411
94	26	15	0.02484	0.02997	2.318e+02	0.063	0.425	GO:0000722
95	53	26	0.02408	0.03657	1.080e+03	0.039	0.415	GO:0050807
96	57	34	0.02275	0.05344	1.057e+03	0.12	0.394	GO:0002793
97	55	37	0.0227	0.0528	8.369e+02	0.11	0.523	GO:0050806
98	61	30	0.02204	0.04568	1.425e+03	-0.047	0.462	GO:0006733
99	21	13	0.02176	0.03018	1.409e+02	0.132	0.5	GO:0071312
100	23	13	0.02115	0.03248	1.859e+02	0.091	0.369	GO:0044062
101	110	65	0.02055	0.02366	3.949e+03	0.068	0.506	GO:0051384
102	39	20	0.02023	0.0338	5.703e+02	0.019	0.458	GO:0042147
103	109	51	0.02022	0.0424	4.668e+03	-0.012	0.469	GO:0030808
104	20	15	0.01912	0.02192	9.096e+01	0.163	0.559	GO:0060291
105	23	15	0.01842	0.03094	1.569e+02	0.149	0.475	GO:0006536
106	23	13	0.01766	0.02862	1.859e+02	0.044	0.443	GO:0072525
107	47	24	0.01747	0.02773	8.277e+02	0.07	0.413	GO:1901880
108	44	17	0.01686	0.01574	8.664e+02	-0.079	0.308	GO:0002920
109	25	17	0.01684	0.0442	1.729e+02	0.166	0.402	GO:0001836
110	33	15	0.01556	0.03878	4.454e+02	-0.044	0.4	GO:0032370
111	60	32	0.01526	0.02072	1.301e+03	0.036	0.472	GO:0046879
112	62	30	0.0146	0.03349	1.488e+03	-0.001	0.452	GO:0009062
113	20	12	0.01422	0.03067	1.329e+02	0.2	0.47	GO:0015721
114	21	10	0.01421	0.0222	1.779e+02	-0.01	0.246	GO:0043029
115	90	48	0.01408	0.03329	2.912e+03	0.062	0.475	GO:0009749
116	30	17	0.01379	0.01897	3.127e+02	0.091	0.467	GO:0050873
117	22	15	0.01369	0.02461	1.339e+02	0.161	0.461	GO:0060968
118	27	16	0.0129	0.0193	2.428e+02	0.056	0.519	GO:0098656
119	40	19	0.0121	0.02279	6.321e+02	0.019	0.381	GO:0051349
120	31	17	0.0121	0.02168	3.437e+02	0.093	0.45	GO:0030073
121	29	14	0.01155	0.01722	3.317e+02	-0.026	0.463	GO:0017156
122	57	28	0.01098	0.01819	1.247e+03	-0.05	0.497	GO:0061025
123	115	56	0.0103	0.02054	5.059e+03	-0.027	0.489	GO:0033500
124	28	15	0.01017	0.01933	2.867e+02	0.043	0.478	GO:0048008
125	34	18	0.0099	0.01046	4.245e+02	0.076	0.371	GO:0009262
126	37	20	0.00981	0.01564	4.934e+02	0.022	0.473	GO:0071230
127	32	13	0.00966	0.02574	4.494e+02	-0.051	0.349	GO:2000107
128	50	23	0.00953	0.01687	1.004e+03	0.004	0.412	GO:0055002
129	32	16	0.00904	0.01544	3.926e+02	0.004	0.446	GO:0040018
130	26	15	0.00879	0.01635	2.318e+02	0.014	0.481	GO:0050710
131	34	22	0.0087	0.00906	3.427e+02	0.063	0.587	GO:0001707
132	79	40	0.00859	0.02177	2.335e+03	-0.025	0.518	GO:0014706
133	74	35	0.00814	0.02442	2.146e+03	-0.047	0.51	GO:0051153
134	24	13	0.00813	0.0119	2.098e+02	0.061	0.407	GO:0032814
135	35	16	0.00775	0.02077	4.984e+02	-0.026	0.407	GO:0032312
136	35	20	0.00764	0.00871	4.206e+02	0.088	0.362	GO:0006284
137	87	40	0.00759	0.01385	3.016e+03	-0.013	0.433	GO:0007059
138	78	37	0.00754	0.01154	2.379e+03	0.007	0.415	GO:0045981
139	30	13	0.00745	0.00659	3.806e+02	-0.095	0.418	GO:0000291
140	97	48	0.0074	0.01399	3.567e+03	0.027	0.427	GO:0071901
141	22	11	0.00726	0.0178	1.879e+02	0.02	0.443	GO:0006906
142	34	12	0.00702	0.01682	5.472e+02	-0.057	0.255	GO:0035019
143	116	68	0.0066	0.01326	4.426e+03	0.048	0.521	GO:0031960
144	76	42	0.00652	0.01834	2.019e+03	0.043	0.43	GO:0046887
145	23	12	0.00636	0.00882	1.988e+02	0.061	0.399	GO:0001990
146	22	11	0.00632	0.01268	1.879e+02	-0.009	0.435	GO:0050856
147	27	15	0.00618	0.01099	2.588e+02	-0.034	0.517	GO:0048738
148	27	15	0.00591	0.01608	2.588e+02	0.061	0.461	GO:0032855
149	35	19	0.00588	0.0135	4.405e+02	0.022	0.459	GO:0048871
150	28	14	0.00557	0.01035	3.017e+02	0.032	0.396	GO:0003073
151	20	10	0.00554	0.00901	1.559e+02	0.01	0.473	GO:0045939
152	91	45	0.00551	0.01199	3.143e+03	-0.015	0.484	GO:0060537
153	22	10	0.00549	0.01134	2.008e+02	-0.018	0.321	GO:0046688
154	27	15	0.00539	0.0065	2.588e+02	0.072	0.458	GO:0010743
155	144	83	0.00533	0.01136	6.926e+03	0.068	0.497	GO:0002218
156	21	11	0.0051	0.00967	1.659e+02	0.036	0.407	GO:0031114
157	50	25	0.00509	0.00839	9.494e+02	-0.025	0.467	GO:0006826
158	80	41	0.00497	0.0091	2.374e+03	-0.033	0.52	GO:0022617
159	21	11	0.00489	0.00745	1.659e+02	0.125	0.361	GO:0031670
160	26	16	0.0047	0.0078	2.158e+02	0.045	0.556	GO:0015807
161	126	94	0.00468	0.01405	3.529e+03	0.271	0.451	GO:0043414
162	38	18	0.00464	0.00573	5.722e+02	-0.024	0.361	GO:0031532
163	36	18	0.00464	0.00783	4.954e+02	-0.013	0.453	GO:0021766
164	24	15	0.00442	0.00693	1.809e+02	0.123	0.555	GO:0003179
165	23	13	0.00441	0.00757	1.859e+02	-0.006	0.495	GO:0048512
166	30	18	0.00435	0.00853	2.947e+02	0.081	0.481	GO:0071333
167	64	34	0.00432	0.00609	1.483e+03	0.042	0.462	GO:0009914
168	22	13	0.00428	0.0107	1.629e+02	0.066	0.456	GO:0032201
169	26	11	0.00403	0.00805	2.917e+02	-0.022	0.355	GO:0055013
170	29	14	0.00398	0.00787	3.317e+02	-0.082	0.427	GO:0048742
171	55	26	0.00396	0.00859	1.192e+03	0.006	0.452	GO:0030216
172	35	16	0.00395	0.00652	4.984e+02	-0.0	0.369	GO:0050848
173	48	23	0.00395	0.00835	9.015e+02	-0.017	0.461	GO:0007338
174	22	7	0.00392	0.00534	2.457e+02	-0.12	0.259	GO:0035249
175	27	15	0.0039	0.00576	2.588e+02	0.078	0.53	GO:0051983
176	35	16	0.0038	0.0114	4.984e+02	-0.017	0.41	GO:0071174
177	32	15	0.00376	0.00669	4.105e+02	0.01	0.437	GO:0016445
178	24	13	0.00367	0.00687	2.098e+02	0.039	0.471	GO:0001539
179	41	24	0.00358	0.00584	5.613e+02	0.103	0.378	GO:0046889
180	22	12	0.00347	0.00628	1.759e+02	0.028	0.445	GO:0001909
181	27	16	0.0034	0.00944	2.428e+02	0.117	0.415	GO:0007052
182	74	41	0.0033	0.00908	1.911e+03	0.024	0.517	GO:0006289
183	39	22	0.00329	0.00867	5.274e+02	0.07	0.476	GO:0071322
184	30	13	0.00329	0.00503	3.806e+02	-0.04	0.367	GO:0008038
185	20	10	0.00325	0.00668	1.559e+02	0.07	0.339	GO:0045577
186	63	33	0.00324	0.00972	1.453e+03	-0.023	0.519	GO:0022404
187	38	17	0.00323	0.00571	5.942e+02	0.001	0.396	GO:0031577
188	30	18	0.00318	0.00954	2.947e+02	0.02	0.527	GO:0032653
189	20	11	0.00316	0.00628	1.449e+02	-0.008	0.498	GO:0006949
190	20	10	0.00308	0.00906	1.559e+02	0.109	0.407	GO:0033574
191	22	18	0.00297	0.00772	8.297e+01	0.324	0.402	GO:0002886
192	190	96	0.00289	0.00469	1.341e+04	-0.006	0.497	GO:0015849
193	25	11	0.0027	0.00672	2.637e+02	-0.049	0.41	GO:0044058
194	68	37	0.00269	0.00723	1.641e+03	0.036	0.44	GO:0002700
195	22	10	0.00266	0.00418	2.008e+02	-0.081	0.465	GO:0051898
196	91	42	0.0026	0.00423	3.289e+03	-0.01	0.469	GO:0045444
197	41	20	0.00244	0.00696	6.521e+02	0.017	0.479	GO:0002200
198	26	14	0.00242	0.0051	2.468e+02	0.017	0.452	GO:0034333
199	23	12	0.00236	0.00453	1.988e+02	-0.056	0.511	GO:0009595
200	21	11	0.00236	0.00481	1.659e+02	0.065	0.326	GO:0035813
201	36	19	0.00222	0.00459	4.764e+02	-0.014	0.507	GO:0032330
202	34	17	0.00212	0.00314	4.425e+02	0.027	0.483	GO:0002562
203	35	19	0.00211	0.00634	4.405e+02	-0.026	0.485	GO:0042993
204	100	54	0.00208	0.00625	3.555e+03	0.016	0.508	GO:0050671
205	31	15	0.00208	0.00426	3.776e+02	-0.043	0.501	GO:0000387
206	36	22	0.00203	0.00487	4.136e+02	0.087	0.506	GO:0070997
207	21	11	0.00202	0.00607	1.659e+02	-0.029	0.414	GO:0000718
208	32	17	0.00202	0.00443	3.756e+02	0.012	0.428	GO:0048521
209	23	10	0.00201	0.00473	2.258e+02	0.007	0.249	GO:0032892
210	31	17	0.002	0.00599	3.437e+02	0.055	0.437	GO:0051966
211	29	18	0.00195	0.00395	2.648e+02	0.195	0.42	GO:0000737
212	26	15	0.00191	0.00574	2.318e+02	0.074	0.346	GO:0044774
213	24	12	0.00191	0.00502	2.228e+02	-0.055	0.453	GO:0060343
214	40	17	0.00188	0.00242	6.789e+02	-0.092	0.427	GO:0035137
215	93	48	0.00187	0.00348	3.186e+03	0.025	0.472	GO:0090288
216	94	43	0.00179	0.00538	3.528e+03	-0.02	0.455	GO:0030817
217	42	20	0.00176	0.00452	6.950e+02	-0.03	0.445	GO:0048284
218	21	9	0.00173	0.00274	1.908e+02	0.003	0.483	GO:0071897
219	20	11	0.00168	0.00505	1.449e+02	0.055	0.572	GO:0060479
220	22	10	0.00168	0.00358	2.008e+02	-0.033	0.438	GO:0045909
221	45	20	0.00167	0.005	8.336e+02	-0.017	0.391	GO:0002709
222	36	22	0.00167	0.00273	4.136e+02	0.153	0.36	GO:0006584
223	38	20	0.00163	0.00233	5.313e+02	0.001	0.488	GO:0009066
224	28	13	0.00162	0.00325	3.177e+02	-0.058	0.546	GO:0046579
225	32	17	0.00162	0.0028	3.756e+02	0.09	0.425	GO:0045931
226	83	40	0.0016	0.00469	2.663e+03	-0.063	0.486	GO:0006919
227	76	35	0.0016	0.0048	2.303e+03	-0.032	0.481	GO:0009913
228	74	34	0.0016	0.0048	2.187e+03	0.008	0.408	GO:0010518
229	34	16	0.00157	0.00353	4.614e+02	-0.104	0.498	GO:0000003
230	75	40	0.00155	0.00317	2.026e+03	0.065	0.466	GO:0043200
231	26	11	0.00154	0.0037	2.917e+02	-0.067	0.309	GO:0061178
232	29	16	0.00154	0.00331	2.997e+02	0.036	0.443	GO:0042304
233	37	18	0.00154	0.002	5.333e+02	-0.0	0.416	GO:0010833
234	26	11	0.0015	0.00428	2.917e+02	-0.048	0.49	GO:0045814
235	20	8	0.00148	0.00311	1.808e+02	-0.028	0.387	GO:0045851
236	68	33	0.00147	0.00442	1.784e+03	0.02	0.414	GO:0043244
237	23	10	0.00146	0.00396	2.258e+02	-0.123	0.522	GO:0009148
238	79	38	0.00144	0.00336	2.417e+03	-0.028	0.469	GO:0072329
239	60	28	0.00142	0.00286	1.428e+03	-0.004	0.458	GO:0045761
240	30	13	0.00142	0.00286	3.806e+02	0.018	0.361	GO:0048485
241	24	11	0.00137	0.00412	2.368e+02	-0.086	0.521	GO:0060397
242	22	11	0.00136	0.00287	1.879e+02	0.054	0.434	GO:0000819
243	28	17	0.00136	0.00377	2.538e+02	0.09	0.452	GO:0046189
244	21	9	0.00134	0.00403	1.908e+02	-0.073	0.47	GO:0006363
245	39	18	0.00134	0.00402	6.131e+02	-0.069	0.494	GO:0001756
246	24	11	0.00133	0.004	2.368e+02	-0.075	0.493	GO:0000045
247	73	36	0.00133	0.00364	2.032e+03	-0.011	0.514	GO:2000241
248	39	18	0.00132	0.00397	6.131e+02	-0.09	0.528	GO:0090382
249	43	19	0.0013	0.00348	7.648e+02	-0.039	0.425	GO:0043966
250	23	11	0.00129	0.00388	2.118e+02	-0.181	0.573	GO:0000060
251	22	10	0.00126	0.00377	2.008e+02	-0.091	0.492	GO:0042430
252	32	15	0.00124	0.00249	4.105e+02	-0.004	0.451	GO:0032720
253	32	17	0.00122	0.00365	3.756e+02	0.103	0.424	GO:0032722
254	20	8	0.00119	0.00279	1.808e+02	-0.174	0.512	GO:0052652
255	32	15	0.00118	0.00276	4.105e+02	-0.041	0.436	GO:0030101
256	25	13	0.00115	0.00268	2.348e+02	0.014	0.534	GO:0010226
257	33	22	0.00114	0.00249	3.087e+02	0.124	0.538	GO:0002753
258	33	15	0.00114	0.00306	4.454e+02	-0.041	0.434	GO:0071173
259	34	12	0.00112	0.00337	5.472e+02	-0.09	0.376	GO:1901028
260	25	11	0.00112	0.00335	2.637e+02	-0.07	0.477	GO:0006893
261	28	12	0.0011	0.00331	3.346e+02	-0.021	0.343	GO:0055006
262	75	34	0.0011	0.0033	2.266e+03	-0.017	0.419	GO:0030801
263	51	22	0.00108	0.00325	1.088e+03	-0.098	0.43	GO:0001508
264	101	55	0.00108	0.00325	3.601e+03	0.023	0.502	GO:0032946
265	27	11	0.00107	0.00322	3.216e+02	-0.008	0.298	GO:0021549
266	28	17	0.00107	0.00227	2.538e+02	0.183	0.423	GO:0006309
267	20	9	0.00106	0.00213	1.679e+02	-0.055	0.484	GO:0046640
268	20	9	0.00106	0.0023	1.679e+02	-0.077	0.486	GO:0009235
269	54	29	0.00105	0.0027	1.049e+03	-0.079	0.601	GO:0046364
270	47	21	0.00103	0.0031	9.054e+02	-0.051	0.485	GO:0048814
271	22	11	0.00103	0.00213	1.879e+02	0.003	0.372	GO:0044089
272	23	11	0.00102	0.00299	2.118e+02	-0.091	0.491	GO:0032504
273	71	50	0.001	0.00281	1.280e+03	0.142	0.528	GO:0038123
274	34	18	0.001	0.00301	4.245e+02	0.006	0.549	GO:0051055
275	20	9	0.00099	0.00286	1.679e+02	-0.084	0.579	GO:0007029
276	62	27	0.00099	0.00212	1.592e+03	-0.09	0.392	GO:0032200
277	40	17	0.00099	0.00296	6.789e+02	-0.053	0.447	GO:0055010
278	51	25	0.00095	0.00193	1.001e+03	0.041	0.391	GO:0006970
279	86	41	0.00094	0.0019	2.878e+03	-0.004	0.426	GO:0002706
280	84	39	0.00094	0.00281	2.795e+03	-0.038	0.424	GO:0006836
281	61	26	0.00093	0.0027	1.562e+03	-0.105	0.403	GO:0000723
282	25	15	0.00093	0.00278	2.058e+02	0.071	0.561	GO:0010543
283	29	12	0.00092	0.00218	3.666e+02	-0.093	0.397	GO:0050805
284	28	13	0.00092	0.00275	3.177e+02	-0.028	0.471	GO:0050854
285	41	21	0.00088	0.00261	6.301e+02	-0.006	0.501	GO:0001678
286	32	17	0.00087	0.0026	3.756e+02	-0.018	0.53	GO:0046928
287	23	12	0.00086	0.00196	1.988e+02	-0.089	0.478	GO:0032689
288	82	38	0.00086	0.00213	2.667e+03	-0.01	0.427	GO:0060193
289	60	23	0.00084	0.00252	1.607e+03	-0.109	0.412	GO:0055001
290	34	17	0.00082	0.00246	4.425e+02	-0.032	0.484	GO:0045841
291	28	14	0.00082	0.00181	3.017e+02	-0.074	0.561	GO:0043551
292	20	11	0.00082	0.00166	1.449e+02	0.063	0.459	GO:0051953
293	47	24	0.00081	0.00244	8.277e+02	-0.022	0.409	GO:0002449
294	24	17	0.00081	0.00232	1.479e+02	0.202	0.404	GO:0033003
295	20	9	0.0008	0.0024	1.679e+02	-0.134	0.514	GO:0007140
296	46	19	0.0008	0.0024	9.103e+02	-0.074	0.425	GO:0042446
297	31	14	0.00079	0.00196	3.955e+02	-0.096	0.564	GO:0071825
298	21	10	0.00078	0.00235	1.779e+02	-0.123	0.582	GO:0072009
299	24	11	0.00077	0.0023	2.368e+02	-0.034	0.338	GO:0006261
300	20	11	0.00077	0.0023	1.449e+02	0.006	0.547	GO:0006595
301	89	44	0.00077	0.00154	3.008e+03	-0.031	0.513	GO:0006814
302	21	12	0.00076	0.00209	1.539e+02	0.127	0.418	GO:0034502
303	30	17	0.00076	0.00227	3.127e+02	-0.004	0.601	GO:0032465
304	120	53	0.00075	0.00224	5.860e+03	-0.062	0.492	GO:0030799
305	25	8	0.00072	0.00205	3.146e+02	-0.135	0.293	GO:0042311
306	52	23	0.00071	0.00214	1.113e+03	-0.069	0.508	GO:0055008
307	23	10	0.00071	0.00212	2.258e+02	-0.117	0.46	GO:0006662
308	34	18	0.00071	0.00187	4.245e+02	-0.018	0.413	GO:0045921
309	24	11	0.00071	0.00165	2.368e+02	-0.065	0.521	GO:0060334
310	39	23	0.0007	0.00211	5.044e+02	0.057	0.478	GO:0035690
311	64	30	0.0007	0.0021	1.618e+03	-0.021	0.478	GO:0031279
312	27	14	0.0007	0.00192	2.737e+02	-0.044	0.519	GO:0034446
313	22	9	0.00069	0.00123	2.148e+02	-0.186	0.523	GO:0051926
314	25	12	0.00068	0.00204	2.488e+02	0.025	0.437	GO:0045058
315	35	20	0.00067	0.0018	4.206e+02	0.082	0.447	GO:0002637
316	27	13	0.00066	0.00199	2.887e+02	0.014	0.446	GO:0055007
317	22	12	0.00066	0.00198	1.759e+02	0.027	0.475	GO:0060612
318	46	18	0.00066	0.00197	9.392e+02	-0.087	0.438	GO:0006369
319	53	25	0.00066	0.00188	1.109e+03	-0.036	0.443	GO:0042552
320	21	11	0.00065	0.00194	1.659e+02	0.052	0.502	GO:0006110
321	29	14	0.00064	0.00193	3.317e+02	-0.025	0.415	GO:0008334
322	20	9	0.00064	0.00192	1.679e+02	-0.001	0.355	GO:0030104
323	56	28	0.00063	0.00188	1.189e+03	-0.019	0.465	GO:0007272
324	30	12	0.00062	0.00176	3.995e+02	-0.071	0.405	GO:0022400
325	43	23	0.00062	0.00185	6.701e+02	-0.025	0.576	GO:0030521
326	24	11	0.00061	0.00174	2.368e+02	0.012	0.408	GO:0016447
327	23	11	0.00061	0.00182	2.118e+02	-0.094	0.496	GO:0042346
328	37	16	0.0006	0.0018	5.762e+02	-0.081	0.474	GO:0001656
329	64	30	0.00059	0.00178	1.618e+03	0.008	0.467	GO:0006446
330	23	12	0.00059	0.00178	1.988e+02	-0.087	0.582	GO:1903313
331	23	11	0.00058	0.00175	2.118e+02	-0.147	0.535	GO:0032369
332	104	45	0.00058	0.00174	4.465e+03	-0.028	0.392	GO:0016049
333	27	12	0.00058	0.00173	3.047e+02	-0.057	0.435	GO:0045494
334	114	53	0.00058	0.00153	5.124e+03	-0.042	0.454	GO:0055076
335	60	31	0.00057	0.00172	1.332e+03	-0.009	0.409	GO:0002673
336	21	9	0.00057	0.00172	1.908e+02	-0.018	0.275	GO:0009651
337	45	23	0.00057	0.00172	7.589e+02	-0.023	0.468	GO:0046717
338	21	14	0.00057	0.0012	1.269e+02	0.051	0.561	GO:1901099
339	35	21	0.00057	0.0017	3.996e+02	0.028	0.53	GO:2001239
340	43	19	0.00057	0.00117	7.648e+02	-0.117	0.489	GO:0001910
341	20	10	0.00056	0.00136	1.559e+02	-0.031	0.576	GO:0030902
342	33	19	0.00056	0.00168	3.716e+02	0.053	0.46	GO:0042220
343	52	23	0.00055	0.00115	1.113e+03	-0.11	0.513	GO:0009855
344	24	15	0.00055	0.00164	1.809e+02	0.127	0.472	GO:0071514
345	28	16	0.00055	0.00164	2.708e+02	0.052	0.56	GO:0072348
346	20	9	0.00054	0.00162	1.679e+02	-0.145	0.561	GO:0009208
347	32	16	0.00054	0.00125	3.926e+02	0.03	0.527	GO:0016486
348	23	10	0.00054	0.00162	2.258e+02	-0.074	0.528	GO:0060760
349	48	25	0.00054	0.00161	8.507e+02	-0.057	0.537	GO:0006749
350	25	14	0.00053	0.00126	2.208e+02	0.137	0.395	GO:0042771
351	23	9	0.00052	0.00155	2.408e+02	-0.089	0.423	GO:0021533
352	94	44	0.00051	0.00126	3.477e+03	-0.005	0.43	GO:0030097
353	41	21	0.00051	0.00105	6.301e+02	-0.029	0.553	GO:0051588
354	96	49	0.0005	0.00094	3.421e+03	0.013	0.466	GO:0017015
355	24	9	0.0005	0.0015	2.677e+02	-0.188	0.512	GO:0009190
356	48	21	0.00048	0.00145	9.563e+02	-0.109	0.486	GO:0048565
357	49	20	0.00047	0.0014	1.039e+03	-0.02	0.353	GO:0006998
358	33	16	0.00045	0.00136	4.265e+02	-0.049	0.504	GO:0006271
359	66	24	0.00045	0.00091	1.996e+03	-0.106	0.384	GO:0009112
360	91	42	0.00045	0.00134	3.289e+03	-0.037	0.478	GO:0034754
361	36	18	0.00044	0.00106	4.954e+02	-0.031	0.454	GO:0043473
362	74	32	0.00044	0.00133	2.272e+03	-0.064	0.492	GO:0050773
363	35	18	0.00044	0.00132	4.595e+02	-0.038	0.528	GO:0046134
364	22	9	0.00044	0.00131	2.148e+02	-0.126	0.589	GO:0060765
365	21	10	0.00043	0.00128	1.779e+02	-0.093	0.605	GO:0033081
366	23	13	0.00042	0.00125	1.859e+02	0.062	0.43	GO:0043278
367	42	21	0.0004	0.00119	6.720e+02	-0.017	0.46	GO:0015908
368	23	11	0.0004	0.00119	2.118e+02	-0.079	0.539	GO:0034367
369	20	11	0.0004	0.00119	1.449e+02	0.079	0.372	GO:0051962
370	21	12	0.0004	0.00119	1.539e+02	0.027	0.603	GO:0071385
371	27	16	0.00039	0.00118	2.428e+02	0.127	0.44	GO:0008625
372	46	22	0.00039	0.00118	8.297e+02	-0.002	0.456	GO:0014068
373	22	9	0.00039	0.00118	2.148e+02	-0.168	0.556	GO:0048873
374	21	11	0.00038	0.00115	1.659e+02	0.091	0.342	GO:0010165
375	46	22	0.00038	0.00115	8.297e+02	-0.003	0.449	GO:0030072
376	106	48	0.00038	0.00109	4.509e+03	-0.03	0.476	GO:0030802
377	59	26	0.00038	0.00114	1.433e+03	-0.063	0.485	GO:0009306
378	25	14	0.00037	0.00112	2.208e+02	0.004	0.496	GO:0007622
379	42	18	0.00036	0.00109	7.438e+02	-0.065	0.534	GO:0034637
380	35	16	0.00036	0.00108	4.984e+02	-0.078	0.548	GO:0043266
381	22	9	0.00035	0.00106	2.148e+02	-0.117	0.484	GO:0043330
382	22	10	0.00035	0.00066	2.008e+02	-0.091	0.48	GO:0016338
383	38	18	0.00034	0.00102	5.722e+02	-0.039	0.483	GO:0006513
384	63	31	0.00034	0.00102	1.519e+03	-0.032	0.506	GO:0019395
385	23	10	0.00034	0.00102	2.258e+02	-0.076	0.492	GO:1901661
386	26	12	0.00034	0.00101	2.757e+02	0.057	0.29	GO:0051602
387	26	12	0.00033	0.001	2.757e+02	-0.014	0.384	GO:0010559
388	37	18	0.00033	0.00098	5.333e+02	-0.014	0.511	GO:0001974
389	24	11	0.00033	0.00098	2.368e+02	-0.1	0.475	GO:0018904
390	24	9	0.00033	0.00098	2.677e+02	-0.11	0.404	GO:1900739
391	22	11	0.00032	0.00096	1.879e+02	0.012	0.563	GO:0006400
392	36	16	0.00032	0.00095	5.363e+02	-0.093	0.529	GO:0030195
393	20	6	0.00032	0.00096	2.098e+02	-0.134	0.301	GO:0031497
394	32	15	0.00031	0.00066	4.105e+02	-0.075	0.504	GO:0042461
395	25	14	0.00031	0.00094	2.208e+02	-0.056	0.654	GO:0001958
396	68	32	0.00031	0.00094	1.821e+03	-0.076	0.503	GO:0018108
397	32	16	0.00031	0.00094	3.926e+02	-0.049	0.496	GO:0031572
398	31	12	0.00031	0.00094	4.344e+02	-0.145	0.456	GO:0035116
399	31	14	0.00031	0.00094	3.955e+02	-0.059	0.48	GO:0090278
400	20	9	0.00031	0.00092	1.679e+02	-0.133	0.555	GO:0030879
401	20	10	0.00031	0.00092	1.559e+02	0.075	0.482	GO:0045736
402	34	14	0.0003	0.0009	5.023e+02	-0.011	0.411	GO:0030282
403	91	40	0.0003	0.00067	3.392e+03	-0.04	0.447	GO:0008643
404	59	27	0.00029	0.00078	1.399e+03	-0.083	0.467	GO:0043271
405	37	16	0.00028	0.00084	5.762e+02	-0.0	0.413	GO:0030837
406	20	5	0.00028	0.00084	2.258e+02	-0.293	0.416	GO:0045940
407	27	13	0.00028	0.00084	2.887e+02	0.045	0.407	GO:0048010
408	24	11	0.00028	0.00083	2.368e+02	-0.004	0.444	GO:0007616
409	58	27	0.00027	0.0008	1.337e+03	0.01	0.468	GO:0002526
410	36	16	0.00026	0.00079	5.363e+02	-0.075	0.55	GO:0006323
411	65	30	0.00026	0.00078	1.686e+03	-0.036	0.454	GO:0009798
412	24	20	0.00026	0.00078	9.097e+01	0.373	0.435	GO:0051568
413	22	11	0.00026	0.00077	1.879e+02	0.0	0.415	GO:0006297
414	23	11	0.00026	0.00077	2.118e+02	-0.074	0.653	GO:0007176
415	25	11	0.00026	0.00077	2.637e+02	-0.078	0.499	GO:0031952
416	68	35	0.00026	0.00077	1.713e+03	-0.049	0.517	GO:0042307
417	79	42	0.00026	0.00077	2.252e+03	-0.009	0.558	GO:0044243
418	124	60	0.00026	0.00068	5.902e+03	-0.046	0.484	GO:0044242
419	24	10	0.00025	0.00076	2.518e+02	-0.055	0.485	GO:0001892
420	33	14	0.00025	0.00074	4.654e+02	-0.059	0.44	GO:0016056
421	47	17	0.00025	0.00074	1.023e+03	-0.088	0.348	GO:0019229
422	31	17	0.00025	0.00074	3.437e+02	0.063	0.418	GO:0035094
423	27	15	0.00025	0.00074	2.588e+02	0.044	0.478	GO:0060740
424	115	54	0.00024	0.00073	5.181e+03	-0.082	0.568	GO:0016051
425	37	20	0.00024	0.00073	4.934e+02	-0.012	0.483	GO:0032755
426	32	17	0.00024	0.00072	3.756e+02	0.003	0.609	GO:0071320
427	22	14	0.00023	0.0007	1.489e+02	0.135	0.38	GO:0042417
428	28	14	0.00023	0.0007	3.017e+02	0.043	0.519	GO:0043470
429	33	16	0.00023	0.0007	4.265e+02	-0.032	0.472	GO:0046471
430	27	17	0.00023	0.0007	2.258e+02	0.06	0.578	GO:0070423
431	146	71	0.00023	0.00068	8.142e+03	-0.042	0.508	GO:0016197
432	28	12	0.00022	0.00067	3.346e+02	-0.034	0.475	GO:2001238
433	62	26	0.00022	0.00065	1.629e+03	-0.128	0.487	GO:0003014
434	66	31	0.00022	0.00065	1.718e+03	-0.014	0.448	GO:0040014
435	30	13	0.00022	0.00065	3.806e+02	-0.092	0.445	GO:0050433
436	79	51	0.00021	0.00064	1.831e+03	0.127	0.502	GO:0034138
437	29	13	0.0002	0.00061	3.486e+02	-0.085	0.418	GO:0043928
438	42	21	0.0002	0.0006	6.720e+02	-0.011	0.449	GO:0006081
439	22	8	0.00019	0.00058	2.298e+02	-0.211	0.626	GO:0061005
440	42	21	0.00018	0.00055	6.720e+02	-0.043	0.46	GO:0002718
441	20	8	0.00018	0.00055	1.808e+02	-0.009	0.478	GO:0007031
442	26	13	0.00018	0.00055	2.608e+02	-0.053	0.481	GO:0007212
443	25	10	0.00018	0.00051	2.797e+02	-0.048	0.5	GO:0031055
444	34	14	0.00018	0.00054	5.023e+02	-0.087	0.457	GO:0006695
445	32	15	0.00018	0.00054	4.105e+02	-0.02	0.476	GO:0045599
446	34	17	0.00018	0.00054	4.425e+02	0.039	0.457	GO:1901983
447	34	20	0.00018	0.00051	3.856e+02	0.05	0.525	GO:0035176
448	96	52	0.00018	0.00047	3.269e+03	0.056	0.403	GO:0043279
449	34	17	0.00017	0.00042	4.425e+02	-0.052	0.506	GO:0015909
450	34	15	0.00017	0.00052	4.814e+02	-0.067	0.539	GO:0055021
451	25	12	0.00017	0.00052	2.488e+02	-0.062	0.552	GO:0060998
452	22	13	0.00017	0.00035	1.629e+02	0.03	0.622	GO:0071384
453	45	22	0.00017	0.0005	7.828e+02	-0.036	0.526	GO:0006635
454	40	19	0.00016	0.00049	6.321e+02	-0.01	0.46	GO:0006833
455	107	48	0.00016	0.00049	4.621e+03	-0.037	0.42	GO:0008652
456	58	31	0.00016	0.00049	1.214e+03	-0.005	0.502	GO:0045833
457	53	23	0.00016	0.00048	1.170e+03	-0.124	0.513	GO:0009799
458	21	7	0.00016	0.00048	2.198e+02	-0.184	0.471	GO:0050820
459	41	22	0.00016	0.00047	6.082e+02	0.027	0.46	GO:0008542
460	43	18	0.00016	0.00047	7.907e+02	-0.156	0.497	GO:0030516
461	30	18	0.00015	0.00035	2.947e+02	0.015	0.597	GO:0022408
462	35	15	0.00015	0.00036	5.193e+02	0.003	0.378	GO:0071377
463	28	16	0.00014	0.00041	2.708e+02	0.002	0.567	GO:0031663
464	45	22	0.00014	0.00041	7.828e+02	-0.049	0.491	GO:0046456
465	22	7	0.00014	0.00041	2.457e+02	-0.332	0.587	GO:0051491
466	22	8	0.00013	0.0004	2.298e+02	-0.145	0.435	GO:0086002
467	40	14	0.00013	0.00038	7.567e+02	-0.187	0.452	GO:0044273
468	31	15	0.00013	0.00038	3.776e+02	-0.048	0.561	GO:0051057
469	20	9	0.00012	0.00037	1.679e+02	-0.001	0.329	GO:0002861
470	165	90	0.00012	0.00037	9.553e+03	0.044	0.475	GO:0007611
471	55	29	0.00012	0.00037	1.104e+03	0.041	0.519	GO:0045727
472	37	27	0.00012	0.00036	3.258e+02	0.25	0.462	GO:0006305
473	24	14	0.00012	0.00036	1.959e+02	-0.022	0.672	GO:0055090
474	34	17	0.00012	0.00036	4.425e+02	-0.025	0.448	GO:2000379
475	22	8	0.00011	0.00034	2.298e+02	-0.064	0.323	GO:0030511
476	35	17	0.00011	0.00034	4.784e+02	-0.039	0.508	GO:0042752
477	21	10	0.00011	0.00034	1.779e+02	-0.031	0.492	GO:0045823
478	30	11	0.0001	0.00031	4.194e+02	-0.221	0.492	GO:0032856
479	21	10	0.0001	0.00029	1.779e+02	-0.035	0.529	GO:0006342
480	25	12	9e-05	0.00028	2.488e+02	-0.081	0.626	GO:0030212
481	25	14	9e-05	0.00026	2.208e+02	-0.004	0.566	GO:0060444
482	35	16	9e-05	0.00026	4.984e+02	-0.065	0.504	GO:0022616
483	22	9	9e-05	0.00026	2.148e+02	-0.1	0.512	GO:0048048
484	27	11	9e-05	0.00026	3.216e+02	-0.078	0.461	GO:0050663
485	24	10	9e-05	0.00026	2.518e+02	-0.11	0.442	GO:0050922
486	31	12	8e-05	0.00025	4.344e+02	-0.166	0.502	GO:0060761
487	64	29	8e-05	0.00025	1.654e+03	-0.019	0.436	GO:1900274
488	71	29	8e-05	0.00024	2.165e+03	-0.11	0.428	GO:0006405
489	22	8	8e-05	0.00024	2.298e+02	-0.118	0.538	GO:0010799
490	40	19	8e-05	0.00024	6.321e+02	0.039	0.391	GO:1900076
491	26	9	8e-05	0.00023	3.266e+02	-0.134	0.457	GO:0021955
492	29	12	8e-05	0.00023	3.666e+02	-0.047	0.498	GO:0043486
493	26	21	7e-05	0.00022	1.209e+02	0.393	0.41	GO:0018022
494	21	12	7e-05	0.00022	1.539e+02	0.07	0.491	GO:0032673
495	67	31	7e-05	0.0002	1.788e+03	-0.058	0.534	GO:0001570
496	23	10	6e-05	0.00018	2.258e+02	-0.096	0.457	GO:0000083
497	27	13	6e-05	0.00018	2.887e+02	-0.014	0.528	GO:0042517
498	20	9	6e-05	0.00017	1.679e+02	-0.094	0.544	GO:0014743
499	27	15	6e-05	0.00017	2.588e+02	0.014	0.616	GO:0040020
500	23	11	6e-05	0.00017	2.118e+02	-0.121	0.504	GO:0045214
501	25	12	6e-05	0.00017	2.488e+02	0.077	0.4	GO:0051693
502	78	58	5e-05	0.00014	1.369e+03	0.271	0.438	GO:0006479
503	25	14	5e-05	0.00014	2.208e+02	0.048	0.367	GO:0009065
504	49	28	4e-05	0.00013	8.188e+02	-0.028	0.598	GO:0019319
505	20	6	4e-05	0.00013	2.098e+02	-0.212	0.461	GO:0031122
506	52	27	4e-05	0.00013	9.993e+02	0.032	0.503	GO:0032642
507	26	16	4e-05	0.00013	2.158e+02	-0.008	0.689	GO:0033209
508	47	24	4e-05	0.00013	8.277e+02	-0.049	0.567	GO:0061097
509	97	42	4e-05	0.00012	3.886e+03	-0.072	0.511	GO:0051651
510	26	11	4e-05	0.00011	2.917e+02	-0.018	0.426	GO:0006904
511	28	13	4e-05	0.00011	3.177e+02	-0.094	0.497	GO:0045055
512	31	16	3e-05	8e-05	3.606e+02	0.028	0.474	GO:0035065
513	98	56	2e-05	7e-05	3.247e+03	0.072	0.459	GO:0007612
514	33	14	2e-05	7e-05	4.654e+02	-0.053	0.518	GO:0009069
515	41	20	2e-05	6e-05	6.521e+02	-0.009	0.494	GO:0043967
516	109	57	2e-05	5e-05	4.328e+03	0.029	0.426	GO:0002703
517	36	17	2e-05	5e-05	5.153e+02	-0.115	0.597	GO:0046131
518	164	76	2e-05	5e-05	1.059e+04	-0.014	0.457	GO:0048534
519	39	22	1e-05	2e-05	5.274e+02	0.016	0.479	GO:0006691
520	46	18	0.0	1e-05	9.392e+02	-0.045	0.429	GO:0006333
521	28	13	0.0	1e-05	3.177e+02	-0.011	0.538	GO:0061418
