Creation Time:	2022-12-29 18:37:42

INPUT:
File name:	crfe_v018.py
Annotations file:	/Users/JasonJia/Desktop/CRFE/Xinglin_insilico/data/human4/human_anno.txt
Gene file:	/Users/JasonJia/Desktop/CRFE/Xinglin_insilico/data/human4/human0.4_0.25_2_10_seed_20.txt
lower limit annotations/process:	20
upper limit annotations/process:	200
k (number of perturbed categories):	0 (i.e., each perturbed gene in its own category)
threshold:	0
threshold type:	levels
belief:	1.0
Method:	MCMC with parameter learning with an empty set as initial set
repeats:	10
burnin steps:	25000
MCMC steps:	25000
Maximal value for alpha and beta:	0.3548387096774194
Maximal possible value for alpha and beta:	0.3548387096774194
Probability parameter change:	0.2
seed for RNG:	1247334580

Initial set of processes:
Empty set

INPUT ANALYSIS:
Total number of processes:	2291
Total number of genes:	11704
Number of perturbed genes:	4883
Proportion perturbed genes:	0.4172077922077922

OUTPUT:
Learnt parameters:
alpha (FPR):	0.3548387096774194
beta (FNR):	0.2838709677419355
q (penalization parameter):	0.001


Best log-likelihood value (mean +- standard deviation across replicates):	-7960.196521391944 +- 1.5151360795546407

Order	#(Annotations)	#(Annotations of perturbed genes)	Mean Posterior Probability	Standard Deviation Posterior Probability	p-value	Average Expression Level	Average position perturbed genes	Term Name
1	111	81	1.0	0.0	2.890e+03	0.236	0.453	GO:0008544
2	84	58	1.0	0.0	1.857e+03	0.14	0.501	GO:0031099
3	69	59	0.97178	0.08465	6.455e+02	0.356	0.436	GO:0048514
4	83	58	0.95834	0.12497	1.773e+03	0.243	0.422	GO:0051650
5	44	37	0.88476	0.29705	2.878e+02	0.436	0.372	GO:0051785
6	81	52	0.60162	0.26871	1.940e+03	0.1	0.506	GO:0051216
7	31	24	0.52252	0.34845	1.969e+02	0.189	0.563	GO:0051057
8	38	26	0.44761	0.23961	3.906e+02	0.159	0.465	GO:0030049
9	31	23	0.38028	0.30806	2.209e+02	0.281	0.357	GO:0035065
10	28	22	0.34777	0.34313	1.539e+02	0.218	0.561	GO:0046579
11	42	27	0.25444	0.22752	5.254e+02	0.121	0.495	GO:0023021
12	45	29	0.20571	0.21765	6.003e+02	0.135	0.472	GO:0070252
13	27	19	0.19513	0.1643	1.889e+02	0.188	0.426	GO:0090329
14	39	25	0.16518	0.12757	4.555e+02	0.116	0.492	GO:0038032
15	23	16	0.13357	0.15943	1.409e+02	0.212	0.424	GO:0032369
16	43	28	0.11247	0.10281	5.404e+02	0.209	0.432	GO:0007270
17	33	23	0.10921	0.10973	2.858e+02	0.218	0.357	GO:2000756
18	34	28	0.10617	0.29821	1.899e+02	0.458	0.32	GO:0045840
19	46	32	0.08482	0.08286	5.534e+02	0.18	0.514	GO:0021782
20	21	16	0.05368	0.09752	9.596e+01	0.204	0.468	GO:0001502
21	21	15	0.04975	0.07672	1.119e+02	0.127	0.444	GO:0002720
22	20	14	0.0472	0.04369	1.059e+02	0.121	0.57	GO:0045851
23	139	87	0.04166	0.12497	5.882e+03	0.126	0.437	GO:0051656
24	21	15	0.03927	0.0598	1.119e+02	0.196	0.503	GO:0001662
25	62	40	0.03725	0.06467	1.132e+03	0.147	0.467	GO:0030048
26	30	19	0.03463	0.05613	2.758e+02	0.084	0.513	GO:0048485
27	24	18	0.03127	0.04093	1.299e+02	0.237	0.466	GO:0001892
28	20	13	0.03062	0.06246	1.199e+02	0.008	0.616	GO:0001782
29	44	40	0.02944	0.0843	1.709e+02	0.397	0.432	GO:0048844
30	27	17	0.02535	0.03871	2.258e+02	0.093	0.443	GO:0007052
31	21	14	0.02282	0.0207	1.269e+02	0.127	0.548	GO:0043029
32	50	31	0.02172	0.0293	7.789e+02	0.219	0.336	GO:0055002
33	38	24	0.02122	0.02492	4.415e+02	0.051	0.565	GO:0007595
34	31	21	0.02101	0.03425	2.658e+02	0.141	0.515	GO:0051004
35	37	26	0.02067	0.0226	3.527e+02	0.206	0.458	GO:0001656
36	63	36	0.01969	0.03139	1.348e+03	0.082	0.448	GO:0006941
37	36	24	0.01857	0.04514	3.667e+02	0.114	0.53	GO:0048675
38	31	19	0.01833	0.03547	3.067e+02	0.043	0.54	GO:0042558
39	21	14	0.0183	0.02617	1.269e+02	0.224	0.387	GO:0033081
40	29	19	0.01667	0.02118	2.458e+02	0.245	0.359	GO:0048747
41	20	13	0.01474	0.01864	1.199e+02	0.131	0.472	GO:2000677
42	35	21	0.013	0.03501	3.996e+02	0.033	0.485	GO:0034308
43	29	18	0.01163	0.02307	2.648e+02	0.155	0.423	GO:0017156
44	32	21	0.01144	0.01449	2.978e+02	0.191	0.422	GO:0033628
45	31	19	0.01138	0.02058	3.067e+02	0.078	0.51	GO:0030641
46	35	22	0.01115	0.0283	3.776e+02	0.119	0.42	GO:0050848
47	46	30	0.00932	0.01516	6.163e+02	0.096	0.552	GO:0007632
48	22	14	0.00905	0.02255	1.489e+02	0.208	0.432	GO:0006509
49	24	15	0.00901	0.01195	1.809e+02	0.02	0.604	GO:0006890
50	34	23	0.0087	0.01488	3.197e+02	0.196	0.357	GO:1901983
51	20	12	0.00857	0.01461	1.329e+02	0.014	0.57	GO:0030104
52	22	13	0.00787	0.01298	1.629e+02	0.055	0.53	GO:1901655
53	37	21	0.00696	0.01182	4.725e+02	0.043	0.469	GO:0050830
54	23	14	0.00668	0.00873	1.719e+02	-0.066	0.634	GO:0007032
55	22	14	0.00634	0.01222	1.489e+02	0.107	0.563	GO:0035249
56	113	69	0.00605	0.01094	4.015e+03	0.108	0.457	GO:0048568
57	38	22	0.00597	0.01241	4.884e+02	0.123	0.413	GO:0060048
58	23	14	0.00538	0.00915	1.719e+02	0.059	0.479	GO:0008299
59	31	19	0.00522	0.00919	3.067e+02	0.142	0.474	GO:0033619
60	39	24	0.00521	0.0075	4.805e+02	0.038	0.555	GO:0002260
61	26	16	0.0052	0.01072	2.158e+02	0.135	0.46	GO:0007212
62	21	12	0.00514	0.01037	1.539e+02	0.057	0.437	GO:0046329
63	49	30	0.00503	0.01007	7.600e+02	0.088	0.494	GO:0048588
64	24	14	0.00468	0.01028	1.959e+02	0.142	0.441	GO:0071514
65	35	19	0.00436	0.01025	4.405e+02	-0.058	0.601	GO:0046134
66	25	14	0.00415	0.0082	2.208e+02	-0.059	0.535	GO:0016575
67	20	14	0.00406	0.00992	1.059e+02	0.051	0.602	GO:0090559
68	24	19	0.00396	0.00589	1.110e+02	0.235	0.473	GO:0014031
69	21	14	0.00394	0.00977	1.269e+02	0.149	0.501	GO:0048665
70	31	17	0.0036	0.00678	3.437e+02	0.029	0.504	GO:0090278
71	31	19	0.00358	0.00543	3.067e+02	0.052	0.47	GO:0043666
72	24	13	0.0034	0.00682	2.098e+02	0.012	0.509	GO:0007492
73	50	33	0.00336	0.00682	7.141e+02	0.184	0.433	GO:0048489
74	41	22	0.00334	0.00969	6.082e+02	0.004	0.495	GO:0050764
75	29	16	0.00306	0.00918	2.997e+02	-0.035	0.423	GO:0000737
76	32	19	0.00298	0.00725	3.387e+02	-0.027	0.666	GO:0032720
77	27	17	0.00295	0.00757	2.258e+02	0.057	0.601	GO:0055007
78	21	10	0.00292	0.00377	1.779e+02	-0.099	0.564	GO:0071312
79	26	16	0.00286	0.00567	2.158e+02	0.125	0.48	GO:0010559
80	25	17	0.00285	0.00647	1.729e+02	0.095	0.526	GO:0060998
81	51	28	0.00278	0.00558	9.195e+02	0.063	0.411	GO:0051952
82	41	26	0.00275	0.00428	5.104e+02	0.076	0.548	GO:0008542
83	27	17	0.00273	0.00818	2.258e+02	0.113	0.396	GO:0051983
84	28	16	0.00272	0.00817	2.708e+02	0.089	0.432	GO:0030032
85	29	18	0.00268	0.0054	2.648e+02	0.082	0.49	GO:0051453
86	30	22	0.00256	0.00767	2.129e+02	0.164	0.46	GO:0048864
87	32	18	0.00249	0.00467	3.576e+02	0.035	0.514	GO:0002792
88	28	18	0.00245	0.0034	2.358e+02	0.094	0.479	GO:0043388
89	33	19	0.00243	0.00565	3.716e+02	0.046	0.483	GO:0042220
90	21	12	0.00243	0.00728	1.539e+02	0.229	0.309	GO:1901099
91	28	15	0.00232	0.00647	2.867e+02	0.007	0.45	GO:0046189
92	39	22	0.0023	0.00426	5.274e+02	0.012	0.493	GO:0030004
93	23	12	0.00226	0.00454	1.988e+02	0.02	0.485	GO:0072525
94	29	17	0.00225	0.00523	2.828e+02	0.103	0.465	GO:0008361
95	32	18	0.0022	0.00552	3.576e+02	-0.041	0.568	GO:0071320
96	49	30	0.00217	0.00652	7.600e+02	0.15	0.417	GO:0045740
97	42	26	0.00216	0.00649	5.524e+02	0.098	0.546	GO:0035051
98	24	13	0.00216	0.00429	2.098e+02	0.004	0.449	GO:0070588
99	36	23	0.00213	0.00438	3.906e+02	0.153	0.42	GO:0003007
100	26	16	0.00209	0.00423	2.158e+02	0.05	0.474	GO:0014910
101	25	16	0.00195	0.0047	1.899e+02	0.202	0.357	GO:0001659
102	20	11	0.00195	0.00586	1.449e+02	0.053	0.457	GO:0051954
103	47	28	0.00192	0.00577	7.220e+02	0.011	0.519	GO:0001776
104	21	13	0.00191	0.00385	1.409e+02	0.111	0.528	GO:0014003
105	26	19	0.00189	0.00568	1.619e+02	0.153	0.524	GO:0042246
106	23	14	0.00184	0.00326	1.719e+02	0.117	0.451	GO:0043030
107	41	24	0.00183	0.0055	5.613e+02	0.016	0.586	GO:0010464
108	56	33	0.0018	0.00495	1.034e+03	0.046	0.496	GO:0045582
109	30	21	0.00179	0.0053	2.348e+02	0.12	0.514	GO:0003156
110	58	32	0.00178	0.00421	1.182e+03	0.038	0.482	GO:0006521
111	41	27	0.00171	0.0024	4.835e+02	0.085	0.538	GO:0001709
112	20	14	0.00169	0.00423	1.059e+02	0.252	0.392	GO:0060291
113	38	24	0.00166	0.00497	4.415e+02	0.083	0.494	GO:0030858
114	26	16	0.0016	0.00321	2.158e+02	0.094	0.539	GO:0034333
115	21	13	0.00159	0.00394	1.409e+02	0.109	0.392	GO:0060412
116	22	12	0.00157	0.00412	1.759e+02	-0.007	0.458	GO:0050856
117	27	15	0.00154	0.00463	2.588e+02	0.044	0.493	GO:0046676
118	34	17	0.00151	0.00452	4.425e+02	-0.077	0.576	GO:0006221
119	42	26	0.0015	0.0045	5.524e+02	0.089	0.458	GO:0031100
120	27	15	0.00149	0.004	2.588e+02	0.106	0.434	GO:0031111
121	28	15	0.00142	0.00425	2.867e+02	0.03	0.402	GO:0046058
122	34	22	0.00138	0.00413	3.427e+02	0.108	0.471	GO:0035176
123	27	17	0.00133	0.00253	2.258e+02	0.044	0.572	GO:0045923
124	35	18	0.00132	0.00397	4.595e+02	-0.074	0.537	GO:0007566
125	22	13	0.00131	0.00275	1.629e+02	0.178	0.299	GO:0000819
126	20	15	0.00126	0.00379	9.096e+01	0.167	0.57	GO:0031102
127	20	11	0.00124	0.0032	1.449e+02	0.096	0.402	GO:0030149
128	26	16	0.00121	0.00364	2.158e+02	0.05	0.429	GO:0002702
129	22	13	0.0012	0.00244	1.629e+02	-0.008	0.454	GO:0010799
130	31	16	0.00116	0.00349	3.606e+02	-0.084	0.598	GO:0009452
131	31	19	0.00116	0.00348	3.067e+02	0.121	0.393	GO:0035116
132	20	11	0.00109	0.00253	1.449e+02	-0.068	0.6	GO:0031640
133	32	17	0.00106	0.00318	3.756e+02	-0.084	0.504	GO:0035601
134	28	15	0.00106	0.00281	2.867e+02	-0.037	0.492	GO:0050854
135	39	20	0.00105	0.00316	5.702e+02	-0.106	0.625	GO:0035690
136	23	13	0.00104	0.00226	1.859e+02	0.118	0.444	GO:0036152
137	22	12	0.00102	0.00206	1.759e+02	0.046	0.547	GO:0018200
138	23	13	0.00102	0.00239	1.859e+02	-0.049	0.507	GO:0007062
139	29	16	0.00102	0.00305	2.997e+02	0.036	0.541	GO:0015988
140	20	11	0.00098	0.00294	1.449e+02	-0.075	0.544	GO:0072676
141	26	14	0.00096	0.00288	2.468e+02	0.023	0.469	GO:0032873
142	21	11	0.00094	0.00282	1.659e+02	-0.017	0.533	GO:0051220
143	28	16	0.00094	0.00188	2.708e+02	0.136	0.363	GO:0055006
144	35	20	0.00093	0.00248	4.205e+02	0.101	0.488	GO:0001942
145	35	19	0.00086	0.00259	4.405e+02	0.091	0.422	GO:0030890
146	26	14	0.00086	0.00258	2.468e+02	-0.037	0.597	GO:0043113
147	29	18	0.00085	0.00214	2.648e+02	0.102	0.371	GO:2000278
148	22	12	0.00083	0.00248	1.759e+02	0.039	0.443	GO:0016338
149	24	14	0.00082	0.00246	1.959e+02	0.057	0.42	GO:0042537
150	26	15	0.00082	0.00152	2.318e+02	0.016	0.54	GO:0033144
151	22	13	0.00081	0.00228	1.629e+02	0.065	0.54	GO:0043567
152	50	28	0.0008	0.00241	8.687e+02	0.038	0.549	GO:0006885
153	28	18	0.0008	0.00241	2.358e+02	0.198	0.376	GO:0060674
154	75	41	0.0008	0.0024	1.985e+03	0.091	0.433	GO:0006892
155	22	12	0.0008	0.0024	1.759e+02	0.037	0.506	GO:2000401
156	24	14	0.00079	0.00236	1.959e+02	-0.021	0.494	GO:0050918
157	21	11	0.00077	0.00154	1.659e+02	0.002	0.487	GO:0032715
158	21	11	0.00077	0.00194	1.659e+02	0.018	0.41	GO:0032925
159	24	13	0.00076	0.00185	2.098e+02	0.037	0.5	GO:0007194
160	25	14	0.00075	0.00224	2.208e+02	0.06	0.355	GO:0042311
161	60	35	0.00074	0.00222	1.199e+03	0.186	0.327	GO:0055001
162	40	22	0.00072	0.00216	5.673e+02	0.083	0.411	GO:0032890
163	23	13	0.0007	0.0021	1.859e+02	0.05	0.467	GO:0006662
164	41	21	0.00068	0.00205	6.301e+02	-0.067	0.497	GO:0019748
165	95	56	0.00067	0.00202	2.957e+03	0.084	0.461	GO:0006898
166	20	9	0.00063	0.0019	1.679e+02	-0.062	0.498	GO:0045648
167	27	15	0.00062	0.00186	2.588e+02	0.092	0.481	GO:0001960
168	27	13	0.00061	0.00184	2.887e+02	0.023	0.467	GO:0030449
169	22	11	0.00058	0.00175	1.879e+02	-0.088	0.51	GO:0019933
170	41	22	0.00058	0.00133	6.082e+02	0.041	0.385	GO:0048661
171	22	11	0.00057	0.0017	1.879e+02	0.011	0.392	GO:0030511
172	26	15	0.00054	0.00161	2.318e+02	0.002	0.608	GO:0046132
173	31	17	0.00053	0.00158	3.437e+02	0.086	0.468	GO:0060761
174	21	12	0.00052	0.00156	1.539e+02	0.075	0.455	GO:0045446
175	23	11	0.0005	0.00149	2.118e+02	-0.017	0.401	GO:0000083
176	21	12	0.00049	0.00122	1.539e+02	0.056	0.398	GO:0015844
177	24	13	0.00048	0.00144	2.098e+02	0.038	0.44	GO:0051385
178	24	13	0.00047	0.00142	2.098e+02	0.017	0.462	GO:0051568
179	24	13	0.00046	0.00137	2.098e+02	0.029	0.467	GO:0018904
180	24	13	0.00046	0.00137	2.098e+02	0.094	0.438	GO:0035329
181	40	25	0.00045	0.001	4.955e+02	0.167	0.46	GO:0055010
182	24	14	0.00044	0.00075	1.959e+02	0.106	0.418	GO:1901989
183	23	11	0.00044	0.00132	2.118e+02	-0.121	0.667	GO:0009148
184	22	14	0.00044	0.00107	1.489e+02	0.18	0.405	GO:0051293
185	21	10	0.00044	0.00131	1.779e+02	-0.141	0.683	GO:0031670
186	26	15	0.00042	0.00127	2.318e+02	0.024	0.457	GO:0009954
187	42	21	0.0004	0.00121	6.720e+02	-0.079	0.492	GO:0002718
188	30	16	0.00037	0.0011	3.297e+02	0.003	0.572	GO:0048265
189	27	16	0.00036	0.00088	2.428e+02	0.116	0.48	GO:1903018
190	23	13	0.00036	0.00107	1.859e+02	0.043	0.482	GO:0003254
191	28	14	0.00035	0.00083	3.017e+02	-0.061	0.52	GO:0009072
192	21	13	0.00033	0.001	1.409e+02	0.146	0.499	GO:0046320
193	23	14	0.00033	0.00098	1.719e+02	0.028	0.546	GO:0090207
194	27	15	0.00032	0.00097	2.588e+02	-0.014	0.608	GO:0009220
195	23	14	0.0003	0.00091	1.719e+02	-0.041	0.607	GO:0034605
196	28	14	0.0003	0.00086	3.017e+02	-0.028	0.594	GO:0002312
197	58	33	0.0003	0.0009	1.149e+03	0.045	0.487	GO:0045744
198	31	17	0.0003	0.00089	3.437e+02	-0.047	0.63	GO:0045103
199	30	12	0.0003	0.00089	3.995e+02	-0.135	0.475	GO:0071333
200	31	18	0.00029	0.00088	3.257e+02	0.088	0.468	GO:0010977
201	29	16	0.00028	0.00084	2.997e+02	-0.008	0.596	GO:0009218
202	23	11	0.00027	0.0008	2.118e+02	-0.058	0.617	GO:0032689
203	30	16	0.00026	0.00054	3.297e+02	0.065	0.416	GO:0060135
204	29	16	0.00026	0.00053	2.997e+02	-0.037	0.499	GO:0043491
205	47	24	0.00025	0.00074	8.277e+02	-0.056	0.494	GO:0005977
206	21	11	0.00025	0.00074	1.659e+02	0.02	0.426	GO:0045453
207	27	14	0.00024	0.00071	2.737e+02	-0.057	0.563	GO:0010508
208	28	14	0.00023	0.0007	3.017e+02	-0.114	0.612	GO:2001244
209	36	19	0.00023	0.00068	4.764e+02	-0.086	0.518	GO:0043473
210	23	10	0.00023	0.00068	2.258e+02	-0.129	0.544	GO:1900449
211	21	10	0.00022	0.00067	1.779e+02	-0.07	0.532	GO:0043299
212	36	18	0.00022	0.00045	4.954e+02	-0.092	0.579	GO:0007339
213	29	13	0.00021	0.00064	3.486e+02	-0.096	0.581	GO:0060043
214	23	14	0.00021	0.00062	1.719e+02	0.123	0.418	GO:1901992
215	41	21	0.0002	0.00044	6.301e+02	-0.091	0.514	GO:0034968
216	51	27	0.0002	0.0006	9.474e+02	0.006	0.51	GO:0001508
217	33	17	0.0002	0.0006	4.085e+02	-0.053	0.512	GO:0009620
218	24	13	0.00019	0.00058	2.098e+02	0.039	0.5	GO:0003279
219	53	27	0.00019	0.00056	1.052e+03	-0.034	0.566	GO:0006213
220	31	17	0.00018	0.00055	3.437e+02	-0.031	0.465	GO:0030501
221	20	10	0.00018	0.00054	1.559e+02	-0.082	0.706	GO:0009208
222	21	9	0.00018	0.00054	1.908e+02	-0.082	0.47	GO:0036230
223	27	15	0.00018	0.00053	2.588e+02	0.037	0.371	GO:0046209
224	30	19	0.00017	0.00052	2.758e+02	0.135	0.544	GO:0030513
225	33	13	0.00016	0.00049	4.863e+02	-0.111	0.66	GO:0051963
226	34	17	0.00016	0.00045	4.425e+02	-0.039	0.437	GO:0006695
227	23	14	0.00016	0.00047	1.719e+02	0.149	0.358	GO:0034405
228	34	20	0.00015	0.00044	3.856e+02	0.158	0.348	GO:0010812
229	20	11	0.00014	0.00043	1.449e+02	-0.052	0.614	GO:0030879
230	26	12	0.00014	0.00042	2.757e+02	0.106	0.361	GO:0044060
231	22	10	0.00012	0.00037	2.008e+02	-0.133	0.615	GO:0033344
232	22	12	0.00012	0.00037	1.759e+02	0.111	0.316	GO:0042417
233	32	19	0.00012	0.00035	3.387e+02	0.063	0.514	GO:0040018
234	54	32	0.00011	0.00032	9.565e+02	0.096	0.474	GO:0000186
235	66	35	0.00011	0.00032	1.579e+03	0.004	0.518	GO:0055067
236	20	12	0.0001	0.00029	1.329e+02	0.145	0.456	GO:0009268
237	111	64	0.0001	0.00029	4.124e+03	0.118	0.408	GO:0045787
238	42	21	9e-05	0.00028	6.720e+02	-0.11	0.562	GO:0032663
239	20	8	9e-05	0.00028	1.808e+02	-0.162	0.551	GO:0050892
240	72	36	8e-05	0.00025	1.958e+03	-0.005	0.432	GO:0051437
241	46	23	8e-05	0.00025	8.047e+02	-0.045	0.626	GO:0097306
242	20	11	8e-05	0.00024	1.449e+02	0.133	0.367	GO:0010714
243	47	28	8e-05	0.00023	7.220e+02	0.017	0.514	GO:0051146
244	20	9	7e-05	0.0002	1.679e+02	-0.021	0.355	GO:0019724
245	26	15	6e-05	0.00019	2.318e+02	0.015	0.473	GO:0021955
246	35	17	6e-05	0.00018	4.784e+02	-0.026	0.507	GO:0006284
247	39	23	6e-05	0.00014	5.044e+02	0.079	0.485	GO:0060079
248	27	16	6e-05	0.00017	2.428e+02	0.012	0.568	GO:0006775
249	34	23	4e-05	0.00013	3.197e+02	0.185	0.419	GO:0001569
250	31	13	4e-05	0.00011	4.145e+02	-0.078	0.487	GO:0030073
251	21	12	3e-05	0.0001	1.539e+02	0.094	0.448	GO:0046466
252	22	10	3e-05	0.0001	2.008e+02	0.008	0.4	GO:0060612
253	27	15	3e-05	8e-05	2.588e+02	-0.015	0.563	GO:0060740
254	31	15	2e-05	7e-05	3.776e+02	-0.006	0.515	GO:0070192
255	22	10	2e-05	6e-05	2.008e+02	-0.068	0.493	GO:0006297
256	31	17	1e-05	2e-05	3.437e+02	0.067	0.502	GO:0051445
257	21	10	0.0	1e-05	1.779e+02	-0.073	0.593	GO:0008045
258	24	13	0.0	1e-05	2.098e+02	0.006	0.469	GO:0050922
259	26	14	0.0	1e-05	2.468e+02	-0.021	0.49	GO:0051602