Creation Time:	2023-01-11 15:47:21

INPUT:
File name:	crfe_v019_b1.py
Annotations file:	/Users/JasonJia/Desktop/CRFE/Xinglin_insilico/data/human4/human_anno.txt
Gene file:	/Users/JasonJia/Desktop/CRFE/Xinglin_insilico/data/human4/human0.4_0.25_2_5_seed_2.txt
lower limit annotations/process:	20
upper limit annotations/process:	200
k (number of perturbed categories):	0 (i.e., each perturbed gene in its own category)
threshold:	0
threshold type:	levels
belief:	1.0
Method:	MCMC with parameter learning with an empty set as initial set
repeats:	10
burnin steps:	10000
MCMC steps:	20000
Maximal value for alpha and beta:	0.5
Maximal possible value for alpha and beta:	0.5
Probability parameter change:	0.2
seed for RNG:	933477966

Initial set of processes:
Empty set

INPUT ANALYSIS:
Total number of processes:	2291
Total number of genes:	11704
Number of perturbed genes:	4711
Proportion perturbed genes:	0.40251196172248804

OUTPUT:
Learnt parameters:
alpha (FPR):	0.4
beta (FNR):	0.275
q (penalization parameter):	0.001 (fixed)


Best log-likelihood value (mean +- standard deviation across replicates):	-7873.512470241893 +- 1.7757132927835302

Order	#(Annotations)	#(Annotations of perturbed genes)	Mean Posterior Probability	Standard Deviation Posterior Probability	p-value	Average Expression Level	Average position perturbed genes	Term Name
1	66	48	1.0	0.0	1.035e+03	0.213	0.445	GO:0007043
2	40	29	0.85591	0.12318	3.857e+02	0.272	0.39	GO:0006383
3	58	44	0.82673	0.30162	7.213e+02	0.229	0.48	GO:0010955
4	20	17	0.67419	0.2438	5.798e+01	0.388	0.406	GO:0030902
5	21	15	0.10687	0.09723	1.119e+02	0.101	0.586	GO:0009084
6	161	94	0.08828	0.21835	8.539e+03	0.072	0.459	GO:0070613
7	26	18	0.04627	0.07448	1.809e+02	0.091	0.615	GO:0006298
8	42	31	0.0444	0.11519	4.077e+02	0.195	0.499	GO:0045861
9	30	19	0.0348	0.04217	2.758e+02	0.082	0.534	GO:0046632
10	25	16	0.02042	0.04157	1.899e+02	0.143	0.456	GO:0030206
11	23	16	0.015	0.02333	1.409e+02	0.16	0.49	GO:0045930
12	27	17	0.01269	0.03623	2.258e+02	0.088	0.515	GO:0034446
13	21	14	0.00969	0.0154	1.269e+02	0.07	0.563	GO:0014003
14	32	21	0.00949	0.021	2.978e+02	0.114	0.461	GO:0045931
15	26	16	0.00754	0.01267	2.158e+02	0.014	0.594	GO:0006904
16	44	25	0.00666	0.01996	6.651e+02	-0.021	0.522	GO:1903310
17	26	16	0.00615	0.01421	2.158e+02	0.165	0.419	GO:0009954
18	22	13	0.00606	0.01286	1.629e+02	0.044	0.514	GO:0035412
19	34	20	0.00527	0.00744	3.856e+02	0.119	0.404	GO:0034121
20	29	16	0.00369	0.01109	2.997e+02	0.049	0.497	GO:0014014
21	30	19	0.00344	0.01034	2.758e+02	0.212	0.392	GO:0018149
22	23	13	0.00334	0.00956	1.859e+02	-0.077	0.655	GO:0009148
23	35	21	0.00293	0.0074	3.996e+02	0.138	0.491	GO:0043044
24	30	17	0.00278	0.00834	3.127e+02	0.093	0.442	GO:0071827
25	43	24	0.00267	0.00801	6.462e+02	-0.023	0.505	GO:0031058
26	24	14	0.00266	0.00496	1.959e+02	0.021	0.531	GO:0014072
27	27	17	0.0026	0.00686	2.258e+02	0.049	0.534	GO:0030449
28	46	26	0.00258	0.00653	7.300e+02	-0.004	0.551	GO:0042531
29	22	12	0.00256	0.00768	1.759e+02	0.083	0.43	GO:0060612
30	24	14	0.00249	0.0065	1.959e+02	0.061	0.488	GO:0001892
31	38	22	0.00241	0.00411	4.885e+02	0.037	0.431	GO:1901800
32	36	21	0.00229	0.00687	4.355e+02	-0.003	0.601	GO:0022406
33	23	14	0.00228	0.00541	1.719e+02	0.038	0.629	GO:0045214
34	26	16	0.00216	0.00398	2.158e+02	0.096	0.529	GO:0044060
35	25	14	0.00213	0.0048	2.208e+02	-0.026	0.626	GO:0060330
36	25	13	0.00212	0.00426	2.348e+02	0.023	0.476	GO:0071353
37	26	16	0.00204	0.00497	2.158e+02	0.015	0.561	GO:0030166
38	21	13	0.00197	0.00403	1.409e+02	0.122	0.479	GO:0045823
39	34	20	0.00196	0.00393	3.856e+02	0.093	0.491	GO:0035019
40	22	12	0.00177	0.00503	1.759e+02	0.151	0.218	GO:0032728
41	34	19	0.00174	0.0048	4.056e+02	0.04	0.435	GO:0006695
42	29	16	0.00172	0.00365	2.997e+02	0.128	0.431	GO:0043486
43	53	27	0.00167	0.00501	1.052e+03	-0.038	0.551	GO:0042509
44	25	13	0.00165	0.0044	2.348e+02	0.035	0.449	GO:0036151
45	40	24	0.00159	0.00366	5.204e+02	0.07	0.47	GO:0006953
46	25	14	0.00158	0.00434	2.208e+02	0.122	0.473	GO:0040036
47	22	13	0.0015	0.00391	1.629e+02	0.046	0.516	GO:0045686
48	40	23	0.00147	0.00441	5.444e+02	0.056	0.53	GO:0055010
49	36	20	0.00145	0.00435	4.565e+02	-0.014	0.449	GO:0048024
50	31	18	0.00138	0.00414	3.257e+02	0.097	0.458	GO:0071825
51	23	13	0.00137	0.00411	1.859e+02	0.134	0.321	GO:0009595
52	31	18	0.00135	0.00405	3.257e+02	0.107	0.561	GO:0051004
53	29	17	0.00128	0.00385	2.828e+02	0.014	0.566	GO:0048278
54	24	12	0.00124	0.00373	2.228e+02	-0.071	0.502	GO:0051568
55	28	16	0.00111	0.00332	2.708e+02	0.101	0.38	GO:0010453
56	28	15	0.0011	0.00328	2.867e+02	0.051	0.501	GO:0043551
57	25	14	0.00103	0.00307	2.208e+02	0.004	0.44	GO:0031057
58	86	49	0.00093	0.00199	2.511e+03	0.044	0.495	GO:0030217
59	21	12	0.00092	0.00277	1.539e+02	-0.018	0.643	GO:0071312
60	32	19	0.0009	0.0024	3.387e+02	0.01	0.584	GO:0030101
61	20	12	0.00084	0.00254	1.329e+02	0.068	0.577	GO:0045577
62	39	23	0.00084	0.00253	5.044e+02	0.14	0.41	GO:0048806
63	29	15	0.00084	0.00252	3.157e+02	0.081	0.362	GO:0042304
64	24	12	0.00082	0.00169	2.228e+02	-0.079	0.594	GO:0042537
65	29	17	0.00081	0.00243	2.828e+02	0.038	0.485	GO:2000179
66	27	16	0.00079	0.00158	2.428e+02	-0.022	0.603	GO:0009147
67	35	18	0.00074	0.0022	4.595e+02	-0.014	0.532	GO:0002762
68	22	11	0.00072	0.00181	1.879e+02	0.007	0.516	GO:1901532
69	41	19	0.00069	0.00159	6.750e+02	-0.076	0.46	GO:0048168
70	38	19	0.00068	0.00206	5.513e+02	-0.057	0.55	GO:0030049
71	25	14	0.00068	0.00204	2.208e+02	0.059	0.519	GO:0060444
72	22	11	0.00068	0.00202	1.879e+02	0.05	0.378	GO:0006509
73	62	36	0.00068	0.00202	1.286e+03	0.035	0.542	GO:0009953
74	22	12	0.00068	0.00202	1.759e+02	0.099	0.306	GO:0048048
75	26	15	0.00065	0.00154	2.318e+02	0.056	0.527	GO:0045806
76	23	12	0.00064	0.0014	1.988e+02	-0.039	0.604	GO:0048713
77	22	12	0.00062	0.00187	1.759e+02	-0.032	0.577	GO:0006829
78	21	12	0.00062	0.00123	1.539e+02	0.003	0.523	GO:0035710
79	20	11	0.00062	0.00129	1.449e+02	0.054	0.387	GO:2000108
80	35	19	0.0006	0.00154	4.405e+02	-0.005	0.501	GO:0002637
81	23	12	0.00058	0.00173	1.988e+02	-0.046	0.56	GO:0043030
82	31	14	0.00056	0.00166	3.955e+02	-0.101	0.498	GO:0010977
83	39	20	0.0005	0.00151	5.703e+02	-0.01	0.524	GO:0060402
84	29	15	0.0005	0.0015	3.157e+02	-0.002	0.554	GO:0051496
85	24	13	0.0005	0.00149	2.098e+02	-0.033	0.611	GO:0060334
86	28	15	0.0005	0.00149	2.867e+02	0.115	0.417	GO:2000242
87	23	13	0.00049	0.00133	1.859e+02	0.079	0.466	GO:0034367
88	58	31	0.00048	0.00142	1.214e+03	0.047	0.481	GO:0050715
89	33	18	0.00047	0.00106	3.906e+02	-0.044	0.591	GO:0007131
90	21	11	0.00047	0.00141	1.659e+02	0.142	0.291	GO:0050704
91	20	9	0.00046	0.0014	1.679e+02	-0.11	0.525	GO:0072676
92	44	24	0.00046	0.00138	6.901e+02	-0.019	0.536	GO:0000018
93	32	15	0.00043	0.0013	4.105e+02	0.027	0.447	GO:0097194
94	34	20	0.00042	0.00128	3.856e+02	0.073	0.47	GO:0051865
95	56	30	0.00042	0.00126	1.130e+03	0.057	0.436	GO:0042632
96	85	45	0.00041	0.00123	2.614e+03	-0.071	0.515	GO:1903308
97	23	12	0.00039	0.00117	1.988e+02	0.013	0.544	GO:0061515
98	50	28	0.00038	0.00116	8.687e+02	0.038	0.525	GO:2000177
99	111	61	0.00038	0.00112	4.312e+03	0.009	0.495	GO:0045787
100	24	12	0.00038	0.00112	2.228e+02	-0.019	0.537	GO:0060397
101	31	16	0.00036	0.0011	3.606e+02	-0.066	0.518	GO:0051057
102	29	16	0.00036	0.00107	2.997e+02	-0.044	0.64	GO:0001954
103	22	12	0.00035	0.00105	1.759e+02	0.052	0.555	GO:0015985
104	24	10	0.00033	0.00099	2.518e+02	-0.271	0.589	GO:0071514
105	23	10	0.00032	0.00096	2.258e+02	-0.108	0.484	GO:0051180
106	23	11	0.00031	0.00093	2.118e+02	-0.09	0.431	GO:0007062
107	41	21	0.0003	0.00082	6.301e+02	0.006	0.483	GO:0050709
108	20	9	0.0003	0.0009	1.679e+02	-0.092	0.442	GO:0060479
109	21	10	0.0003	0.0009	1.779e+02	0.002	0.389	GO:2000351
110	22	10	0.00029	0.00087	2.008e+02	-0.065	0.538	GO:0034698
111	21	11	0.00028	0.00067	1.659e+02	-0.12	0.663	GO:0009651
112	28	16	0.00027	0.00082	2.708e+02	0.048	0.479	GO:0045739
113	26	13	0.00026	0.00078	2.608e+02	0.093	0.339	GO:0002088
114	30	17	0.00026	0.00078	3.127e+02	0.022	0.523	GO:0022400
115	39	21	0.00026	0.00056	5.493e+02	0.076	0.375	GO:0032104
116	21	10	0.00026	0.00053	1.779e+02	-0.062	0.462	GO:0035088
117	24	13	0.00025	0.00067	2.098e+02	0.112	0.46	GO:0003279
118	24	10	0.00025	0.0005	2.518e+02	-0.131	0.529	GO:0032228
119	23	10	0.00025	0.00075	2.258e+02	-0.12	0.466	GO:0042755
120	23	13	0.00025	0.00075	1.859e+02	-0.043	0.55	GO:0072595
121	23	12	0.00024	0.00074	1.988e+02	0.004	0.525	GO:1900449
122	20	10	0.00024	0.0006	1.559e+02	-0.008	0.581	GO:0046949
123	32	18	0.00024	0.00072	3.576e+02	0.117	0.448	GO:0000578
124	27	14	0.00024	0.00072	2.738e+02	-0.001	0.453	GO:0010470
125	28	14	0.00024	0.00072	3.017e+02	-0.072	0.44	GO:1903309
126	26	14	0.00024	0.0007	2.468e+02	0.093	0.519	GO:0090218
127	26	11	0.00022	0.00068	2.917e+02	-0.171	0.623	GO:0055013
128	21	8	0.00022	0.00068	2.048e+02	-0.112	0.507	GO:1901099
129	20	10	0.00022	0.00066	1.559e+02	-0.142	0.644	GO:0009208
130	37	17	0.00022	0.00064	5.543e+02	-0.08	0.488	GO:0018210
131	30	15	0.00022	0.00064	3.456e+02	0.032	0.463	GO:0043331
132	20	9	0.00021	0.00063	1.679e+02	-0.042	0.552	GO:0046461
133	20	9	0.00021	0.00063	1.679e+02	-0.08	0.546	GO:2000779
134	23	14	0.00021	0.00061	1.719e+02	0.068	0.49	GO:0002026
135	39	18	0.0002	0.0006	6.131e+02	0.073	0.393	GO:0060420
136	21	10	0.0002	0.00058	1.779e+02	-0.058	0.501	GO:0000272
137	28	14	0.0002	0.00058	3.017e+02	0.025	0.523	GO:0032845
138	21	10	0.00019	0.00057	1.779e+02	-0.032	0.519	GO:0000718
139	24	10	0.00018	0.00054	2.518e+02	-0.206	0.61	GO:0006261
140	30	12	0.00018	0.00054	3.995e+02	-0.107	0.519	GO:0018410
141	25	13	0.00018	0.00054	2.348e+02	0.069	0.435	GO:0031055
142	33	15	0.00018	0.00054	4.455e+02	0.086	0.224	GO:0032648
143	63	30	0.00018	0.00054	1.553e+03	-0.072	0.465	GO:0043484
144	34	17	0.00018	0.00054	4.425e+02	-0.044	0.576	GO:0046580
145	62	31	0.00017	0.00051	1.455e+03	-0.076	0.608	GO:0009142
146	28	14	0.00017	0.0004	3.017e+02	-0.11	0.549	GO:0043470
147	28	15	0.00016	0.0005	2.867e+02	-0.064	0.517	GO:0046579
148	56	30	0.00016	0.00048	1.130e+03	0.055	0.503	GO:0016266
149	39	20	0.00016	0.00048	5.703e+02	-0.002	0.418	GO:0051017
150	35	17	0.00016	0.00046	4.784e+02	0.048	0.393	GO:0042752
151	23	12	0.00016	0.00047	1.988e+02	-0.133	0.549	GO:1901661
152	28	13	0.00015	0.00045	3.177e+02	0.018	0.447	GO:0006309
153	23	14	0.00014	0.00042	1.719e+02	0.046	0.531	GO:0043278
154	23	9	0.00014	0.00042	2.408e+02	-0.165	0.538	GO:0044062
155	36	21	0.00014	0.00042	4.355e+02	0.026	0.547	GO:0046631
156	32	17	0.00014	0.00028	3.756e+02	0.055	0.473	GO:0009948
157	36	21	0.00014	0.0004	4.355e+02	0.053	0.431	GO:0032436
158	33	17	0.00014	0.0004	4.086e+02	0.063	0.468	GO:0043550
159	25	12	0.00014	0.0004	2.488e+02	-0.066	0.462	GO:0048169
160	43	19	0.00012	0.00038	7.648e+02	-0.029	0.557	GO:0008015
161	34	19	0.00012	0.00038	4.056e+02	-0.006	0.526	GO:0009101
162	104	58	0.00012	0.00038	3.739e+03	0.085	0.462	GO:0090316
163	41	20	0.00012	0.00036	6.521e+02	-0.018	0.502	GO:0008593
164	21	9	0.00012	0.00036	1.908e+02	-0.05	0.371	GO:0046173
165	23	10	0.00012	0.00036	2.258e+02	-0.06	0.635	GO:0090207
166	22	10	0.00012	0.00034	2.008e+02	-0.052	0.445	GO:0061337
167	20	8	0.00011	0.00033	1.808e+02	-0.125	0.475	GO:0002262
168	31	16	0.00011	0.00033	3.606e+02	-0.12	0.574	GO:0035065
169	46	23	0.00011	0.00033	8.048e+02	-0.116	0.571	GO:0046324
170	33	17	0.0001	0.00032	4.086e+02	-0.019	0.579	GO:0032233
171	82	44	0.0001	0.00032	2.408e+03	0.014	0.517	GO:0071158
172	33	16	0.0001	0.00032	4.265e+02	-0.132	0.574	GO:2000756
173	22	11	0.0001	0.0003	1.879e+02	-0.117	0.618	GO:0001702
174	22	10	0.0001	0.0003	2.008e+02	-0.01	0.381	GO:0016338
175	141	72	0.0001	0.0003	7.351e+03	-0.02	0.512	GO:0030098
176	22	11	0.0001	0.0003	1.879e+02	-0.038	0.488	GO:0030201
177	40	20	0.0001	0.0003	6.102e+02	-0.034	0.524	GO:0060401
178	20	9	0.0001	0.0003	1.679e+02	0.015	0.258	GO:0072337
179	88	41	0.0001	0.00028	3.059e+03	-0.075	0.52	GO:0001959
180	20	10	0.0001	0.00028	1.559e+02	0.019	0.478	GO:0051954
181	23	12	9e-05	0.00027	1.988e+02	0.034	0.521	GO:0032369
182	23	11	8e-05	0.00025	2.118e+02	-0.038	0.506	GO:0034605
183	52	27	8e-05	0.00025	9.993e+02	0.051	0.436	GO:0060688
184	25	9	8e-05	0.00024	2.967e+02	-0.288	0.716	GO:0031952
185	21	8	8e-05	0.00024	2.048e+02	-0.249	0.569	GO:0048665
186	69	37	8e-05	0.00024	1.709e+03	-0.001	0.529	GO:0072395
187	37	18	8e-05	0.00023	5.333e+02	0.047	0.419	GO:0001974
188	22	10	8e-05	0.00023	2.008e+02	-0.13	0.592	GO:0006297
189	117	58	8e-05	0.00023	5.174e+03	-0.047	0.487	GO:0048666
190	29	13	7e-05	0.00021	3.486e+02	0.055	0.333	GO:0001838
191	21	9	7e-05	0.00021	1.908e+02	-0.011	0.346	GO:0002720
192	25	12	7e-05	0.00021	2.488e+02	-0.136	0.567	GO:0009065
193	21	8	7e-05	0.00021	2.048e+02	-0.132	0.581	GO:0045616
194	20	8	7e-05	0.00021	1.808e+02	-0.102	0.428	GO:0045851
195	28	15	7e-05	0.00021	2.867e+02	0.108	0.465	GO:2001238
196	57	27	6e-05	0.0002	1.277e+03	-0.105	0.614	GO:0009201
197	23	8	6e-05	0.0002	2.567e+02	-0.117	0.491	GO:0010574
198	34	13	6e-05	0.0002	5.243e+02	-0.129	0.553	GO:0014015
199	61	33	6e-05	0.0002	1.329e+03	0.009	0.466	GO:0032434
200	26	15	6e-05	0.0002	2.318e+02	0.087	0.49	GO:0050869
201	32	14	6e-05	0.00018	4.295e+02	-0.147	0.586	GO:0051489
202	32	14	6e-05	0.00017	4.295e+02	0.038	0.347	GO:0032414
203	22	12	6e-05	0.00017	1.759e+02	0.053	0.418	GO:0060071
204	22	12	6e-05	0.00017	1.759e+02	0.17	0.355	GO:0060765
205	20	10	5e-05	0.00015	1.559e+02	-0.044	0.437	GO:0000381
206	36	18	5e-05	0.00015	4.954e+02	0.009	0.375	GO:0006584
207	22	13	5e-05	0.00015	1.629e+02	0.026	0.524	GO:0006906
208	64	32	4e-05	0.00013	1.550e+03	-0.01	0.534	GO:0007586
209	34	17	4e-05	0.00013	4.425e+02	0.01	0.509	GO:0008154
210	117	63	4e-05	0.00013	4.871e+03	-0.02	0.493	GO:0033044
211	94	44	4e-05	0.00013	3.477e+03	-0.07	0.517	GO:0045471
212	29	16	4e-05	0.00013	2.997e+02	0.106	0.451	GO:0045777
213	26	11	4e-05	0.00012	2.917e+02	-0.041	0.37	GO:0002702
214	24	11	4e-05	0.00012	2.368e+02	-0.188	0.593	GO:0009190
215	35	16	4e-05	0.00012	4.984e+02	-0.102	0.508	GO:0022616
216	22	11	4e-05	0.00012	1.879e+02	0.074	0.468	GO:0060314
217	33	15	3e-05	0.0001	4.455e+02	-0.043	0.431	GO:0002753
218	22	10	3e-05	0.0001	2.008e+02	-0.111	0.659	GO:0048873
219	20	6	3e-05	9e-05	2.098e+02	-0.151	0.434	GO:0001782
220	30	12	3e-05	9e-05	3.995e+02	-0.046	0.416	GO:0032856
221	38	19	3e-05	9e-05	5.513e+02	0.031	0.422	GO:0043392
222	21	12	2e-05	7e-05	1.539e+02	-0.043	0.593	GO:0006110
223	28	15	2e-05	8e-05	2.867e+02	-0.071	0.64	GO:0043114
224	22	10	2e-05	8e-05	2.008e+02	0.074	0.259	GO:0090103
225	25	11	2e-05	6e-05	2.637e+02	-0.087	0.438	GO:0006378
226	22	11	2e-05	6e-05	1.879e+02	0.026	0.505	GO:0018200
227	21	9	2e-05	6e-05	1.908e+02	-0.061	0.395	GO:0050820
228	23	11	1e-05	4e-05	2.118e+02	-0.04	0.65	GO:0050927
229	67	35	1e-05	3e-05	1.646e+03	-0.013	0.526	GO:0006977
230	20	6	1e-05	3e-05	2.098e+02	-0.23	0.509	GO:0030879
231	38	15	0.0	1e-05	6.410e+02	-0.159	0.636	GO:0007595
232	29	15	0.0	1e-05	3.157e+02	0.012	0.539	GO:0016331
233	35	14	0.0	1e-05	5.412e+02	-0.176	0.51	GO:0017144
234	25	9	0.0	1e-05	2.967e+02	-0.129	0.491	GO:0046006
235	26	12	0.0	1e-05	2.757e+02	-0.077	0.547	GO:0046503
236	24	11	0.0	1e-05	2.368e+02	0.005	0.514	GO:0055090