284119
6909
10398
79026
10979
6237
306
2869
8692
7869
7466
6711
91851
8613
9079
23710
11217
1465
8727
11346
8910
2273
857
1410
5175
8639
3384
858
9444
4739
1808
154
6867
7048
3039
3040
2719
5420
10266
2264
8676
7010
667
847
8395
2022
9353
2776
6709
8839
2078
2037
3910
1028
6649
7102
140609
9413
4134
3241
3043
3831
79987
23266
9844
7123
947
9806
4239
7450
6943
3983
53405
4008
284
4628
5627
2034
23037
2624
9693
6387
9638
25932
90627
2621
9770
54861
118
11142
10395
2167
2023
3133
5549
3692
2767
8417
7414
3939
976
8425
177
2995
11170
25937
10516
5348
23294
1003
687
9647
3791
4205
51763
5797
7846
23499
3399
2040
9445
29970
4638
5048
5590
9467
361
7056
11099
2268
94
7049
9771
710
5516
166
3777
7134
4855
1012
51100
23371
57178
8404
10174
7078
762
23150
4005
9470
4881
3908
3316
5319
6103
10268
22908
6196
2313
3459
226
5583
10203
2791
26994
23254
11168
23673
1843
1675
7402
2202
2192
7094
5087
6397
9208
51042
6886
57658
5376
5962
23231
2908
7026
9411
6560
7122
3764
387
4781
10670
10653
9341
23214
4023
599
2308
1464
10403
10938
7979
22899
7148
5159
4296
10014
7075
10645
5730
2295
4921
7994
896
7133
9618
5187
830
8503
10897
6696
5787
66008
3856
4311
7433
5739
11315
5414
5745
10209
6403
1910
826
6275
388
22918
5349
10272
3730
4664
3572
2118
1948
3575
2014
9124
975
9551
2309
22885
23645
8668
23637
5894
51421
2277
3615
9068
2263
23122
9414
10019
8796
2771
3554
1112
1901
3708
5764
6386
2819
1611
10970
5034
1490
4091
3898
5870
3638
4478
10630
1674
3490
23348
311
11187
1364
10360
2697
5058
2281
571
1020
57104
9061
2597
3959
23299
8905
6249
23604
1909
6595
10608
3398
8943
4898
2191
9459
3460
5310
6050
6256
27347
11188
1213
5690
3727
5603
10628
4779
1612
1803
6505
6441
6804
6175
54453
23336
7186
863
6590
89927
760
8848
175
10605
5546
4092
5692
78987
27089
9322
6223
23420
408050
1947
9314
8516
8818
9601
1300
3400
25793
7818
27429
10425
10330
11221
8612
4692
11186
9046
7041
11193
6532
5155
23051
8742
2120
2237
23564
5910
9088
8517
730
1186
10863
10252
6187
8314
8743
2810
6304
11313
23327
6659
23367
7431
6748
3563
84271
2316
7284
4211
7528
2107
6499
10529
8703
23369
5770
2146
3487
4833
3251
7158
6722
7076
6777
4486
5423
1441
5196
1636
7355
10610
2629
4869
10498
8522
3486
10972
10629
999
65108
6768
3309
4212
217
7356
1736
4192
8260
3065
26524
2145
79602
23272
1831
5315
1727
4072
9555
16
1397
9536
2534
51552
6404
4830
10267
5531
5230
6910
5655
2171
1108
5725
5311
2589
2747
81565
92856
4801
1051
9231
1845
8490
1281
26003
2678
3577
9887
8799
6597
27242
23405
8724
6844
10616
7376
2101
3329
2152
1066
1365
2617
9871
6015
5934
6009
3655
894
1143
92086
4653
5914
23042
9267
1305
10295
2067
5306
23345
5917
5753
10957
23118
6744
5468
6509
9641
7083
10084
4839
9276
3608
23321
9535
6491
991
7422
8991
1104
6652
11335
2059
5937
7058
2288
6732
23277
3313
3654
6653
4001
8738
23020
3832
1264
23032
23224
871
10212
10563
7416
3628
8892
7167
3005
2057
2801
4234
6238
10131
9173
6637
3661
7203
3336
4282
11034
103910
10618
5226
7070
9232
8507
1284
1361
898
4841
26578
10549
6176
6016
3202
4360
11007
5834
27044
7832
6717
5325
9391
6495
54205
10497
1356
1639
5211
1290
4288
634
580
6790
3949
9787
11319
8662
6363
1266
11260
9500
6120
1396
2159
10538
8685
1063
5789
6944
10130
6396
10959
6446
6046
3611
983
8772
51304
5704
1937
1316
7188
8698
328
834
9580
934
23522
5980
51196
4318
23225
25928
81
3945
1871
5425
3875
57498
1605
4681
6626
5269
2537
80308
10615
11130
6147
7022
5591
3915
5693
23429
381
7704
2782
2157
27301
1195
6734
54107
5347
1535
567
4780
7508
4170
142
7538
10123
23779
1175
1945
861
4831
2219
22906
6442
30968
23513
7941
7421
8726
5710
23197
50649
701
22809
10235
7153
5366
10370
2114
66036
7965
3609
6185
4223
973
1805
4637
5295
5192
7465
4242
1762
9695
445
23304
966
2241
4141
9475
10922
8871
3514
5365
1174
22937
5437
3716
50618
6835
6181
5223
4719
8908
3679
10456
4150
6457
10472
6051
51035
7283
9839
6627
9590
1285
6183
10327
7542
8741
8467
1052
5496
3164
7111
3069
10291
3159
10636
3500
10799
6136
1892
5573
4245
80347
23521
11067
3131
8538
10241
11113
8031
56005
7644
1975
3489
240
22974
23204
10534
1152
2039
9131
641
230
72
4122
23741
1832
22873
7791
57142
8493
10430
23435
10476
7020
10436
10537
55627
2217
2115
53335
23643
7273
4659
8480
10945
6279
2521
5476
2060
8672
820
51363
3725
4267
84759
5214
4035
9133
3707
1655
3783
23193
6422
6240
51669
10452
23028
5552
6764
10758
2532
3491
3683
2934
9874
57017
25936
1278
7064
9741
2305
427
6382
1315
891
10007
11273
3101
7114
7525
9123
3838
23176
6635
1460
6881
2354
2063
2619
5439
5526
10557
4905
3014
23165
10282
1528
2935
55568
6746
4694
10551
7073
150094
5473
5431
8263
2058
5479
488
2009
7162
8434
23506
4345
928
25804
7707
1462
638
241
10314
10652
10949
4094
4605
146691
2353
1829
3161
57418
9912
204
581
5686
813
3476
26576
1663
6876
79095
965
10969
3091
2203
4481
5547
2923
1959
8882
3726
2048
481
3632
2280
51690
4776
558
1163
6921
6640
1730
26574
7292
23139
1207
6535
3909
2193
9477
8337
7494
604
2806
23636
4123
4952
7514
10418
2331
2232
4066
332
4931
11097
25855
2260
6510
10923
6222
1773
3902
2648
4862
5478
4216
8829
26959
5091
5236
30008
10204
1601
23623
4058
410
3421
9554
136
10623
8339
8874
10553
1277
5691
10598
6868
11040
5203
2002
7295
4332
6745
10802
8809
1839
57819
8243
6749
2274
10406
6470
6500
2161
55215
11076
10573
2990
6697
10095
124801
7001
400
3150
4163
2821
5635
292
839
10898
8341
2745
3148
4709
3183
8766
171017
5700
10262
10196
6439
845
8835
2194
3688
8787
8722
4173
3912
3678
27042
8638
27000
6209
3418
59
23024
3706
2976
4660
4915
23635
8751
6923
26040
5685
4647
5450
23433
9212
1432
9973
2271
8717
8648
8650
8295
8986
26
2286
64746
705
801
5140
1635
7272
54535
1951
9128
578
10480
8815
8565
10000
1936
1756
590
203068
6636
2054
9158
3055
1301
6915
27095
10675
23034
10016
4616
5111
4322
8445
23268
997
2065
1311
4176
212
51176
9846
3607
2252
5595
9278
939
8728
10921
10121
10146
9026
84525
435
5589
10401
2770
399
6515
26292
1859
10524
3880
9351
3417
23111
1973
11343
9056
6191
9454
10280
7841
9175
5127
321
1366
10953
9138
1786
3835
5372
358
65005
5154
7277
6878
50488
4089
8880
23475
3182
6692
7052
23154
10256
6621
23162
8508
7940
2195
11331
11065
1875
7187
1058
8636
56926
4299
23223
10857
4688
27067
3985
4312
10440
23270
518
4929
3315
8996
2746
10771
7278
51367
308
6210
123
1001
3597
5426
9497
23310
5868
9181
2049
6305
1861
3845
10210
91
5413
1852
650
5050
10434
6625
699
6241
3181
5774
7039
10906
11031
7593
2010
4691
8906
6633
5701
6208
4175
2971
1827
6189
8840
6119
415
4756
5707
249
11068
57214
890
4783
23119
6629
26580
7411
1164
3691
4942
81620
9368
7086
3178
3145
23063
26986
3775
5687
10092
9296
6199
3156
5411
1654
865
10435
128
7430
7589
989
11345
27165
23764
9398
6690
8099
800
9891
9853
1408
9820
29072
6142
10952
25874
1606
3687
780
2358
309
4515
9650
3674
10935
3921
725
3376
6430
55186
26268
109
8933
4502
5716
7138
8890
6613
7157
9125
467
4811
3233
5984
55355
10926
9743
3371
10228
9493
2705
1382
6599
5261
5742
3934
23152
8775
126393
64105
3980
10059
529
5653
23265
5684
4734
961
10134
6628
9921
11190
5869
8078
3569
5001
11047
5523
5721
6204
7476
116985
6159
8600
7454
23568
9612
23549
10488
10427
4925
440
10239
23228
6230
5756
6132
5025
57504
3685
10765
95
2207
3930
5899
53358
2017
930
8449
25976
4990
5551
23190
5688
3717
7804
8204
54987
83461
6895
4323
1893
8140
186
977
8576
4726
85359
8458
84726
9589
1102
6662
9918
8737
8736
7009
23212
10635
23396
7110
9372
25957
6712
1479
6445
836
664
2982
708
7291
6688
8312
3802
3803
3804
3811
3813
57292
24
113878
26092
54462
1604
5902
10606
90865
2215
1196
3665
5170
1191
4316
367
821
1824
51433
6888
221079
5810
3604
4148
25920
23421
8433
9937
5645
1407
5350
4356
322
60496
372
5646
23381
1022
8607
8554
2956
586
4171
10521
2041
374291
2874
607
22839
51692
5199
5427
348
5092
1478
3017
9764
6776
5901
8826
6645
6156
10391
1933
573
85458
23607
1615
7095
6869
5525
5598
5588
5662
4832
402
9533
9463
58497
27332
5788
1489
7534
2702
1107
10928
5515
1734
1033
5321
80228
4615
3033
3673
84823
3925
7184
7351
148170
8774
23076
5147
2079
1741
54
6651
5813
10915
1958
5782
6447
3626
4817
1327
8301
4677
8875
5744
3550
3812
6188
3198
5695
55661
8970
790
10617
808
4321
3097
629
221662
6794
6227
8462
931
307
5928
5493
23593
10309
5877
11006
6726
9184
6780
26031
7436
4646
86
5597
204851
2802
7884
5805
6124
7328
6236
9943
4320
8013
14
203
185
3911
2206
54935
2071
6000
5328
5281
2185
5634
2911
7321
8530
10236
4627
200958
3977
23404
4907
51593
9927
9527
23043
9587
166647
10112
663
3868
11156
1500
4792
9869
43
11177
3169
8021
7755
3281
3728
29760
8887
6252
8514
7266
10574
8733
51639
11030
2051
5713
5997
10576
1719
9697
84901
375
10158
10244
6273
3189
5433
3866
995
64777
22893
9855
9643
4926
7025
3936
10572
4016
9793
6693
9877
3015
1475
3741
10865
3735
6631
90861
11161
6642
9094
5927
162
6917
2975
4435
1048
22926
1380
10245
732
3659
8287
79607
8542
3308
5717
5706
10978
8317
8396
784
9873
5985
9021
8540
9688
10487
5990
27295
1974
8572
829
6139
9377
6647
1729
25925
6772
3217
6728
10914
22948
6469
8651
5621
55872
6883
7185
10912
6905
9129
952
4306
788
302
933
5218
5514
1912
923
3991
673
6320
4751
91754
1314
5781
11079
10038
22803
29780
9631
1031
3861
6919
1440
23
1137
4793
10907
8663
8861
2153
10301
7137
10105
126823
5792
11321
1062
23478
9735
91647
22794
1345
23093
4218
301
6638
5557
9744
1236
3104
3035
9685
390
10749
9637
7469
8574
3192
23558
2665
3046
4350
3507
2029
2567
4085
10726
29966
6565
8106
6949
8569
6874
26173
6398
613
475
3337
8732
2920
5318
27232
54764
4209
9217
7347
5016
5152
7936
362
23022
334
3483
811
6359
373
1268
1019
8683
4496
57381
5863
5481
22888
7305
6358
90993
627
3914
3383
5279
113026
28954
5166
4758
6351
26160
23090
9603
4179
4060
2175
7385
9221
6257
6366
90410
3026
3842
509
4800
9019
5905
1917
9898
10973
7520
164
9636
3570
84164
11215
26155
960
8443
10951
6093
1385
2026
10411
134
10051
862
6144
3636
2571
8165
8828
8718
1728
545
9833
91746
3696
7220
5778
6742
10376
4326
4682
55660
5099
4201
7358
4055
6282
7372
112
115703
6788
7150
477
5125
2861
4237
4145
10263
4927
4946
11333
9961
5189
3155
10024
6337
3112
4293
3416
23136
399979
60
10325
10902
9270
8100
8805
407
27339
1434
6609
1267
9588
6347
4738
1147
27257
1800
27077
1287
7384
2731
695
7089
30834
23002
11073
3553
598
5996
7323
9134
24137
1476
8808
11316
9140
129080
1159
548596
6281
1282
5757
8416
4520
9857
54434
5793
27316
5364
10190
22905
8883
3105
6001
8819
8036
83737
11252
3709
9568
6672
6897
8412
47
4283
1821
1153
1198
55922
5267
54361
473
4331
833
56902
64112
1979
10466
55816
3326
10254
1299
293
3064
6310
2969
1667
1668
4485
6714
7475
151636
7407
4048
6729
9868
7169
5527
10982
79080
5629
3185
4041
11200
5873
5093
1537
6285
23075
5862
2213
4050
1622
5911
2921
5923
27445
978
10382
10733
23613
4000
1398
23647
3482
10847
10903
10550
5020
11164
10994
1429
8573
4087
79084
10248
79033
4086
1308
5395
3713
1665
10040
26130
7091
7156
5883
83596
6678
6453
409
8438
5950
9975
9146
55746
10371
3053
8379
6128
1876
2690
9784
4957
23179
64151
8705
3757
608
7019
6455
5871
254863
4924
8667
11146
7786
6367
5194
6098
8894
794
26151
5569
831
10125
6019
7504
2549
10856
990
5270
10381
1431
27065
7464
10226
5887
8394
2752
3662
25870
2160
9542
10458
6146
9112
23208
11234
917
5081
5156
2289
23140
55832
11230
8487
9733
2786
9455
7128
51083
2068
23016
3587
5436
2888
8332
378
10944
1510
1848
6158
2961
10939
8725
9867
9448
2475
672
214
6464
5178
7249
5828
5594
51442
6428
1978
3000
3301
2677
1965
4204
5876
22882
6286
7317
9600
6401
23424
23705
5500
55752
6929
11325
5160
7267
6558
7374
9319
4276
51573
4700
10461
6598
2902
10155
8498
10094
8811
4088
26585
11258
5608
6462
51678
2653
2314
3601
7380
3433
8653
5163
2950
4324
970
30851
2962
6596
5378
8535
6945
3646
55920
4174
3195
1123
1466
6993
23089
4286
11165
1138
3207
8536
1457
7348
2150
59277
28977
1746
1329
9690
9818
8218
9315
26128
3048
4676
4848
7004
3613
9721
4745
22854
4494
9446
57619
5743
6730
10565
3920
11080
6373
3990
6513
4854
5611
5121
9919
5539
2335
10465
29899
655
5747
7419
80143
8850
24138
1998
23283
1435
112858
3559
27134
55122
4099
1687
10181
7746
5046
23256
5683
8797
192683
137886
54675
2580
25792
6843
23219
1390
2214
6774
6873
657
1536
8914
92421
4436
119
4057
5252
5307
6907
6710
3805
84232
5714
7329
6850
200576
1503
706
5861
11171
9734
3937
9015
4729
771
4882
3931
6759
324
27289
10581
23031
1000
2104
8804
8664
84816
60312
399687
403
10298
4125
9521
7024
4803
23301
9367
6280
10483
2030
915
8985
9586
5435
29128
8175
92170
7982
10486
81875
5930
3576
10614
2091
55845
5822
5702
4900
6964
25900
22823
356
6827
5480
391
4361
10489
11243
1513
22978
6522
7037
23649
5494
2820
5806
1026
54555
6169
27185
1633
8631
1141
7805
85440
9702
5345
79002
490
22796
2672
27113
5047
80342
4794
7917
10542
9294
9567
3066
10528
4610
55017
9585
6039
3106
8497
7252
7106
818
5708
7415
4200
6687
79801
23598
23191
1981
288
10399
3779
3397
1029
1477
10755
4191
5128
7920
7718
11337
2896
4809
5719
4735
1455
55621
24148
429
7554
125950
6857
84888
3249
5336
7533
130916
58487
126014
7293
6045
3386
22985
51053
10042
9816
2983
3603
8030
10992
25
255743
4999
10285
1459
22911
5906
22943
257397
6134
6814
1059
5799
525
9189
22992
8189
5694
7027
2348
8856
5977
7163
6689
9244
79142
80781
6508
51606
9156
6837
9962
51561
9814
29984
26047
5652
2919
11332
3359
57019
914
6036
6880
55330
57680
55120
7701
6201
8886
369
7511
51382
2897
1584
7159
2208
3625
8533
29085
10482
81605
10519
23498
25970
6904
7125
4620
717
84191
26471
2189
10485
2155
6731
1627
5052
3595
2220
3113
23085
1499
4771
3916
5073
84950
1325
7750
1013
354
51588
9778
8399
649
6845
85461
7327
7178
774
2272
1585
28970
653
8660
7341
11140
55837
92344
6778
3087
5119
201254
9802
3320
59345
5604
643
5216
8644
10579
8370
4656
3339
94039
94103
25801
10484
5055
55324
2675
84285
1395
60528
4582
10300
919
55589
10296
4686
10681
5519
8859
2670
23761
1540
9169
9118
51454
5998
5356
51741
339
6940
25898
80333
9815
5346
22977
5660
824
8930
950
823
6284
53916
9354
7703
5529
23658
1439
713
181
4666
55312
222484
432
9882
5829
3206
55527
4678
7112
5454
10492
9410
6601
83637
4194
537
2812
90
6047
6354
6882
10768
27086
3093
5794
5872
4256
51
84337
10541
1846
8495
7165
203259
4190
4683
768211
5297
4354
1298
5607
23532
60592
6520
2947
153443
9933
4982
51429
10518
2563
152
6832
1508
7803
2840
9670
57531
3191
9343
5720
963
1394
1889
57002
6383
5451
8938
8841
5406
7205
4772
1785
51755
10109
3021
10594
3163
7424
4690
114907
200734
768
10956
3094
6657
6611
8178
5780
1838
155382
26133
5331
4221
10362
7074
3134
6429
9295
8544
752
56998
27336
8558
5195
5881
3280
729
1381
9107
8601
754
1618
7375
8460
841
24142
116071
1069
7345
23207
971
344
4782
1742
23608
54949
85415
84365
9344
5239
5968
5580
8647
10766
4067
796
55916
4149
50813
6855
6184
7316
3211
5803
2936
27076
4884
8898
10469
5122
9727
3751
63941
10036
84894
26020
333
3755
994
9644
9925
120
108
1816
2669
23113
57505
54902
27240
23237
8794
1241
10874
6698
3667
11011
7030
10714
7529
8932
662
1263
5368
9063
29894
84260
57403
9516
4208
5228
221955
8729
984
2706
9913
5075
974
55187
2011
256364
80349
4303
23209
7553
4644
26278
6059
11005
4928
8161
57522
6773
7349
9789
6934
83985
3778
9779
2077
7386
5699
11183
3640
81873
6258
8513
57546
5571
2296
6374
4193
55165
6955
6996
617
114908
9045
11262
51706
9550
164656
11311
63875
9055
4528
81488
27161
2825
11075
523
430
9669
1295
2650
2743
5678
57556
8893
8318
576
7035
7296
83595
873
5300
7204
151188
2020
2027
10128
25791
203447
8666
5217
81502
4828
5144
10509
2783
55342
506
5601
285381
11276
10588
8324
26039
2781
1445
2177
10877
56288
8115
3758
80331
55011
8357
8852
5037
10677
5955
2646
84897
79023
5434
11100
1258
3566
11145
9110
1060
117248
4281
10302
114569
6421
11269
137492
10068
23314
7040
23512
4747
9513
6357
135250
57647
7067
4319
26286
8941
1488
675
1453
1009
7018
1386
10383
7412
55824
51366
6102
5830
11059
2735
8927
2261
2882
8473
2113
11153
7428
23164
149420
4897
51538
4904
765
1506
351
10260
5889
57534
6753
11257
30837
3020
10199
2290
2554
773
23114
51545
5982
4753
7257
5605
4439
5970
196383
6942
10189
6278
4733
5682
2339
273
909
6503
2744
4922
1452
4885
10512
27348
9712
182
7867
57003
10954
3002
3975
3221
127933
9401
28973
9686
8934
10142
4495
4707
7326
6557
9635
276
279
4920
7175
10987
333926
7980
9362
80854
51691
8761
4744
259
10124
5499
1122
55658
2997
51451
128240
283212
27230
7325
8091
5424
9466
3062
5932
10018
5290
11138
5705
9672
3676
11231
892
835
5360
84221
659
8349
10989
190
6504
50937
9479
10564
9746
22983
4986
30010
8864
3984
4684
7516
118429
10607
9826
100
2963
575
51667
2626
81839
6194
1617
64061
2870
22843
50852
945
3658
4599
6643
55004
121512
2149
23542
57405
1815
51567
3855
1111
55322
261734
4259
11249
3598
433
3485
3111
610
1176
1068
8999
6198
65266
9667
27111
4507
10692
7090
10062
8853
1794
4998
11078
5104
54751
9172
23581
79090
55697
23236
421
22913
22858
6195
10140
55970
140890
11340
84720
4603
25824
126374
163126
64326
5333
8499
5069
7353
913
28952
23189
23086
8674
10567
5783
5824
2620
640
25839
2905
22900
5550
196528
5524
220988
3631
150084
6741
4824
5967
84733
3627
5618
2043
64965
5567
6207
26258
6810
3299
153090
3054
114790
5664
10013
5277
84875
10513
8618
26054
1072
4353
3698
114805
2903
274
3895
1527
10431
6511
5575
114769
10773
1130
3858
6990
10075
4701
23313
3853
10961
81607
7057
11236
23066
79576
6641
8450
170685
221037
5029
57510
1235
84231
7059
23770
2968
7008
546
4254
5430
9360
5358
23049
11063
65220
5586
8475
114932
10001
9482
55561
10450
2889
26747
152137
8323
4852
1748
92799
6901
3801
8878
8987
8795
11052
9883
7695
1024
9191
5245
27288
79088
602
2122
714
4604
11157
2243
9024
6727
5090
10428
5991
11026
84064
6203
4052
8224
2244
5141
26100
3932
9478
3006
5874
5983
10133
57216
90427
6416
10238
5798
5110
817
51043
23241
11082
6582
5165
384
23048
26146
55964
11137
9694
55869
6224
151613
4879
10043
54550
201562
482
6737
10592
9183
6318
2566
9403
23760
7066
7036
1056
10890
8543
6992
2635
4689
2266
2788
23360
7507
6871
26059
843
6002
54936
5979
51434
1114
6329
25766
6330
10490
6117
27030
22936
5610
57549
727
7225
6283
8419
11077
23054
8537
10096
10772
6118
28513
128869
9737
905
868
1438
9788
22894
55437
113
145270
57664
4059
661
10507
1244
4714
8550
4046
3786
1874
1962
10393
3956
904
2787
4883
1678
1743
8626
3122
3887
54892
339201
30836
2247
2533
93474
6361
1801
5257
25934
55957
90933
2139
9576
597
116225
22866
1294
51257
6480
7919
83666
7404
133
7357
7077
54039
114823
8858
3761
125150
28512
60412
9899
8935
6297
51361
3643
10621
376267
3766
2691
3955
23157
10748
10725
7852
4018
9775
8671
256281
80790
56852
6507
10556
337867
83759
183
8453
84528
9785
3623
901
832
132954
7319
23172
1571
242
4103
6004
5617
4217
10188
3642
5715
1406
53635
10735
1119
3175
1820
28987
6890
58494
7314
6364
825
2913
1879
6356
6670
7320
3196
9498
8541
6624
5865
3612
5746
6010
4808
6348
8553
55715
22916
5355
53340
3660
200523
102
1811
23186
10801
54700
10946
55207
51002
84958
6326
10769
10658
4359
23746
9320
9781
9774
84527
9047
1073
793
58480
7155
6620
6242
2779
55905
1956
10775
7918
10626
5738
6514
8402
57095
6809
27063
1849
3897
8321
114088
56252
123887
147179
9796
10163
7447
22976
10138
7432
3208
3125
6426
10590
5624
27352
2769
3881
91782
4297
2170
7517
257218
5888
4009
8082
81793
51729
9332
3963
23495
4821
55183
2186
3508
222546
859
4790
8939
10672
396
63940
117194
55749
79882
4860
5636
6492
8936
114990
7031
3750
10625
89790
312
11072
56896
23332
3933
64978
54440
5292
133957
10159
10333
9751
1795
11128
50855
161003
2972
8408
3107
3151
124460
84148
4760
2165
1415
5909
10612
5164
9465
3300
26958
6407
5174
5000
84665
8424
9001
8481
202333
22883
11103
3694
4207
1193
139105
9099
8615
779
6664
84661
283869
9699
3938
9581
51059
8326
149371
113174
4842
10318
10920
79937
213
56945
112597
3799
23633
10900
5786
10905
115572
5651
4314
9491
148223
8227
1520
51499
8825
5966
10083
10421
775
386618
1982
8411
6525
6634
56992
54476
6846
442867
442868
9083
55109
112950
3556
2625
85027
8773
29927
1140
1670
2671
487
92806
10277
5464
4670
4294
138065
55250
3495
731
5308
5445
10379
1830
10589
51534
64756
89884
9901
84498
1237
4224
285025
864
89777
6811
3622
4155
642
1891
5771
6546
645
3364
115950
1326
6129
9632
84630
4967
7045
284004
1473
4589
1238
1291
92342
55502
145957
3600
1081
64333
103
967
286075
5592
6531
9020
2042
84080
7189
11129
2250
6695
6125
140290
1378
10741
9900
10673
11060
5495
2066
57122
148156
5313
83706
29893
10603
10859
53616
28514
23097
10253
92906
284058
2833
1952
8669
6137
1039
382
8682
80205
350
124590
1495
4488
1511
10076
225689
11143
8202
3765
83931
9575
27306
5066
55643
5148
5274
26271
58503
10788
2572
8302
6300
121506
3419
25782
4014
8851
7276
541468
1738
2254
9861
4189
466
5711
5320
6663
55677
27243
5367
49854
2814
570
6801
22930
51259
150
57118
12
8440
8802
5063
55811
6604
9540
9704
7143
84106
55823
10811
5266
196
221302
3929
1269
4100
9069
151871
88455
3481
84970
875
9989
3236
54843
8611
7021
58500
9262
910
6271
84893
11035
9111
926
1373
4908
3187
3488
23281
2251
2044
1045
5362
6950
4863
1485
2798
9856
9049
10368
4045
9371
91949
115201
6733
2253
8567
7054
115704
5784
8976
319
64582
9649
29070
284307
392
7532
51686
90441
5903
57821
25780
3752
9584
3565
55578
23582
29959
310
10522
7851
55600
55902
64750
51194
1145
3425
10073
126326
2132
5948
22995
2740
29789
6667
339451
1869
9149
5987
81532
8575
5456
2239
23559
3083
3029
22954
84920
29978
153
84968
3428
348487
3656
83933
5176
6498
2958
400569
3903
5696
90850
94032
10320
1543
3978
57169
3594
9127
159
29903
474354
3798
4090
269
116443
11061
2886
57689
5947
10006
176
3456
53615
146849
57862
260434
2645
221184
131450
9939
7770
3816
2001
10870
23370
6494
6938
7182
3790
121441
28985
129531
6502
267
65057
5697
5502
7043
25862
1778
2904
5296
85509
3860
694
79868
90411
3998
6660
7461
8867
55619
1208
8570
6346
87
2660
55300
7597
4084
552
2151
8464
9318
6506
2707
4901
6094
51172
340390
8504
4923
735
84864
5929
1399
79856
3800
9722
56963
259266
4618
11194
60682
174
2569
3077
64332
94233
8050
785
6339
29896
1080
25763
201516
7270
10127
55225
51085
84679
4071
326624
9698
3190
9610
1232
25798
5068
55388
64072
4301
55023
55860
7541
1969
6519
23523
2000
117177
676
4233
4867
2100
23557
7135
4036
10885
2147
1017
5191
5936
3772
284403
55763
1293
9152
4601
3475
1813
3714
6372
660
10293
51684
3439
154796
9988
605
3516
7322
22877
5898
2892
998
53632
623
9821
3663
85365
9066
1230
84280
404550
79980
118460
5045
116113
51645
9810
2804
3135
1583
1967
22902
56923
23390
2201
2516
3212
10474
4625
5284
64115
3681
6478
6566
23641
11009
283518
124930
10278
5579
81786
6767
4613
10609
11016
7391
3347
9406
2692
685
1942
115761
9085
147011
3115
30061
2005
114
5330
57453
8904
644150
8792
6003
10220
51250
55888
3682
7409
6013
1121
7248
23129
57584
1272
7259
8844
2045
8900
83660
9070
2978
5741
7727
84988
84905
2986
6568
29
3756
65979
51009
92105
23534
7038
2006
165904
4287
4947
161742
4953
10116
572
1288
5867
27309
147700
23335
23450
5504
138046
5528
1672
79959
5015
7336
8820
54331
81628
3702
124220
57553
6014
8428
117581
3240
8085
54474
51248
50861
6435
2072
3953
64857
80274
3420
1010
79660
55611
284131
117583
256369
10575
57562
8997
4617
658
23287
3606
9337
55534
993
57642
56479
64130
55728
10728
2494
2906
5921
355
8502
9495
22999
140628
113130
55559
1819
54908
9758
2492
23704
5447
2357
54984
6005
8208
57447
9126
3090
9098
5132
8548
7757
1179
29967
4061
51285
1823
127703
8448
11228
3973
91662
9595
3426
57559
57506
7011
286514
211
165530
2099
7201
7813
23005
252995
941
2642
444
9817
268
1487
57045
4157
2355
6548
89885
118427
5599
1731
9911
64398
57703
199
1737
84766
3960
2922
129807
1641
6121
4222
8216
90268
26017
3635
379
7456
10052
8945
27036
51132
9108
165
1192
55182
9474
929
10286
80212
4591
11141
79165
50859
8739
5532
26136
6452
325
270
10270
116092
257629
9968
5283
50484
23248
84273
6431
4645
7408
2209
1677
3557
8187
286827
3558
283248
246330
10929
1501
23385
54933
1448
63928
25831
29844
414301
9256
56850
219699
551
8431
143425
27031
4846
93661
5449
84142
6884
9271
64714
4068
10346
9404
6863
5602
114132
290
56917
286
3061
6617
7130
8241
93487
1008
405
84701
23062
53339
2875
920
2342
57719
136227
6521
2733
7903
5074
9242
3250
3204
2028
8546
27043
64399
5338
54708
7486
10825
5076
1630
476
220082
25945
80852
3312
51141
9031
9168
22984
1660
8801
56311
56474
84270
8715
4110
8625
84254
1673
25837
2912
115352
83746
56658
170261
57144
2914
54760
266812
3543
2488
81704
4583
83855
8881
6523
134510
6017
57822
6779
22821
10419
5293
84922
22871
7471
1144
8521
4595
115426
3760
2046
142678
11339
54893
3172
54874
8195
5649
9380
494514
7263
2033
57521
10878
84245
1523
501
57542
29907
1977
84152
4836
5004
6812
90678
57455
5276
1739
219771
5509
8655
2959
79682
3759
886
10021
2529
404672
5534
22801
4116
4037
51360
2664
4791
5013
3918
10054
1296
84699
9282
23617
2138
93986
29904
5886
8027
1613
1993
27072
29091
3720
56301
285613
1134
5619
5796
23077
2547
3357
51260
3579
2957
56956
51305
8975
3213
5995
26033
6331
9456
23203
1822
5501
25776
3458
94241
5657
84991
80007
51319
8128
28996
93663
7879
26058
7572
6096
119587
8479
84872
3205
144715
6097
51720
8468
1404
5818
3785
23109
27151
81559
9655
10963
6272
6616
1027
1084
54756
10570
1544
644890
10817
90226
7783
3561
375484
1136
6487
10215
2538
3363
23184
4886
8220
1796
1025
7216
115416
652
9646
1954
30000
8520
51125
11218
5457
5264
4671
7332
9363
339855
11144
3479
6870
9825
3568
7709
10478
3586
3275
197
147664
1609
63922
117854
9400
8092
378464
10231
4146
80314
6550
5724
140901
4062
2966
11091
2556
163702
7087
1907
10991
9039
1870
229
51440
489
9706
131034
9969
2287
10808
79876
1082
84034
93659
7840
10494
91319
151888
163081
201294
10813
64145
10457
23149
1810
10916
1370
1996
83755
9552
146956
8519
5116
867
60561
143379
5271
25813
3032
2793
8777
23092
118924
135458
6138
57489
1454
5317
5243
51621
83992
996
3431
26289
23026
639
149465
133396
2050
6288
1446
347
23353
54552
7005
25865
2197
6618
5864
4135
8928
3820
1041
11278
51004
3857
5613
79718
5565
200931
64283
146433
2785
84941
84992
5878
55504
9180
949
335
5959
84313
55742
9139
2831
3075
4063
54870
10243
2694
5908
5341
83475
26150
5071
5028
84876
1392
6861
4893
10891
9804
1814
160622
89
57595
9349
51460
2257
2792
170850
55037
6450
5570
4741
80726
7472
64098
1653
5393
57018
8940
4773
3848
85865
6683
23101
6829
50717
5340
56243
118788
64400
59350
83990
805
84687
1233
7288
4313
23174
2775
79065
1509
9369
5920
84324
55143
55565
2778
4142
80128
23216
55750
80063
6865
84076
7080
124056
245812
54978
4778
222389
114609
51422
7164
2652
5956
2893
397
23414
5890
10152
7170
6529
2876
26227
6299
27283
1312
22872
84838
5731
4225
4892
2035
10344
8785
462
9972
55147
9931
80723
493861
29883
55031
55140
23592
377
8451
2535
1634
26225
283208
1105
56341
23412
4292
112840
54543
916
55632
10577
1128
3547
83999
126070
4843
1943
22925
257313
79465
27132
25894
125170
4673
51427
2898
130540
7399
1616
161
79577
374
4609
6997
6338
51714
387923
8439
5265
85439
10060
85480
79915
8559
3839
7531
55068
2312
10818
6840
3695
4137
60598
4593
5596
7088
26960
63948
148022
4775
25885
8350
2069
416
4215
51776
5467
79613
922
85021
92
5961
80309
7318
158798
27
4302
2931
6736
56648
93611
55835
3906
23476
1482
9053
3552
5609
23774
1054
9093
4355
1447
9409
51324
3567
2981
9210
23786
146845
51205
5213
9425
486
63893
1788
54704
9230
5190
7352
284086
51752
201965
6324
23112
22929
56655
554
55718
137868
50604
837
57223
3358
8174
23263
54221
9630
8525
7006
56886
9356
56647
23580
10664
27250
6860
948
51705
84331
5049
10002
84197
28984
85302
53371
92285
189
83937
5272
200186
29117
55588
11264
116085
2796
1840
8209
27304
631
6399
2304
9370
11189
3815
84289
5582
10724
4878
10397
2632
56144
135
55698
142679
1512
23053
3620
25853
114571
3651
5540
11201
90070
55906
6879
5475
149428
9990
3593
80142
23426
4868
6311
116154
84073
27335
3843
4298
2395
5578
25897
4172
10324
282616
9757
23431
6427
25941
59272
3551
56159
29950
55973
259197
953
7306
5884
648
1812
5989
1826
340719
55193
2188
1401
596
56911
64421
633
6833
54881
2638
79939
7124
11180
3118
55775
79930
4902
80345
26287
2915
7625
55110
1990
538
84172
1676
79169
56882
220134
29935
10297
115290
4544
56946
8355
5795
64175
387082
23601
55072
79685
51268
5394
29992
9043
5563
90480
23533
8361
10078
56996
4258
114836
8335
81570
56949
84705
9457
6891
55103
10785
1856
1363
3480
79036
9050
112483
2587
51311
27175
11198
9971
4951
126282
55274
8463
63976
55791
11043
10477
79869
11124
55709
23659
26548
51742
5460
84033
4649
80764
64754
10881
10113
64800
50807
51759
54969
55802
4685
23560
8291
56899
51106
8153
9499
339965
63971
79873
83452
51654
11275
11151
84441
9392
23072
3806
29763
5915
80895
11096
6720
51206
29924
3737
57410
58512
9512
64837
9219
11018
51193
5631
200504
10666
23192
9040
1004
7568
23413
9572
170680
58160
4547
7763
10099
337
6091
80823
9530
5791
1602
4185
9748
6317
6820
9623
7051
57571
7381
57514
4074
5814
50512
389
55577
5429
23163
2561
57092
56993
11261
57472
23099
2683
5129
51016
51562
5576
9892
9616
3237
10011
51082
291
84315
51389
54913
4917
80196
51022
55327
2815
84516
221154
50862
2700
9241
2019
5802
9978
84141
8744
2890
79595
54985
80023
6770
9765
2596
22919
79174
8925
54544
5062
22881
84993
2168
9510
4634
6866
81688
9798
440193
10580
6343
2693
7753
80351
10148
79686
79800
972
1760
7200
7173
27247
132158
29123
79172
140461
4752
51693
23529
1032
60529
3394
29994
26152
113263
9325
342574
2868
91544
912
64324
388552
123016
56905
222663
26012
55070
30816
245806
3987
54538
54209
64430
80304
6602
39
11074
55211
196441
54149
121268
64388
6295
7016
5444
153733
55591
10527
5891
6708
27238
9265
3385
25890
54443
7473
4010
5021
51138
84725
255061
55713
84108
5054
84062
51364
9101
10045
5408
6406
3437
26575
10718
29058
79075
22818
84133
54922
64968
9064
10505
1586
6344
4261
2178
51520
8359
143241
5530
3827
93343
64121
282617
27148
55230
6676
8061
10868
54210
6614
4632
51719
92304
10081
1758
25803
84812
51764
4160
8076
3958
22861
51226
3549
147687
23588
140691
51247
148281
2641
57154
29922
57496
1184
79656
5654
3375
83658
54812
527
27033
8891
5879
5698
6603
8446
220136
4152
79948
7013
50650
53826
5298
25953
9073
4857
3352
57463
10156
91056
2891
51804
79734
57596
8745
57555
10288
55229
3927
91010
65095
4487
9228
65989
5817
57708
7136
56906
55290
11064
2245
167227
881
6579
7253
1994
5097
7166
50943
5244
170463
57540
117178
115557
81857
90525
55729
29979
148
10940
26013
9543
2894
145258
50626
57158
9627
27246
1158
3171
11336
7079
143684
3442
3265
2520
10933
29841
83878
1070
6484
28965
84258
64207
783
4548
671
6760
30835
3624
56944
7247
1911
55054
57143
9378
79723
79005
1915
6585
57758
3773
5009
7275
84290
1271
55236
8534
84675
57670
2318
2321
54910
3693
51108
6747
51099
10044
29082
55201
4731
27244
51236
26119
81631
51102
30001
414060
54102
84218
29993
595
55684
26999
54521
10232
493
6721
135112
80152
56957
56654
11330
54622
9246
55700
3703
2917
54477
57326
11219
8837
58526
5193
3050
4943
669
10815
9545
64328
251
23509
55014
9531
3732
3817
246329
10369
665
8767
55815
10345
152789
26985
283
1412
55692
11055
56547
4661
4763
55048
5978
64919
79003
139716
2551
51466
1894
3621
23640
689
29767
3268
79042
3588
782
7802
1021
8863
3096
5663
2800
8454
51329
122042
51778
5361
1053
51700
30062
89953
55294
5931
57731
54778
1286
23463
116840
23551
5089
5094
81551
55219
80124
23355
115727
57586
80108
170954
1804
6892
10981
56142
168667
3872
54505
55013
284680
6362
3763
27130
6594
8405
10017
56034
1504
2864
6262
50632
149233
53981
57799
10392
2977
5976
10495
79187
25930
8793
116369
2887
23524
51076
92797
5892
2832
27085
387893
8974
54923
64840
8831
10049
10787
78990
27183
51566
55339
55798
84168
25980
55272
27158
54540
79096
27129
57492
79447
84223
57379
3274
65990
79760
10316
9935
151
64092
6369
55757
4622
55664
50619
9829
2862
9002
53347
81494
9113
26354
6783
57030
56259
8139
56000
29115
51298
140459
7827
27178
4131
51073
29098
55622
57523
79132
7227
50615
63925
57823
9074
54345
6152
1146
3645
55336
81557
80739
374659
79109
10783
51362
51616
149986
92359
6925
10713
28227
51765
96764
51191
26751
23624
80227
2826
140885
64342
54850
5916
147912
79892
79833
57692
5819
7775
80155
54532
55843
9091
4851
59348
63935
51284
29997
9441
1280
70
7050
81608
56652
55644
2307
26085
51447
83547
10426
2117
163
83463
9355
55199
331
171392
116987
2872
54431
10657
5241
79684
7294
22822
5912
25861
84643
54971
130013
55740
26190
79693
29946
387755
55761
4317
81890
29990
79637
4935
9729
54602
282991
55075
5733
64429
2925
159989
4241
3852
5260
129685
1007
5648
84552
23082
4077
8771
9970
51510
94121
151742
4985
10276
958
5396
2703
6496
1809
55768
6622
1880
2834
1797
3074
4162
5455
3814
3184
27131
5933
57096
8731
1944
11036
7784
55929
89876
10691
3837
5859
4853
25926
496
155
27440
5204
54882
55596
64216
2918
9464
90780
9525
3146
8352
140767
79902
10179
127002
8649
10413
10066
22950
3434
81788
29952
150684
2885
2932
375790
220869
26511
54867
81669
51699
4988
125476
8633
4597
83641
3238
1016
7265
80321
63898
53637
239
9340
11227
56943
3218
8334
137964
79885
9044
1857
5630
56605
10481
51631
2644
84220
50846
5010
10893
250
2992
54820
64780
55716
7957
79890
5134
7579
6580
90019
10363
7442
4054
51550
29843
51025
60468
7462
51052
767
64170
55690
1825
7975
51187
90060
1113
389741
29953
11274
55108
3976
10814
23387
8518
11244
2643
83853
266747
55937
5626
27231
64772
23567
57698
54469
160
22927
80725
79663
27107
55184
60492
3972
23654
51177
8089
54880
60482
9421
54920
28962
54957
55090
64699
54101
54487
55840
339448
196403
64844
79159
84779
63974
1149
57502
7515
6543
1740
2539
51608
2916
10533
4159
54925
55785
81027
92335
51199
9141
26071
51168
55722
79039
83734
11092
112398
64320
1493
57551
60385
2661
57597
51744
79050
79803
58513
9442
54020
8328
80153
10023
9489
55124
55258
4342
23539
6654
79676
408
51171
79171
51147
54413
84445
54797
1129
11147
23583
64129
8022
51327
55734
81888
83444
8643
29882
93664
58529
85377
55819
4762
6352
57132
3781
8822
2837
133746
463
8814
8578
2300
51617
11127
566
4338
8786
56997
57763
5858
84878
9229
54514
5440
6887
6483
4651
29057
197131
79047
26297
27018
3098
11248
55114
1154
23493
2064
9382
51162
80762
55269
163590
55040
287
11338
56616
56915
79817
64422
4820
54510
84767
79768
5577
9240
26353
3754
55325
6434
7799
253980
54472
80013
55795
9252
54407
7145
8491
4097
3455
56478
3440
51340
59307
15
10742
55666
8436
80325
10804
23309
55861
59343
8322
55803
80829
55024
10365
55111
27005
22955
55665
28964
79269
55805
51455
54826
64343
83440
10055
2140
64599
3996
10069
8531
83700
60684
57161
23708
9022
115265
10526
55145
79594
55617
55813
26205
51295
55125
55081
11176
9994
11158
55770
23677
27141
2873
84060
57120
7976
4139
80319
60485
79870
8915
50944
56897
140689
64215
55593
51402
29928
54165
55680
55777
1807
6605
23235
26207
79582
8353
55679
60493
55655
22934
29941
10640
51003
9328
55280
2829
63973
29116
90390
9656
53832
50628
9076
22931
10432
84335
84067
79720
64843
1949
814
3710
116
1588
5470
6239
2158
1789
204474
1393
10009
7942
5521
90799
404093
8614
1783
50509
10736
152015
147339
26993
23373
7301
2674
4295
22853
27012
6355
9166
1999
80824
55737
10249
2242
3216
23071
6477
79866
4856
22841
2560
26036
5511
4807
30011
92737
55706
3267
122786
6261
9373
11123
4325
8289
220388
8895
29911
9306
9227
132884
84447
51604
55295
6370
49855
79886
54715
54830
51760
55198
51444
7181
1215
5422
26355
7015
55851
51143
4340
25979
25915
29920
147381
51660
1050
65265
8800
27019
115817
59286
7913
10126
51280
9025
164312
28955
11051
51497
3736
1139
341
111
50
57820
79101
80310
51068
6612
5584
2332
27443
388585
51252
4909
89796
25827
79673
23013
55602
85445
2900
140735
51274
6168
79735
30819
1368
8506
1953
6648
8148
23199
5518
26088
285220
4983
8723
7441
5893
1018
57610
130399
55188
54883
84700
11235
79960
27330
199720
5294
64403
7139
113091
4168
149483
2822
5208
6133
860
83593
222894
889
57097
23264
57524
27297
51103
8563
25978
22981
2550
7161
3841
196472
11135
10207
5689
8038
84962
3009
57136
3059
3512
5453
55361
56984
6233
8812
83548
29109
57486
267012
60491
55144
79365
55243
57491
10326
84246
60626
11184
51555
56937
54977
1643
84966
92815
28966
10514
26037
55227
56938
7290
348980
5008
89941
220965
11279
55224
51751
5897
5866
26502
57827
55846
64109
259215
51013
41
9342
5593
84904
25975
54014
54968
8788
55755
57325
2557
2686
26277
5994
80318
57396
55726
23181
92595
79797
79753
80178
84056
80125
84622
9375
10849
51807
5971
656
6294
51182
57707
64806
51513
60401
57336
57082
64344
10197
29802
11093
59067
6839
29062
2668
54921
59341
27071
51554
4784
27329
59340
53407
9966
11213
55509
57179
83394
79446
55867
8074
1103
9992
83871
79643
22806
27202
4210
26228
10449
79092
63967
3224
3809
3229
56001
56676
3807
401
8331
9501
26251
7223
80198
2199
4543
2928
23627
51378
7350
51224
56729
64100
79843
81029
9423
2867
1046
5275
80174
51156
54900
94025
4335
8995
3854
6707
56901
79025
29947
6289
4619
1005
51475
3346
4284
51477
10686
10911
29124
8778
9496
54932
336
3753
320
80254
79156
944
51266
6436
27125
55769
5644
54997
6751
143689
8471
23428
11033
5545
29079
84515
1984
27344
6449
10273
6443
9075
6583
491
2565
79719
54464
26061
7092
93643
3078
163882
815
79094
84708
9218
115509
10087
29110
4153
8496
54972
11069
9033
3351
6586
9726
27236
7299
64395
84277
51738
10026
7369
83714
2847
84953
128434
8735
3276
7477
1133
329
54938
5036
1780
10844
3024
94122
9209
25842
5896
10763
25818
2736
8048
1939
8045
25759
84539
79012
131890
8239
196477
3099
1155
6375
30812
5305
1755
2849
394
7307
51547
6757
10139
51019
9238
5790
29107
29108
23555
63891
388677
5981
4887
9440
29102
79188
8912
60681
10499
55127
57192
55093
7474
2899
54606
51735
28511
55701
28992
64374
6935
54919
79850
51186
85363
5763
5777
80230
9330
51330
54583
728
58528
54872
64425
114897
55146
712
55284
55367
81848
11266
51279
133522
3117
23406
11179
51619
55209
10807
55196
114625
81493
23462
54903
2979
54906
118424
55285
79728
89797
51222
60685
79155
55035
55252
92609
63827
81858
3739
54855
80149
348995
93973
3652
26508
55160
10460
30846
79034
55249
6165
9439
55003
25788
64601
58484
55142
9569
23594
79571
54976
23682
9611
399664
2275
7311
9159
11133
55663
6655
117247
921
51272
51291
10746
80233
51244
51564
221016
54433
64127
9967
29121
3824
94274
57333
9982
57448
51135
1289
147
2319
54512
57761
65010
51086
55257
64708
135927
5337
799
720
721
8073
9253
9436
3199
124857
51225
51374
84312
54810
5639
1600
10602
6277
51107
55603
3239
8754
4835
57459
6658
54819
51283
9792
54106
5335
54815
51388
58516
27173
10169
4158
27436
2
6854
81847
79690
57617
84867
54344
6130
29127
54442
55723
1902
25796
10328
55707
7171
388531
55741
51133
51317
64285
55240
83464
6101
55848
10451
8409
550
1938
80306
11284
5993
10072
22800
25873
57175
25987
26517
85477
57109
55743
84557
57099
1270
27190
54857
6095
83942
23589
55055
147945
3018
51548
51316
89866
3680
65993
284217
168544
6782
9412
252839
50848
51282
6385
1442
1443
30818
27102
55233
55139
162699
51164
64376
4975
10910
2074
2720
80279
26073
3784
22807
54951
10539
2647
10562
54822
5303
79589
10097
2018
5202
64769
171568
924
4829
23039
3562
2737
7222
112476
8740
8654
3633
1463
81576
23678
7850
5469
9924
65080
1559
23410
26528
2768
7403
2633
51412
259173
124790
25904
6539
885
5553
9863
54961
57715
90417
5973
1906
3108
113655
83640
3073
50506
221442
954
3797
55974
114902
2130
118738
65059
124402
54926
6567
4524
338
25917
220108
54461
57679
406
197257
91582
9852
10919
54108
5314
7251
1231
8310
57532
255426
624
10656
4968
84632
4291
91419
7100
8988
4069
23012
54737
23467
50507
5161
2081
5316
10566
11108
192111
55705
84695
3718
8764
5077
3767
5880
6456
6530
59082
11329
10233
3699
375686
57332
6234
65264
150572
2255
6775
7373
4038
84298
1642
3219
64081
51074
51495
8562
154075
65109
9086
29956
65125
79077
79444
5536
51204
55625
55052
51386
60313
51535
79139
93145
58533
387522
55793
7335
80746
51399
51762
5587
79947
151987
9950
81618
81932
64847
63943
22820
30820
722
79658
8721
9419
3840
55914
51155
84085
9329
51078
51024
26523
55850
25764
327
2895
79369
79083
80761
64710
3350
80237
10620
29949
79784
54458
81876
81555
81693
59269
79184
3981
29982
64223
3982
10164
26505
80329
50617
84911
9223
27343
1468
55041
4880
10913
55374
55264
51237
55681
50616
91977
30012
4602
4437
10114
151254
2803
80223
79695
22914
6872
8675
4004
7556
63916
10342
9313
10420
254887
10287
4140
55266
84440
3092
9182
53822
56267
201895
1557
51046
11117
64506
84433
29974
6853
3746
64787
3675
1071
55177
9013
317
5465
246778
1436
3170
260425
85464
677
8476
83874
124401
85409
84224
84174
8673
51465
5925
359845
8325
9051
1908
10846
79674
4716
4850
60490
1983
57062
26234
114785
79754
84932
7874
9205
11282
150771
8555
7518
57574
8784
22827
7849
90102
57530
115677
26148
5452
6623
25836
79679
51747
91522
8193
79370
56667
5537
9311
942
160851
8087
4798
57050
57787
10093
85441
23616
54763
4255
59349
1124
10211
55825
925
23451
10659
84330
64866
7881
5585
1749
55299
20
10438
80176
8832
7535
54663
112869
7453
55683
651
221527
238
114793
55297
51647
92610
25843
55758
3200
3684
113675
3818
6303
4130
54507
2773
1414
93185
79020
2960
3690
7132
10193
8125
140803
51347
23759
84984
159195
2512
4607
79977
90594
9915
1647
440275
79666
6517
6608
3454
6877
81928
51377
116461
9628
27133
27252
79736
130951
6497
27122
165918
2909
9615
84986
117579
2495
8877
3891
11267
54862
23650
3303
3952
1161
22795
6750
23517
4799
23595
169792
283987
4668
10010
2323
58190
6342
23621
23316
79897
51343
57159
3356
80262
4184
169966
6755
11216
7334
11155
1793
10274
1855
58157
80031
6553
1132
25911
26254
80028
56893
27156
30811
64375
55738
23468
5885
5173
1877
4012
53905
55613
7224
51061
51393
5728
30849
27123
5673
54212
10842
11178
51127
93
10750
54518
80021
7029
3355
6314
65082
40
8539
10747
6671
93649
55062
7226
8697
8720
3304
7629
8292
4352
164592
2246
932
55503
4049
23138
5727
6571
6041
962
55629
9502
9993
7490
25876
57594
91147
414062
6349
64434
55829
10886
79098
29068
51586
10475
54869
71
7781
5826
3619
26259
2324
9604
1369
10717
2742
347862
9402
4916
7068
85313
54557
330
58538
64753
6927
2994
5108
733
84651
136319
2817
23411
2176
57111
1896
84957
10168
9742
3306
10053
1610
10137
51008
7168
1991
26108
155465
5600
161882
3060
22920
6423
219541
6906
79173
55646
255967
55855
2162
79763
64225
116349
9185
1409
643866
8065
128866
84100
1964
9260
6493
54840
8200
5079
7099
5256
6432
4703
51773
7324
8834
4188
88
4040
6924
1131
53353
342184
9135
9522
2230
5913
5443
55308
6569
79696
9437
2212
3209
90249
164127
632
49
22933
5800
5729
5287
383
1200
10147
130497
114815
819
5566
2944
2946
2948
10313
10743
5506
1787
89882
55809
943
6402
51160
4161
90990
1946
55800
26145
9532
23126
7536
26135
93621
3849
65991
79623
253959
9451
57088
220164
3109
9782
6135
4300
30845
9759
2047
64284
53904
84105
4715
55333
54802
9541
22832
23059
124925
26168
159296
636
55176
150472
4914
2627
7003
2688
91304
1828
5083
716
283238
83988
51652
8233
11277
8658
84570
9170
347902
57409
51207
64689
3362
286262
25820
84572
2965
283234
1525
6547
92840
6754
553
7546
8313
55662
55256
266743
6815
8813
23303
57662
158358
53834
202559
472
23014
9266
10454
23543
1791
10422
135932
2187
4698
93974
4633
8527
56940
154313
23161
1950
5972
1437
23683
4133
84186
114131
10240
5965
60676
5581
6092
91179
1297
1456
54836
57126
7098
26272
51028
54998
79048
5606
55670
23474
51079
31
55435
220972
51070
79840
6549
474
54973
55890
55540
79849
1387
55049
2760
3123
340205
84181
10850
5442
8637
2248
11344
3484
2038
869
10200
54033
3738
11122
57591
8556
58155
29888
23365
6418
26064
9519
56477
55884
2526
60436
887
3823
7916
117156
4147
3762
7398
55553
10980
57085
5533
5304
85450
50810
26235
900
5718
91653
9862
157
22797
838
26056
84461
161835
5327
208
56924
6584
131408
25942
22907
8661
7097
7014
27292
51010
56904
1160
3214
9150
84978
25805
59338
79893
4640
2901
498
57630
93107
54825
221264
719
777
637
10250
4277
8290
50511
4750
4849
200539
22891
10611
285489
8382
2784
130617
55870
117144
23380
23657
130872
117
4043
11214
55968
58525
8817
959
158471
25814
10762
4440
8888
3270
2764
284358
23229
1135
3630
3430
5136
54541
28988
1781
3429
52
8019
25888
51094
9659
1234
27342
4650
2322
85444
8994
8452
282618
9747
8620
121536
161582
253260
26052
55607
5737
115650
3821
3822
162989
10544
3745
25924
3964
7297
80256
23286
23352
8646
58475
79641
11102
5201
10950
55620
3235
80851
169522
143187
23132
9904
57622
54471
874
137735
7439
3560
434
7417
1173
6263
5999
84960
222643
126669
57563
3162
84466
9255
85456
83667
393
414157
8665
8907
5875
6588
5671
114548
22895
4327
5900
9507
534
7343
6908
26191
4802
57576
26086
7392
5498
8545
9179
7360
129563
9087
94086
6360
9890
84256
6606
6607
8120
144165
84707
10848
84817
2224
55191
816
6405
10335
29775
9620
9092
654
5162
143
84839
715
10661
6559
57685
3225
51726
26224
170506
8028
339344
10111
5126
688
7434
51560
10120
84446
840
5926
1903
118426
25929
27101
6461
386724
79027
122953
57649
398
9379
94120
1471
4899
10930
25913
51601
1182
7448
57605
1854
5359
84688
8557
4956
4978
1837
146
57727
116983
5564
114034
51594
56674
2131
23095
3008
5007
51701
6752
53944
810
1374
55638
27127
2623
57724
54888
199745
2200
2649
85015
583
3082
55844
7706
51450
219844
5940
79813
7082
23019
65110
171546
7337
84248
10988
207
1030
23233
10892
57519
58473
22938
1212
5732
2553
9948
9878
387338
11104
4015
10540
5027
5922
23648
51157
5562
85403
2562
8029
285
22887
988
84612
3273
84444
10015
57626
23620
339230
10600
51523
23291
152503
54776
9321
27258
26750
10214
5957
23293
5681
5612
140462
146722
5520
84206
23030
23253
57488
10284
126272
22808
5291
23078
84680
6738
2634
8678
84332
34
55814
9666
56970
221692
134957
7410
9468
19
5080
6197
84188
157638
26249
8621
9842
4034
1628
374618
6251
4026
3084
154865
51058
7140
1075
8470
84457
1992
64420
6789
10063
7812
83707
2249
2813
9014
2073
1745
2811
9188
10294
9570
6632
51517
117157
134353
3592
1514
682
28986
84676
1420
221458
57634
10971
6885
5130
468
64219
112939
85406
353376
6048
2570
1968
10445
80817
63915
946
5289
11021
8315
64407
10307
114327
84065
1995
10153
112936
7855
23305
51341
5251
5992
58
6536
22859
116986
4889
10716
842
26060
283455
9261
26019
5354
4093
2734
540
3298
9905
112574
10927
80145
150372
8807
57560
3957
23368
9312
79953
7042
1997
4082
1211
56952
7046
3689
5371
5775
23386
3670
7096
85407
114928
3297
2205
8447
55859
5441
6340
6319
3119
846
4804
8515
57509
285596
27350
23038
57554
134266
2790
6011
2592
22884
65056
1961
22924
4654
1725
2222
9472
283629
415116
4950
5339
5082
5324
6259
57829
6619
9546
2317
7423
6813
85358
57060
57338
163732
55806
26232
6328
902
6900
25884
203260
6928
27229
1388
196513
553115
776
55885
64386
2036
51375
10048
57786
255488
22903
1759
3768
3596
54386
156
8528
8500
4438
151112
23401
7545
56990
9794
6444
9709
3672
157773
8992
27040
91768
8899
26469
1400
8237
5118
84674
84078
9849
162681
84967
115827
114822
940
6018
2125
9564
5432
22941
84959
64210
11098
9235
51655
5329
23471
84219
65078
3792
1649
144347
3001
10459
3836
5801
4987
6035
2204
9657