Creation Time:	2022-12-29 20:35:41

INPUT:
File name:	crfe_v018.py
Annotations file:	/Users/JasonJia/Desktop/CRFE/Xinglin_insilico/data/human4/human_anno.txt
Gene file:	/Users/JasonJia/Desktop/CRFE/Xinglin_insilico/data/human4/human0.4_0.25_2_10_seed_4.txt
lower limit annotations/process:	20
upper limit annotations/process:	200
k (number of perturbed categories):	0 (i.e., each perturbed gene in its own category)
threshold:	0
threshold type:	levels
belief:	5.0
Method:	MCMC with parameter learning with an empty set as initial set
repeats:	10
burnin steps:	25000
MCMC steps:	25000
Maximal value for alpha and beta:	0.3548387096774194
Maximal possible value for alpha and beta:	0.3548387096774194
Probability parameter change:	0.2
seed for RNG:	3502147519

Initial set of processes:
Empty set

INPUT ANALYSIS:
Total number of processes:	2291
Total number of genes:	11704
Number of perturbed genes:	4929
Proportion perturbed genes:	0.4211380724538619

OUTPUT:
Learnt parameters:
alpha (FPR):	0.3548387096774194
beta (FNR):	0.3548387096774194
q (penalization parameter):	0.001


Best log-likelihood value (mean +- standard deviation across replicates):	-8199.170919185177 +- 6.387017666162924

Order	#(Annotations)	#(Annotations of perturbed genes)	Mean Posterior Probability	Standard Deviation Posterior Probability	p-value	Average Expression Level	Average position perturbed genes	Term Name
1	114	81	0.89658	0.29903	3.227e+03	0.231	0.421	GO:0016072
2	106	85	0.8	0.4	2.014e+03	0.286	0.446	GO:0050920
3	86	58	0.79655	0.34508	2.027e+03	0.17	0.441	GO:0032507
4	39	30	0.72735	0.31824	3.158e+02	0.284	0.476	GO:0001756
5	82	58	0.70244	0.36735	1.690e+03	0.194	0.464	GO:0060193
6	156	111	0.62436	0.42157	6.012e+03	0.215	0.411	GO:0070663
7	36	22	0.60683	0.46216	4.136e+02	0.145	0.357	GO:0006584
8	191	153	0.59504	0.40837	6.538e+03	0.313	0.449	GO:0009146
9	40	38	0.58973	0.42206	7.998e+01	0.504	0.396	GO:0045778
10	61	38	0.51407	0.40712	1.149e+03	0.095	0.453	GO:0033273
11	43	29	0.47005	0.38843	5.115e+02	0.148	0.431	GO:0045682
12	177	94	0.40675	0.316	1.123e+04	0.019	0.467	GO:0000956
13	113	63	0.39565	0.39517	4.411e+03	0.054	0.424	GO:0044706
14	49	24	0.3221	0.29626	9.254e+02	0.017	0.377	GO:0042787
15	63	41	0.31863	0.19344	1.154e+03	0.124	0.464	GO:0030193
16	60	44	0.30945	0.20517	8.400e+02	0.245	0.404	GO:0042108
17	195	155	0.29569	0.37461	7.001e+03	0.301	0.451	GO:0009143
18	22	16	0.29275	0.44755	1.179e+02	0.245	0.407	GO:0042417
19	35	19	0.27244	0.28944	4.405e+02	0.098	0.342	GO:0006284
20	150	106	0.26003	0.37765	5.637e+03	0.205	0.412	GO:0050670
21	29	22	0.25998	0.38372	1.829e+02	0.263	0.394	GO:0001954
22	36	20	0.25801	0.34103	4.565e+02	0.099	0.405	GO:0055081
23	22	14	0.2397	0.11773	1.489e+02	0.191	0.333	GO:0006906
24	33	31	0.2396	0.29388	6.599e+01	0.499	0.393	GO:0070169
25	43	31	0.23696	0.31825	4.506e+02	0.221	0.483	GO:0035282
26	114	70	0.23414	0.31621	4.059e+03	0.16	0.405	GO:0010810
27	64	44	0.20039	0.2133	1.089e+03	0.205	0.409	GO:0001952
28	146	101	0.2	0.4	5.563e+03	0.182	0.452	GO:0050795
29	33	27	0.19951	0.18724	1.839e+02	0.225	0.575	GO:0010770
30	37	16	0.19474	0.18747	5.762e+02	-0.092	0.316	GO:0060338
31	101	63	0.19406	0.33215	3.128e+03	0.124	0.429	GO:0045185
32	56	34	0.18716	0.30301	1.000e+03	0.117	0.435	GO:0009880
33	23	14	0.18548	0.14056	1.719e+02	0.114	0.381	GO:0045930
34	68	51	0.17825	0.28697	1.020e+03	0.268	0.424	GO:0070167
35	36	23	0.17405	0.19909	3.906e+02	0.105	0.458	GO:0021766
36	41	25	0.16791	0.13687	5.364e+02	0.091	0.436	GO:0090002
37	34	24	0.16715	0.26183	2.958e+02	0.247	0.444	GO:0010812
38	25	18	0.15216	0.1804	1.549e+02	0.161	0.494	GO:0042311
39	49	28	0.1476	0.17677	8.188e+02	0.087	0.392	GO:0007368
40	37	25	0.14364	0.13214	3.787e+02	0.147	0.468	GO:0021987
41	153	81	0.14271	0.28397	8.420e+03	0.031	0.412	GO:0071496
42	78	48	0.14126	0.18238	1.902e+03	0.027	0.531	GO:0043648
43	26	15	0.13979	0.19811	2.318e+02	0.112	0.37	GO:0044774
44	27	18	0.13718	0.07717	2.079e+02	0.159	0.412	GO:0032855
45	33	21	0.13211	0.16322	3.307e+02	0.129	0.412	GO:0032648
46	74	53	0.12587	0.23406	1.343e+03	0.205	0.459	GO:0010518
47	22	17	0.12054	0.18291	1.010e+02	0.289	0.392	GO:0048762
48	151	107	0.11846	0.16501	5.681e+03	0.208	0.411	GO:0032944
49	148	79	0.11433	0.29613	7.830e+03	0.047	0.435	GO:0048015
50	42	24	0.11383	0.1091	6.032e+02	0.076	0.398	GO:0015908
51	33	17	0.11376	0.11828	4.085e+02	0.047	0.39	GO:0042339
52	53	30	0.11213	0.15515	9.654e+02	0.076	0.469	GO:0044801
53	118	62	0.11133	0.18357	5.050e+03	0.025	0.474	GO:0000184
54	187	97	0.11123	0.21449	1.275e+04	0.01	0.457	GO:0006402
55	22	13	0.11018	0.09303	1.629e+02	0.053	0.381	GO:0035336
56	20	14	0.10655	0.15108	1.059e+02	0.221	0.443	GO:0045940
57	58	36	0.1052	0.12254	1.044e+03	0.104	0.523	GO:0045833
58	108	77	0.10353	0.29901	2.878e+03	0.23	0.426	GO:0006364
59	58	33	0.10335	0.153	1.149e+03	0.06	0.428	GO:0071260
60	30	20	0.09386	0.26007	2.558e+02	0.154	0.419	GO:0045604
61	22	20	0.09112	0.12748	4.399e+01	0.334	0.56	GO:0010718
62	189	151	0.08664	0.25993	6.462e+03	0.311	0.45	GO:0009203
63	37	24	0.08604	0.10762	4.036e+02	0.102	0.511	GO:0032755
64	28	15	0.0818	0.08797	2.867e+02	0.061	0.406	GO:0018146
65	24	13	0.0787	0.09793	2.098e+02	0.032	0.407	GO:0006658
66	22	13	0.07844	0.08232	1.629e+02	0.141	0.348	GO:0032728
67	53	31	0.07499	0.15084	9.345e+02	0.094	0.412	GO:0009799
68	57	41	0.07485	0.15886	7.921e+02	0.212	0.459	GO:0007202
69	64	46	0.06039	0.18118	9.987e+02	0.205	0.459	GO:1900274
70	66	38	0.05678	0.08022	1.468e+03	0.127	0.399	GO:0010811
71	89	43	0.0526	0.07849	3.055e+03	0.012	0.399	GO:0055088
72	42	23	0.05108	0.05282	6.272e+02	-0.022	0.495	GO:0006081
73	22	13	0.04794	0.06593	1.629e+02	0.034	0.47	GO:0086002
74	58	31	0.0453	0.07372	1.214e+03	-0.003	0.461	GO:0051297
75	33	18	0.04376	0.04374	3.906e+02	0.02	0.476	GO:0006271
76	75	41	0.04158	0.10693	1.985e+03	0.018	0.444	GO:0043200
77	187	94	0.03604	0.08649	1.303e+04	-0.02	0.488	GO:0051276
78	23	13	0.03422	0.04201	1.859e+02	0.008	0.494	GO:0000083
79	20	12	0.03317	0.04395	1.329e+02	0.095	0.485	GO:0070271
80	27	15	0.03187	0.04277	2.588e+02	0.02	0.418	GO:0098656
81	69	41	0.0317	0.06152	1.552e+03	0.08	0.464	GO:0050818
82	40	20	0.0295	0.03642	6.102e+02	0.005	0.417	GO:0044273
83	120	81	0.02914	0.06631	3.929e+03	0.215	0.441	GO:0046034
84	111	69	0.02779	0.08336	3.791e+03	0.115	0.484	GO:0060191
85	22	16	0.02706	0.03427	1.179e+02	0.12	0.574	GO:0048048
86	36	23	0.0268	0.04104	3.906e+02	0.149	0.427	GO:0030195
87	23	13	0.02648	0.0268	1.859e+02	0.007	0.47	GO:0086001
88	20	13	0.02636	0.07879	1.199e+02	0.189	0.456	GO:0001953
89	57	31	0.02628	0.06367	1.156e+03	0.058	0.479	GO:0061025
90	87	56	0.02578	0.04488	2.228e+03	0.104	0.482	GO:0061041
91	108	54	0.02574	0.05682	4.386e+03	-0.006	0.433	GO:0072599
92	85	41	0.0256	0.04127	2.791e+03	-0.008	0.428	GO:0015718
93	41	23	0.02508	0.03684	5.853e+02	0.041	0.457	GO:0019748
94	22	10	0.0247	0.03629	2.008e+02	-0.048	0.316	GO:0006400
95	29	21	0.0244	0.0673	2.049e+02	0.275	0.352	GO:0051893
96	31	29	0.02435	0.06218	6.199e+01	0.471	0.417	GO:0030501
97	26	15	0.02254	0.02222	2.318e+02	0.104	0.431	GO:0000188
98	148	81	0.02142	0.06425	7.671e+03	0.051	0.44	GO:0009612
99	34	19	0.02106	0.02744	4.056e+02	0.059	0.404	GO:0015909
100	143	78	0.02055	0.05798	7.184e+03	0.065	0.447	GO:0045637
101	38	21	0.01992	0.03105	5.104e+02	0.116	0.337	GO:0030858
102	28	13	0.01986	0.02949	3.177e+02	0.014	0.38	GO:0060348
103	31	21	0.01966	0.02594	2.658e+02	0.078	0.508	GO:0035094
104	31	19	0.01938	0.02115	3.067e+02	0.122	0.479	GO:0045124
105	33	23	0.01798	0.0307	2.858e+02	0.225	0.463	GO:0043550
106	21	12	0.01773	0.01847	1.539e+02	0.129	0.369	GO:0009651
107	26	19	0.01718	0.02644	1.619e+02	0.239	0.481	GO:0048662
108	34	19	0.0167	0.02872	4.056e+02	-0.003	0.44	GO:0045646
109	25	13	0.01631	0.02018	2.348e+02	-0.039	0.413	GO:1901071
110	68	41	0.01589	0.03578	1.483e+03	0.032	0.537	GO:0019218
111	22	12	0.01572	0.04101	1.759e+02	0.084	0.341	GO:0034105
112	129	98	0.01498	0.04495	3.527e+03	0.26	0.452	GO:0046039
113	20	13	0.01468	0.02211	1.199e+02	0.146	0.449	GO:0010714
114	78	42	0.01311	0.02495	2.174e+03	0.047	0.42	GO:0007565
115	37	26	0.0131	0.02638	3.527e+02	0.241	0.379	GO:1901888
116	51	27	0.01302	0.03905	9.474e+02	0.004	0.429	GO:0090263
117	60	28	0.01274	0.02227	1.428e+03	-0.062	0.511	GO:0015833
118	52	30	0.01265	0.01942	9.126e+02	0.087	0.41	GO:0009855
119	21	12	0.01246	0.03698	1.539e+02	-0.059	0.544	GO:2000351
120	22	13	0.01192	0.01825	1.629e+02	0.063	0.521	GO:0033108
121	26	14	0.01192	0.02123	2.468e+02	0.163	0.3	GO:0051602
122	29	16	0.01183	0.01967	2.997e+02	0.088	0.524	GO:0017156
123	70	50	0.01177	0.0171	1.209e+03	0.184	0.496	GO:0032649
124	34	19	0.01168	0.02939	4.056e+02	0.088	0.497	GO:0000003
125	23	12	0.0116	0.01504	1.988e+02	0.049	0.376	GO:0044773
126	86	47	0.01146	0.02679	2.607e+03	0.044	0.466	GO:0030326
127	42	24	0.01144	0.01985	6.032e+02	0.04	0.453	GO:0001658
128	39	20	0.01139	0.01778	5.702e+02	0.03	0.404	GO:0032006
129	20	11	0.0111	0.01999	1.449e+02	0.021	0.451	GO:0006595
130	22	10	0.01108	0.01695	2.008e+02	0.057	0.328	GO:0016338
131	114	93	0.01108	0.02119	2.182e+03	0.311	0.459	GO:0006184
132	22	13	0.01086	0.01496	1.629e+02	0.03	0.52	GO:0030511
133	63	46	0.01084	0.03208	9.348e+02	0.22	0.459	GO:0010863
134	31	15	0.01058	0.0306	3.776e+02	0.011	0.388	GO:0071825
135	62	34	0.01054	0.01402	1.356e+03	0.015	0.469	GO:0031023
136	31	15	0.01014	0.01608	3.776e+02	-0.062	0.408	GO:0052646
137	22	14	0.00982	0.022	1.489e+02	0.081	0.511	GO:0051491
138	26	15	0.0097	0.01255	2.318e+02	0.136	0.39	GO:0042246
139	97	60	0.0094	0.02819	2.916e+03	0.104	0.444	GO:0051651
140	39	24	0.00936	0.02127	4.805e+02	0.078	0.483	GO:0031623
141	43	21	0.00927	0.01912	7.159e+02	0.019	0.449	GO:0007270
142	107	53	0.00907	0.01962	4.333e+03	-0.008	0.44	GO:0006613
143	21	13	0.00902	0.02617	1.409e+02	0.029	0.5	GO:0045616
144	69	32	0.00843	0.02279	1.892e+03	-0.072	0.518	GO:0042886
145	29	16	0.00818	0.01076	2.997e+02	0.007	0.478	GO:0001578
146	22	10	0.00816	0.01752	2.008e+02	-0.024	0.416	GO:0019933
147	42	25	0.00816	0.02448	5.783e+02	0.127	0.418	GO:0032092
148	22	11	0.00778	0.01915	1.879e+02	0.032	0.441	GO:0071384
149	34	20	0.00776	0.01712	3.856e+02	0.078	0.529	GO:0030815
150	32	23	0.00768	0.02015	2.528e+02	0.125	0.528	GO:0032722
151	49	22	0.0072	0.01599	9.802e+02	-0.028	0.365	GO:0051084
152	32	20	0.00718	0.01336	3.187e+02	0.126	0.412	GO:0090003
153	96	53	0.00714	0.01322	3.217e+03	0.05	0.475	GO:0017015
154	70	33	0.00687	0.01396	1.926e+03	-0.061	0.441	GO:1901607
155	23	15	0.00686	0.01056	1.569e+02	0.136	0.465	GO:0032965
156	35	19	0.00679	0.01374	4.405e+02	-0.004	0.495	GO:0022616
157	20	11	0.00647	0.01158	1.449e+02	0.037	0.486	GO:0050685
158	21	13	0.00626	0.01462	1.409e+02	0.168	0.411	GO:0071897
159	33	18	0.00605	0.01191	3.906e+02	-0.027	0.528	GO:0051963
160	21	11	0.00571	0.00977	1.659e+02	0.1	0.363	GO:0002040
161	23	13	0.0056	0.01137	1.859e+02	0.143	0.476	GO:0032504
162	69	40	0.00558	0.00778	1.593e+03	0.052	0.46	GO:0050868
163	42	22	0.00553	0.01304	6.501e+02	-0.0	0.459	GO:0048284
164	41	26	0.00528	0.01561	5.104e+02	0.101	0.495	GO:0050709
165	23	14	0.00528	0.01584	1.719e+02	0.063	0.483	GO:0048713
166	55	31	0.00524	0.00843	1.043e+03	0.036	0.479	GO:0030216
167	20	9	0.00511	0.01491	1.679e+02	-0.032	0.368	GO:0033574
168	25	14	0.00502	0.00756	2.208e+02	0.036	0.479	GO:0060998
169	29	16	0.00498	0.00811	2.997e+02	0.103	0.443	GO:0008361
170	45	21	0.00495	0.007	8.077e+02	-0.013	0.417	GO:0000096
171	87	46	0.00486	0.00939	2.740e+03	0.017	0.44	GO:0045580
172	25	13	0.0048	0.00774	2.348e+02	0.048	0.464	GO:0006501
173	21	14	0.00469	0.01408	1.269e+02	0.182	0.413	GO:0060412
174	69	46	0.00467	0.0099	1.333e+03	0.14	0.475	GO:0002250
175	24	18	0.00464	0.01391	1.299e+02	0.141	0.545	GO:0032735
176	35	24	0.00452	0.01078	3.307e+02	0.143	0.457	GO:0048286
177	24	14	0.00442	0.00678	1.959e+02	0.071	0.364	GO:0007616
178	20	10	0.0043	0.00839	1.559e+02	-0.031	0.38	GO:0046949
179	67	32	0.0042	0.00856	1.751e+03	-0.03	0.493	GO:0010469
180	85	44	0.0042	0.00762	2.659e+03	0.002	0.471	GO:0006415
181	22	12	0.00409	0.00677	1.759e+02	0.134	0.269	GO:0032862
182	23	13	0.00409	0.00542	1.859e+02	-0.025	0.487	GO:0006536
183	22	10	0.00401	0.01171	2.008e+02	-0.051	0.402	GO:0035249
184	35	25	0.0039	0.01015	3.058e+02	0.226	0.416	GO:0030890
185	40	29	0.00379	0.00786	3.857e+02	0.148	0.561	GO:0010717
186	20	9	0.00377	0.00626	1.679e+02	-0.04	0.439	GO:0031497
187	21	12	0.00356	0.0056	1.539e+02	0.119	0.489	GO:0046834
188	32	20	0.00354	0.00703	3.187e+02	0.029	0.567	GO:0048706
189	37	20	0.00348	0.00792	4.934e+02	0.083	0.421	GO:0031644
190	21	14	0.00336	0.00867	1.269e+02	0.12	0.532	GO:0031016
191	80	61	0.00336	0.0059	1.348e+03	0.284	0.442	GO:0009158
192	21	9	0.00335	0.00869	1.908e+02	0.041	0.274	GO:0035088
193	36	21	0.00334	0.01002	4.355e+02	0.104	0.442	GO:0046850
194	84	45	0.00321	0.00642	2.529e+03	0.017	0.47	GO:0019083
195	27	18	0.00319	0.00843	2.079e+02	0.13	0.577	GO:0048536
196	40	23	0.00317	0.00628	5.443e+02	0.091	0.427	GO:0050819
197	79	37	0.00316	0.00508	2.460e+03	-0.028	0.438	GO:0009791
198	59	29	0.00316	0.00722	1.334e+03	-0.007	0.414	GO:0014066
199	56	31	0.00308	0.00925	1.099e+03	0.036	0.451	GO:0045582
200	43	21	0.00303	0.00823	7.159e+02	0.033	0.46	GO:0002244
201	36	20	0.00301	0.00902	4.565e+02	0.074	0.456	GO:0002053
202	22	16	0.003	0.00634	1.179e+02	0.251	0.469	GO:0015985
203	21	13	0.00298	0.00679	1.409e+02	0.155	0.525	GO:0000272
204	91	52	0.00295	0.00799	2.801e+03	0.07	0.421	GO:0030856
205	22	12	0.00291	0.00565	1.759e+02	-0.053	0.494	GO:0001909
206	21	12	0.00287	0.00756	1.539e+02	0.012	0.526	GO:0046329
207	30	16	0.00286	0.00859	3.297e+02	0.118	0.302	GO:0032856
208	52	37	0.00284	0.00852	6.752e+02	0.131	0.571	GO:0032642
209	31	13	0.00284	0.00575	4.145e+02	-0.115	0.487	GO:0030073
210	46	24	0.00282	0.00447	7.808e+02	0.059	0.442	GO:0002028
211	39	23	0.00278	0.00651	5.044e+02	0.105	0.461	GO:0002763
212	45	27	0.00274	0.00512	6.572e+02	0.104	0.469	GO:0007193
213	21	13	0.00274	0.00582	1.409e+02	-0.034	0.624	GO:0042573
214	22	14	0.0026	0.00635	1.489e+02	0.149	0.42	GO:0061005
215	40	24	0.00259	0.00621	5.204e+02	0.038	0.493	GO:0042130
216	29	18	0.00244	0.00591	2.648e+02	0.114	0.444	GO:0050853
217	20	10	0.0024	0.00394	1.559e+02	0.058	0.333	GO:0006949
218	28	19	0.00232	0.00695	2.168e+02	0.194	0.486	GO:0031069
219	42	19	0.00229	0.00562	7.189e+02	-0.016	0.403	GO:2001257
220	21	15	0.0021	0.00601	1.119e+02	0.209	0.524	GO:0042107
221	20	10	0.0021	0.00629	1.559e+02	-0.014	0.463	GO:0051962
222	23	13	0.0021	0.00543	1.859e+02	0.05	0.441	GO:0072595
223	37	19	0.00208	0.00472	5.134e+02	-0.034	0.513	GO:0022008
224	33	19	0.00203	0.0061	3.716e+02	0.065	0.533	GO:0030809
225	21	17	0.00203	0.0044	7.897e+01	0.227	0.545	GO:0090022
226	21	10	0.002	0.00448	1.779e+02	-0.027	0.482	GO:0006342
227	28	20	0.00194	0.00553	1.969e+02	0.241	0.455	GO:0043551
228	20	11	0.00191	0.00304	1.449e+02	-0.074	0.63	GO:0002262
229	25	15	0.00191	0.00549	2.058e+02	0.064	0.526	GO:0042481
230	23	13	0.0019	0.00569	1.859e+02	0.048	0.479	GO:1903313
231	39	21	0.00188	0.00416	5.493e+02	0.062	0.394	GO:0060402
232	75	59	0.00187	0.00527	1.080e+03	0.319	0.44	GO:0006200
233	50	24	0.00185	0.00516	9.763e+02	-0.068	0.503	GO:0046164
234	52	26	0.00184	0.00551	1.026e+03	-0.031	0.479	GO:0000288
235	55	32	0.00183	0.00432	1.011e+03	0.015	0.508	GO:0050806
236	193	99	0.0018	0.0051	1.369e+04	0.014	0.446	GO:0071214
237	22	9	0.0018	0.00338	2.148e+02	-0.045	0.279	GO:0035924
238	61	50	0.0018	0.00463	6.165e+02	0.308	0.459	GO:0002688
239	23	11	0.00177	0.00518	2.118e+02	0.032	0.413	GO:0090207
240	37	19	0.00173	0.00483	5.134e+02	-0.012	0.427	GO:0030514
241	100	55	0.00172	0.00515	3.500e+03	0.055	0.498	GO:0043524
242	26	11	0.0017	0.00341	2.917e+02	-0.061	0.449	GO:0002088
243	67	37	0.0017	0.00509	1.573e+03	0.029	0.469	GO:0045621
244	51	29	0.00169	0.00455	8.906e+02	0.023	0.472	GO:0032945
245	21	8	0.00168	0.00503	2.048e+02	-0.106	0.247	GO:0045446
246	24	13	0.00162	0.00486	2.098e+02	0.006	0.519	GO:0003179
247	27	14	0.00162	0.00482	2.737e+02	0.03	0.391	GO:0090329
248	52	43	0.00161	0.00484	4.327e+02	0.315	0.474	GO:0002690
249	94	47	0.00158	0.00378	3.327e+03	0.003	0.449	GO:0030817
250	28	17	0.00158	0.0028	2.538e+02	0.08	0.476	GO:0035637
251	27	11	0.00153	0.0037	3.216e+02	-0.098	0.424	GO:0009220
252	25	12	0.00153	0.00328	2.488e+02	-0.06	0.531	GO:0016575
253	20	9	0.00152	0.00405	1.679e+02	-0.067	0.355	GO:0045577
254	41	24	0.00151	0.00454	5.613e+02	0.097	0.474	GO:0010464
255	22	14	0.0015	0.0045	1.489e+02	0.153	0.441	GO:0021915
256	22	12	0.00148	0.00301	1.759e+02	-0.003	0.465	GO:0008207
257	69	38	0.00148	0.00426	1.671e+03	0.01	0.573	GO:0051897
258	32	15	0.00147	0.0044	4.105e+02	-0.073	0.502	GO:0035601
259	41	23	0.00147	0.00295	5.853e+02	0.073	0.473	GO:0043488
260	29	13	0.00146	0.00437	3.486e+02	0.041	0.431	GO:0008334
261	107	53	0.00144	0.00433	4.333e+03	-0.014	0.441	GO:0045047
262	31	18	0.00143	0.00339	3.257e+02	-0.016	0.6	GO:0070192
263	20	13	0.00143	0.00234	1.199e+02	0.158	0.522	GO:0072676
264	28	12	0.00142	0.00228	3.346e+02	-0.085	0.332	GO:0016925
265	21	9	0.00134	0.00354	1.908e+02	-0.015	0.357	GO:0015844
266	105	52	0.00128	0.00368	4.174e+03	-0.012	0.44	GO:0006614
267	29	13	0.00128	0.0034	3.486e+02	-0.142	0.477	GO:0042743
268	190	97	0.00128	0.00384	1.331e+04	-0.064	0.526	GO:0006260
269	53	33	0.00126	0.00379	8.697e+02	0.128	0.466	GO:0042509
270	27	20	0.00126	0.00295	1.689e+02	0.214	0.438	GO:0034453
271	40	24	0.00121	0.00364	5.204e+02	0.078	0.497	GO:0007259
272	24	18	0.0012	0.00359	1.299e+02	0.218	0.455	GO:0050918
273	21	14	0.00119	0.00252	1.269e+02	0.203	0.451	GO:0035813
274	21	11	0.00118	0.00354	1.659e+02	-0.048	0.531	GO:0043300
275	29	15	0.00118	0.00263	3.157e+02	-0.026	0.458	GO:1902115
276	147	75	0.00116	0.00347	7.990e+03	-0.014	0.467	GO:0006612
277	26	18	0.00115	0.00346	1.809e+02	0.182	0.502	GO:0002702
278	25	17	0.00115	0.00197	1.729e+02	0.109	0.532	GO:0042771
279	52	30	0.00113	0.00338	9.126e+02	0.092	0.486	GO:0009145
280	41	24	0.00113	0.00207	5.613e+02	0.114	0.458	GO:0046889
281	74	33	0.00112	0.00282	2.229e+03	-0.023	0.424	GO:0006289
282	36	19	0.00107	0.00213	4.764e+02	0.05	0.427	GO:1901019
283	109	51	0.00106	0.00318	4.668e+03	-0.054	0.405	GO:0016050
284	23	19	0.00105	0.00216	8.697e+01	0.299	0.449	GO:0050927
285	24	15	0.00105	0.0021	1.809e+02	0.174	0.394	GO:0070098
286	20	10	0.00104	0.00138	1.559e+02	0.138	0.344	GO:0090559
287	33	16	0.00104	0.00312	4.265e+02	-0.077	0.569	GO:0007257
288	81	61	0.00104	0.00166	1.429e+03	0.269	0.442	GO:0009128
289	44	22	0.00104	0.00311	7.369e+02	0.026	0.491	GO:1901216
290	22	13	0.00102	0.00243	1.629e+02	0.117	0.389	GO:1901532
291	26	12	0.00102	0.0026	2.757e+02	0.056	0.448	GO:0043631
292	23	11	0.001	0.00204	2.118e+02	-0.083	0.506	GO:0009395
293	35	16	0.00098	0.00293	4.983e+02	0.011	0.449	GO:0030317
294	44	26	0.00097	0.00201	6.392e+02	0.073	0.46	GO:0046635
295	21	13	0.00097	0.00199	1.409e+02	0.079	0.491	GO:0031670
296	34	22	0.00097	0.0029	3.427e+02	0.12	0.502	GO:0035115
297	30	17	0.00097	0.0029	3.127e+02	-0.064	0.629	GO:0050433
298	146	69	0.00095	0.00286	8.295e+03	-0.059	0.446	GO:0016197
299	41	21	0.00094	0.00282	6.301e+02	-0.019	0.506	GO:0048168
300	20	11	0.00093	0.00126	1.449e+02	0.097	0.501	GO:0046854
301	37	17	0.00093	0.00278	5.542e+02	-0.061	0.458	GO:0032784
302	29	11	0.00093	0.00192	3.855e+02	-0.108	0.362	GO:0042168
303	96	48	0.00092	0.00276	3.470e+03	0.01	0.402	GO:0031668
304	122	63	0.00092	0.00275	5.466e+03	-0.015	0.498	GO:0043241
305	33	22	0.00089	0.00266	3.087e+02	0.191	0.412	GO:0042992
306	28	16	0.00088	0.00265	2.708e+02	0.004	0.499	GO:0043114
307	40	24	0.00088	0.00264	5.204e+02	0.107	0.459	GO:0035137
308	65	37	0.00088	0.00263	1.440e+03	0.118	0.377	GO:0009798
309	37	21	0.00087	0.00262	4.725e+02	0.137	0.399	GO:0003151
310	29	18	0.00087	0.00211	2.648e+02	0.12	0.531	GO:0043491
311	44	22	0.00086	0.0023	7.369e+02	-0.017	0.471	GO:0051279
312	87	48	0.00086	0.00258	2.646e+03	0.072	0.44	GO:0002761
313	26	17	0.00084	0.00253	1.989e+02	0.068	0.59	GO:2000243
314	23	14	0.00084	0.00251	1.719e+02	0.138	0.451	GO:0044062
315	30	19	0.00084	0.00251	2.758e+02	0.098	0.579	GO:0048485
316	42	26	0.00083	0.00242	5.524e+02	0.087	0.499	GO:0035136
317	46	22	0.00082	0.00247	8.296e+02	-0.009	0.409	GO:0007266
318	23	10	0.00082	0.00245	2.258e+02	-0.068	0.439	GO:0006270
319	33	19	0.00081	0.00242	3.716e+02	0.076	0.507	GO:0022409
320	33	16	0.0008	0.00227	4.265e+02	-0.009	0.491	GO:0046471
321	23	12	0.0008	0.00203	1.988e+02	0.014	0.463	GO:0042755
322	20	10	0.00078	0.00235	1.559e+02	0.036	0.446	GO:0045736
323	96	44	0.00078	0.00234	3.674e+03	-0.013	0.408	GO:0002504
324	165	78	0.00078	0.00234	1.058e+04	-0.029	0.455	GO:1901991
325	38	19	0.00077	0.00232	5.513e+02	-0.02	0.481	GO:0006997
326	31	19	0.00076	0.00153	3.067e+02	0.144	0.44	GO:0035116
327	51	26	0.00074	0.00223	9.743e+02	0.014	0.534	GO:0006942
328	77	59	0.00072	0.00215	1.232e+03	0.233	0.461	GO:0050921
329	42	20	0.00071	0.00214	6.949e+02	-0.105	0.429	GO:0031100
330	21	12	0.00071	0.00212	1.539e+02	-0.043	0.621	GO:0021522
331	25	12	0.0007	0.00146	2.488e+02	-0.054	0.446	GO:0030206
332	29	15	0.0007	0.00211	3.157e+02	0.001	0.522	GO:0044275
333	60	30	0.0007	0.00211	1.363e+03	-0.048	0.491	GO:1901616
334	99	44	0.00069	0.00208	3.982e+03	-0.062	0.434	GO:0032319
335	24	13	0.00069	0.00208	2.098e+02	-0.013	0.433	GO:0060343
336	26	13	0.00068	0.00204	2.608e+02	-0.055	0.384	GO:0033144
337	24	14	0.00067	0.00202	1.959e+02	0.131	0.523	GO:1900739
338	26	11	0.00067	0.002	2.917e+02	0.016	0.442	GO:0007212
339	25	12	0.00066	0.00112	2.488e+02	0.077	0.448	GO:0006378
340	61	35	0.00066	0.00197	1.260e+03	0.065	0.477	GO:0060491
341	22	10	0.00064	0.00192	2.008e+02	-0.076	0.503	GO:0006297
342	22	16	0.00064	0.00132	1.179e+02	0.298	0.469	GO:0033032
343	73	40	0.00064	0.00154	1.878e+03	0.058	0.517	GO:0061136
344	30	16	0.00064	0.00129	3.297e+02	0.003	0.452	GO:0000291
345	24	13	0.00063	0.0019	2.098e+02	0.019	0.558	GO:0000045
346	106	56	0.00063	0.00188	4.062e+03	0.032	0.501	GO:1901215
347	48	19	0.00062	0.00158	1.015e+03	-0.152	0.508	GO:0002790
348	22	12	0.00061	0.00169	1.759e+02	0.022	0.453	GO:0061337
349	25	12	0.00059	0.00178	2.488e+02	0.017	0.48	GO:0001937
350	25	14	0.00059	0.00176	2.208e+02	0.061	0.529	GO:0048169
351	45	25	0.00058	0.00117	7.100e+02	-0.002	0.504	GO:0048592
352	25	12	0.00058	0.00173	2.488e+02	0.035	0.462	GO:0031055
353	20	13	0.00058	0.0015	1.199e+02	0.169	0.376	GO:0032757
354	104	79	0.00058	0.00139	2.297e+03	0.274	0.391	GO:0070665
355	21	12	0.00056	0.00114	1.539e+02	0.06	0.434	GO:0045907
356	29	23	0.00055	0.00164	1.599e+02	0.242	0.536	GO:0071622
357	33	14	0.00053	0.0016	4.654e+02	-0.095	0.486	GO:0002753
358	144	66	0.00053	0.00158	8.229e+03	-0.058	0.436	GO:0044272
359	20	10	0.00052	0.00157	1.559e+02	0.067	0.451	GO:0007220
360	38	17	0.00052	0.00112	5.941e+02	-0.074	0.404	GO:0009066
361	20	10	0.00052	0.00155	1.559e+02	0.009	0.362	GO:0008210
362	66	33	0.0005	0.0015	1.647e+03	-0.002	0.487	GO:0007043
363	27	17	0.0005	0.0015	2.258e+02	0.066	0.51	GO:0042517
364	72	38	0.0005	0.0015	1.884e+03	0.027	0.487	GO:0050673
365	20	14	0.00048	0.00109	1.059e+02	0.117	0.494	GO:0001782
366	36	22	0.00048	0.00145	4.136e+02	0.085	0.542	GO:0042312
367	25	18	0.00047	0.00102	1.549e+02	0.239	0.457	GO:0043552
368	26	17	0.00047	0.00095	1.989e+02	0.039	0.545	GO:0050710
369	26	16	0.00046	0.00137	2.158e+02	0.021	0.634	GO:0061098
370	22	9	0.00046	0.00137	2.148e+02	-0.109	0.526	GO:0018200
371	97	51	0.00046	0.00137	3.417e+03	0.031	0.461	GO:0071901
372	25	12	0.00044	0.00131	2.488e+02	-0.021	0.47	GO:0007622
373	94	50	0.00043	0.0013	3.181e+03	0.01	0.487	GO:0019827
374	20	9	0.00043	0.0013	1.679e+02	-0.028	0.338	GO:0052652
375	67	32	0.00043	0.00128	1.751e+03	0.026	0.427	GO:0051339
376	33	17	0.00042	0.00127	4.085e+02	0.02	0.437	GO:0009409
377	51	35	0.00042	0.00125	6.962e+02	0.207	0.414	GO:0030888
378	31	12	0.00042	0.00125	4.344e+02	-0.137	0.471	GO:0051966
379	91	45	0.00041	0.00124	3.143e+03	-0.047	0.516	GO:0045444
380	58	33	0.0004	0.00121	1.149e+03	0.05	0.48	GO:0001816
381	32	16	0.0004	0.0012	3.926e+02	0.033	0.395	GO:0032414
382	34	19	0.0004	0.00098	4.056e+02	0.092	0.437	GO:0001707
383	40	22	0.00039	0.00089	5.673e+02	0.074	0.393	GO:0060401
384	68	33	0.00038	0.00114	1.784e+03	0.001	0.435	GO:0030518
385	34	17	0.00038	0.00114	4.425e+02	-0.023	0.476	GO:0035176
386	24	13	0.00037	0.00112	2.098e+02	0.092	0.402	GO:0032228
387	58	32	0.00037	0.00112	1.182e+03	0.003	0.534	GO:0050777
388	45	24	0.00037	0.00112	7.349e+02	-0.073	0.571	GO:0050885
389	21	10	0.00037	0.00112	1.779e+02	0.017	0.426	GO:0071385
390	91	51	0.00037	0.00076	2.853e+03	0.057	0.504	GO:0007423
391	21	11	0.00036	0.00109	1.659e+02	-0.074	0.61	GO:0046135
392	22	13	0.00036	0.00098	1.629e+02	0.047	0.586	GO:0001702
393	31	17	0.00035	0.00104	3.437e+02	0.086	0.337	GO:0051057
394	24	11	0.00034	0.00103	2.368e+02	-0.001	0.393	GO:0051385
395	24	9	0.00034	0.00102	2.677e+02	-0.117	0.414	GO:0000289
396	41	22	0.00034	0.00102	6.082e+02	-0.01	0.497	GO:0046637
397	91	47	0.00034	0.00101	3.050e+03	0.024	0.417	GO:0045766
398	179	95	0.00034	0.00101	1.149e+04	0.022	0.453	GO:1901342
399	100	75	0.00033	0.001	2.197e+03	0.26	0.395	GO:0050671
400	32	13	0.00032	0.00097	4.494e+02	-0.083	0.445	GO:0032371
401	22	18	0.00032	0.00097	8.297e+01	0.326	0.492	GO:2000401
402	35	20	0.00032	0.00096	4.205e+02	0.073	0.529	GO:0030800
403	90	54	0.00032	0.00096	2.604e+03	0.085	0.489	GO:0070374
404	109	53	0.00032	0.00095	4.552e+03	-0.02	0.458	GO:0030808
405	66	28	0.00032	0.00095	1.831e+03	-0.053	0.365	GO:0034340
406	28	15	0.00032	0.00095	2.867e+02	-0.039	0.481	GO:0043370
407	63	45	0.00031	0.00094	9.807e+02	0.121	0.566	GO:0072073
408	87	46	0.00031	0.00094	2.740e+03	0.022	0.521	GO:1903362
409	22	12	0.0003	0.00086	1.759e+02	0.029	0.484	GO:0000819
410	39	22	0.0003	0.0009	5.274e+02	0.013	0.492	GO:0002260
411	53	30	0.0003	0.0009	9.654e+02	0.031	0.466	GO:0048863
412	46	25	0.0003	0.0009	7.559e+02	0.061	0.419	GO:1902600
413	31	21	0.0003	0.00089	2.658e+02	0.221	0.405	GO:0030279
414	32	17	0.0003	0.00089	3.756e+02	0.036	0.438	GO:0044246
415	23	10	0.00029	0.00088	2.258e+02	-0.084	0.546	GO:0007176
416	21	13	0.00028	0.00063	1.409e+02	0.098	0.539	GO:0050820
417	23	11	0.00028	0.00085	2.118e+02	-0.145	0.618	GO:0060760
418	75	39	0.00028	0.00083	2.066e+03	-0.045	0.537	GO:0051170
419	106	74	0.00027	0.00066	2.890e+03	0.178	0.432	GO:0042129
420	103	51	0.00026	0.00078	4.018e+03	-0.004	0.444	GO:0030814
421	26	10	0.00026	0.00078	3.087e+02	-0.124	0.432	GO:0046132
422	50	29	0.00026	0.00077	8.397e+02	0.101	0.414	GO:0034103
423	36	16	0.00025	0.00076	5.363e+02	-0.114	0.448	GO:0006040
424	34	19	0.00025	0.00076	4.056e+02	-0.003	0.552	GO:0045921
425	22	11	0.00025	0.00074	1.879e+02	-0.035	0.466	GO:0044089
426	38	25	0.00024	0.00072	4.166e+02	0.164	0.519	GO:0006754
427	22	12	0.00024	0.00072	1.759e+02	0.004	0.463	GO:0045622
428	70	42	0.00024	0.00072	1.580e+03	0.085	0.484	GO:0046425
429	60	34	0.00023	0.00048	1.234e+03	-0.012	0.532	GO:0002443
430	28	14	0.00023	0.00068	3.017e+02	-0.014	0.543	GO:0006309
431	20	10	0.00023	0.00068	1.559e+02	-0.017	0.454	GO:0016241
432	24	20	0.00023	0.00054	9.097e+01	0.316	0.438	GO:0050926
433	24	14	0.0002	0.00061	1.959e+02	0.127	0.461	GO:0007194
434	50	31	0.0002	0.00061	7.789e+02	0.091	0.538	GO:0008630
435	31	14	0.0002	0.00061	3.955e+02	-0.086	0.405	GO:0015682
436	31	19	0.0002	0.0006	3.067e+02	0.003	0.553	GO:0019692
437	23	11	0.0002	0.00059	2.118e+02	0.03	0.404	GO:0019098
438	32	24	0.00019	0.00041	2.289e+02	0.264	0.473	GO:2000107
439	37	18	0.00019	0.00056	5.333e+02	-0.065	0.453	GO:0031047
440	26	13	0.00018	0.00054	2.608e+02	-0.056	0.584	GO:0043113
441	38	15	0.00017	0.0005	6.410e+02	-0.159	0.496	GO:0008156
442	29	14	0.00016	0.00048	3.316e+02	-0.047	0.584	GO:0043486
443	23	11	0.00016	0.00047	2.118e+02	-0.092	0.508	GO:0007062
444	31	14	0.00015	0.0003	3.955e+02	-0.136	0.505	GO:0042558
445	40	19	0.00015	0.00044	6.321e+02	0.002	0.519	GO:0055117
446	45	30	0.00014	0.00041	5.704e+02	0.112	0.54	GO:0032655
447	21	16	0.00013	0.0004	9.596e+01	0.237	0.535	GO:0002720
448	40	22	0.00013	0.0004	5.673e+02	0.054	0.504	GO:1900543
449	22	10	0.00012	0.00036	2.008e+02	-0.018	0.482	GO:0090103
450	30	18	0.00012	0.00035	2.947e+02	0.084	0.549	GO:0030818
451	25	14	0.00011	0.00032	2.208e+02	0.118	0.461	GO:0031280
452	63	34	0.00011	0.00032	1.419e+03	-0.015	0.533	GO:0050880
453	37	15	0.0001	0.0003	5.991e+02	-0.179	0.499	GO:1901264
454	25	14	0.0001	0.00029	2.208e+02	0.074	0.425	GO:0006893
455	35	16	0.0001	0.00029	4.983e+02	-0.039	0.544	GO:0007205
456	32	20	9e-05	0.00028	3.187e+02	0.084	0.518	GO:0051489
457	32	13	9e-05	0.00026	4.494e+02	-0.116	0.433	GO:0016486
458	56	28	9e-05	0.00026	1.189e+03	-0.05	0.511	GO:0022403
459	39	20	9e-05	0.00026	5.702e+02	-0.014	0.568	GO:0051017
460	34	21	8e-05	0.00025	3.647e+02	0.056	0.574	GO:0051055
461	28	17	8e-05	0.00024	2.538e+02	0.071	0.503	GO:0048008
462	20	9	8e-05	0.00023	1.679e+02	-0.021	0.389	GO:0002861
463	23	14	8e-05	0.00023	1.719e+02	-0.015	0.648	GO:0003254
464	62	34	7e-05	0.00022	1.356e+03	-0.006	0.508	GO:0035264
465	40	20	7e-05	0.0002	6.102e+02	-0.082	0.512	GO:0001541
466	35	20	6e-05	0.00019	4.205e+02	0.065	0.465	GO:0050848
467	28	14	6e-05	0.00018	3.017e+02	-0.024	0.489	GO:0051702
468	190	94	5e-05	0.00016	1.360e+04	-0.021	0.467	GO:0090150
469	22	14	5e-05	0.00014	1.489e+02	0.133	0.579	GO:0051293
470	26	11	4e-05	0.00012	2.917e+02	-0.077	0.458	GO:0000722
471	25	14	4e-05	0.00011	2.208e+02	0.038	0.522	GO:0006611
472	20	7	4e-05	0.00011	1.948e+02	-0.182	0.522	GO:0030902
473	31	16	3e-05	0.0001	3.606e+02	0.089	0.388	GO:0051282
474	61	32	3e-05	8e-05	1.361e+03	0.053	0.422	GO:0006818
475	30	16	2e-05	7e-05	3.297e+02	-0.061	0.618	GO:0043331
476	95	53	2e-05	5e-05	3.121e+03	0.029	0.484	GO:0051250
477	55	27	1e-05	4e-05	1.162e+03	0.027	0.46	GO:0007224
478	26	13	1e-05	4e-05	2.608e+02	-0.093	0.631	GO:0032350
479	26	16	1e-05	2e-05	2.158e+02	0.204	0.386	GO:0014910
480	61	34	1e-05	2e-05	1.295e+03	0.09	0.451	GO:0016525
481	58	38	1e-05	2e-05	9.696e+02	0.142	0.476	GO:0022613