Creation Time:	2022-12-29 21:11:12

INPUT:
File name:	crfe_v018.py
Annotations file:	/Users/JasonJia/Desktop/CRFE/Xinglin_insilico/data/human4/human_anno.txt
Gene file:	/Users/JasonJia/Desktop/CRFE/Xinglin_insilico/data/human4/human0.4_0.25_2_10_seed_2.txt
lower limit annotations/process:	20
upper limit annotations/process:	200
k (number of perturbed categories):	0 (i.e., each perturbed gene in its own category)
threshold:	0
threshold type:	levels
belief:	5.0
Method:	MCMC with parameter learning with an empty set as initial set
repeats:	10
burnin steps:	25000
MCMC steps:	25000
Maximal value for alpha and beta:	0.3548387096774194
Maximal possible value for alpha and beta:	0.3548387096774194
Probability parameter change:	0.2
seed for RNG:	3856396336

Initial set of processes:
Empty set

INPUT ANALYSIS:
Total number of processes:	2291
Total number of genes:	11704
Number of perturbed genes:	4808
Proportion perturbed genes:	0.4107997265892003

OUTPUT:
Learnt parameters:
alpha (FPR):	0.3548387096774194
beta (FNR):	0.3193548387096774
q (penalization parameter):	0.001


Best log-likelihood value (mean +- standard deviation across replicates):	-8274.640801372536 +- 9.706186344717247

Order	#(Annotations)	#(Annotations of perturbed genes)	Mean Posterior Probability	Standard Deviation Posterior Probability	p-value	Average Expression Level	Average position perturbed genes	Term Name
1	40	37	1.0	0.0	1.180e+02	0.449	0.45	GO:0006383
2	77	61	1.0	0.0	1.112e+03	0.237	0.523	GO:0010821
3	58	46	1.0	0.0	6.304e+02	0.325	0.459	GO:0010955
4	52	38	1.0	0.0	6.373e+02	0.221	0.415	GO:0060688
5	50	38	0.98858	0.03426	5.345e+02	0.231	0.567	GO:0007498
6	58	43	0.93655	0.19036	7.652e+02	0.269	0.421	GO:0002526
7	20	15	0.71087	0.27034	9.096e+01	0.245	0.452	GO:0045736
8	75	45	0.70048	0.23365	1.812e+03	0.035	0.516	GO:0018958
9	66	54	0.67826	0.44856	7.263e+02	0.312	0.451	GO:0007043
10	26	23	0.59141	0.48334	7.598e+01	0.506	0.309	GO:0061098
11	21	13	0.53662	0.25918	1.409e+02	0.115	0.314	GO:0036230
12	22	14	0.49572	0.24976	1.489e+02	0.095	0.432	GO:0046688
13	47	33	0.40903	0.48317	5.674e+02	0.262	0.352	GO:0061097
14	49	29	0.36071	0.2577	7.899e+02	0.082	0.486	GO:0006626
15	89	47	0.35051	0.30324	2.870e+03	0.001	0.468	GO:0006814
16	35	19	0.34413	0.28194	4.405e+02	0.088	0.392	GO:0002762
17	36	19	0.25474	0.29749	4.764e+02	0.039	0.39	GO:0030433
18	31	20	0.25133	0.25491	2.868e+02	0.224	0.432	GO:0030901
19	20	14	0.2245	0.15885	1.059e+02	0.274	0.365	GO:0030902
20	146	86	0.20427	0.39806	6.963e+03	0.071	0.484	GO:0034329
21	88	51	0.19063	0.23749	2.584e+03	0.064	0.484	GO:0001959
22	94	56	0.17109	0.16125	2.863e+03	0.069	0.495	GO:0060759
23	26	14	0.16803	0.1753	2.468e+02	0.083	0.392	GO:0035384
24	38	20	0.16404	0.1724	5.313e+02	0.002	0.408	GO:0046365
25	32	23	0.13349	0.13519	2.528e+02	0.204	0.444	GO:0032722
26	52	34	0.13013	0.11422	7.830e+02	0.11	0.488	GO:0032642
27	21	15	0.1149	0.10657	1.119e+02	0.235	0.399	GO:0035813
28	27	16	0.11393	0.15552	2.428e+02	0.126	0.405	GO:0021549
29	148	92	0.1	0.3	6.723e+03	0.104	0.477	GO:0045216
30	37	23	0.09762	0.11498	4.276e+02	0.128	0.484	GO:0060338
31	66	36	0.09428	0.09758	1.543e+03	0.016	0.477	GO:0006304
32	114	53	0.08784	0.13867	5.125e+03	-0.035	0.41	GO:0055076
33	38	23	0.08754	0.12326	4.655e+02	0.076	0.506	GO:0050911
34	20	10	0.0808	0.06927	1.559e+02	0.07	0.321	GO:0008210
35	28	17	0.07859	0.09076	2.538e+02	0.126	0.395	GO:0043114
36	32	20	0.07344	0.12388	3.187e+02	0.136	0.439	GO:0050732
37	51	30	0.0731	0.10085	8.607e+02	0.071	0.502	GO:0072655
38	29	16	0.07288	0.07924	2.997e+02	0.054	0.398	GO:0046513
39	29	19	0.07029	0.05623	2.458e+02	0.128	0.46	GO:0050853
40	22	14	0.06775	0.06435	1.489e+02	0.209	0.397	GO:0018200
41	40	31	0.06404	0.19016	3.248e+02	0.313	0.406	GO:0006953
42	37	20	0.05916	0.06822	4.934e+02	0.061	0.433	GO:0006305
43	58	32	0.05892	0.11594	1.182e+03	0.097	0.468	GO:2000648
44	41	23	0.05382	0.06588	5.853e+02	0.076	0.477	GO:0051588
45	37	18	0.05284	0.07375	5.333e+02	-0.035	0.418	GO:0007292
46	20	14	0.05214	0.05215	1.059e+02	0.137	0.522	GO:0051962
47	38	18	0.04635	0.07336	5.722e+02	0.041	0.35	GO:0070936
48	61	35	0.03746	0.08398	1.260e+03	0.0	0.499	GO:0051705
49	138	67	0.03736	0.09208	7.286e+03	0.004	0.477	GO:0034728
50	40	19	0.03661	0.04294	6.321e+02	-0.03	0.413	GO:0016126
51	23	14	0.03599	0.04914	1.719e+02	0.106	0.358	GO:0021533
52	35	17	0.0352	0.06313	4.784e+02	0.084	0.336	GO:0050848
53	30	15	0.03422	0.04113	3.456e+02	-0.01	0.442	GO:0008038
54	42	26	0.03355	0.03737	5.524e+02	0.113	0.437	GO:0045428
55	30	15	0.03277	0.05606	3.456e+02	0.058	0.414	GO:0048485
56	23	15	0.03152	0.02733	1.569e+02	0.176	0.399	GO:0044062
57	31	19	0.03094	0.02928	3.067e+02	0.091	0.484	GO:0048663
58	37	21	0.02983	0.0448	4.725e+02	0.112	0.429	GO:0061351
59	26	15	0.02922	0.03394	2.318e+02	0.146	0.37	GO:2000243
60	29	16	0.02844	0.03743	2.997e+02	-0.041	0.425	GO:0002275
61	31	16	0.02806	0.03785	3.606e+02	0.118	0.36	GO:0035065
62	20	12	0.02756	0.03413	1.329e+02	0.155	0.38	GO:0030104
63	43	22	0.02729	0.05284	6.930e+02	0.082	0.394	GO:0043966
64	22	14	0.02696	0.04132	1.489e+02	0.032	0.54	GO:0033032
65	20	10	0.02678	0.04338	1.559e+02	-0.008	0.376	GO:0048477
66	22	11	0.02534	0.02737	1.879e+02	0.015	0.364	GO:0051293
67	31	17	0.02508	0.03704	3.437e+02	0.095	0.428	GO:0030318
68	33	21	0.02499	0.03384	3.307e+02	0.134	0.45	GO:0032648
69	57	30	0.02484	0.06033	1.187e+03	0.026	0.46	GO:0002065
70	21	13	0.02457	0.05451	1.409e+02	0.176	0.378	GO:0032925
71	41	27	0.02416	0.03018	4.835e+02	0.137	0.514	GO:0010464
72	28	20	0.02393	0.04578	1.969e+02	0.183	0.467	GO:0051145
73	24	17	0.02328	0.02058	1.479e+02	0.124	0.55	GO:0033003
74	20	12	0.02307	0.02621	1.329e+02	0.13	0.398	GO:2000677
75	32	17	0.02226	0.0374	3.756e+02	0.025	0.499	GO:0007528
76	34	17	0.02184	0.03399	4.425e+02	-0.005	0.412	GO:0006695
77	29	17	0.02091	0.03331	2.828e+02	0.054	0.418	GO:0050690
78	20	14	0.02053	0.02106	1.059e+02	0.263	0.397	GO:0001782
79	49	26	0.02034	0.02979	8.736e+02	-0.033	0.491	GO:0000724
80	22	11	0.01917	0.03379	1.879e+02	-0.008	0.364	GO:0042430
81	20	12	0.019	0.02679	1.329e+02	0.169	0.471	GO:0051954
82	25	16	0.01816	0.03388	1.899e+02	0.157	0.426	GO:0010543
83	176	100	0.01747	0.05242	1.047e+04	0.05	0.488	GO:0034330
84	21	10	0.01714	0.02647	1.779e+02	-0.022	0.347	GO:0046834
85	23	14	0.01709	0.02901	1.719e+02	0.168	0.383	GO:0000060
86	23	15	0.0167	0.02384	1.569e+02	0.196	0.395	GO:2000191
87	36	23	0.01616	0.01744	3.906e+02	0.13	0.491	GO:0002053
88	22	15	0.0159	0.01625	1.339e+02	0.108	0.53	GO:0044089
89	27	13	0.01588	0.02578	2.887e+02	-0.024	0.335	GO:0046209
90	20	12	0.01485	0.01977	1.329e+02	0.102	0.432	GO:0060479
91	67	35	0.01445	0.02776	1.645e+03	0.059	0.404	GO:1902106
92	43	25	0.01414	0.03327	6.212e+02	0.088	0.523	GO:0007270
93	20	9	0.01348	0.01369	1.679e+02	0.019	0.302	GO:0046949
94	26	15	0.01346	0.02604	2.318e+02	0.079	0.458	GO:0002286
95	30	20	0.01346	0.01786	2.558e+02	0.15	0.435	GO:0045429
96	63	35	0.01303	0.01599	1.384e+03	0.081	0.412	GO:0042058
97	40	18	0.01291	0.01826	6.550e+02	0.004	0.385	GO:0044273
98	22	14	0.01248	0.01525	1.489e+02	0.1	0.514	GO:0051181
99	58	34	0.01248	0.03461	1.115e+03	0.14	0.448	GO:0001816
100	21	13	0.01243	0.01812	1.409e+02	0.124	0.451	GO:0033081
101	29	17	0.0122	0.02332	2.828e+02	0.053	0.519	GO:0043486
102	22	11	0.01131	0.02633	1.879e+02	0.036	0.385	GO:0033344
103	28	16	0.01123	0.02632	2.708e+02	-0.021	0.435	GO:0031663
104	24	11	0.0112	0.01949	2.368e+02	0.111	0.268	GO:0050850
105	62	36	0.01107	0.02845	1.286e+03	0.075	0.444	GO:0003014
106	28	14	0.01088	0.0181	3.017e+02	0.028	0.421	GO:0044743
107	33	20	0.01059	0.01413	3.517e+02	0.061	0.553	GO:0051963
108	112	55	0.01045	0.02783	4.773e+03	-0.007	0.471	GO:0040029
109	72	43	0.01039	0.02681	1.680e+03	0.109	0.445	GO:0050673
110	20	10	0.00964	0.01664	1.559e+02	0.012	0.347	GO:0046854
111	25	15	0.00961	0.02147	2.058e+02	0.124	0.37	GO:0045058
112	35	20	0.0096	0.01806	4.206e+02	0.135	0.411	GO:0002712
113	23	14	0.00921	0.02208	1.719e+02	0.026	0.499	GO:0019098
114	32	17	0.0091	0.01019	3.756e+02	0.09	0.428	GO:0050931
115	21	11	0.00901	0.01526	1.659e+02	0.129	0.31	GO:0008045
116	23	16	0.00896	0.01378	1.409e+02	0.114	0.547	GO:0010771
117	23	16	0.0087	0.01046	1.409e+02	0.2	0.389	GO:0007176
118	26	16	0.00862	0.01334	2.158e+02	0.064	0.613	GO:0021955
119	23	14	0.00862	0.0122	1.719e+02	0.172	0.442	GO:0032892
120	119	61	0.00834	0.01596	5.230e+03	0.0	0.442	GO:0050851
121	34	19	0.00809	0.01481	4.056e+02	0.119	0.42	GO:0002889
122	20	12	0.00804	0.01981	1.329e+02	0.071	0.507	GO:0048857
123	28	15	0.0079	0.01326	2.867e+02	0.066	0.509	GO:0060348
124	50	27	0.00769	0.01439	8.966e+02	0.011	0.486	GO:0044728
125	77	42	0.00755	0.01173	2.096e+03	0.069	0.495	GO:0072091
126	46	23	0.00753	0.01835	8.047e+02	-0.035	0.397	GO:0042446
127	60	33	0.0074	0.01325	1.268e+03	0.077	0.415	GO:0042108
128	67	39	0.00681	0.01066	1.496e+03	0.068	0.488	GO:0001570
129	41	25	0.00681	0.01789	5.364e+02	0.072	0.48	GO:0050764
130	50	27	0.00669	0.01409	8.966e+02	-0.001	0.503	GO:0009267
131	89	43	0.0065	0.01312	3.055e+03	-0.042	0.43	GO:0046916
132	32	16	0.00639	0.00899	3.926e+02	0.004	0.513	GO:0046928
133	38	18	0.00626	0.01264	5.722e+02	0.027	0.406	GO:0009311
134	24	13	0.00619	0.01365	2.098e+02	0.095	0.305	GO:0006361
135	31	17	0.00605	0.01122	3.437e+02	0.0	0.511	GO:0060761
136	24	12	0.00603	0.01609	2.228e+02	0.057	0.422	GO:0043500
137	153	77	0.00599	0.01712	8.735e+03	-0.015	0.451	GO:0007005
138	28	18	0.00592	0.01069	2.358e+02	0.129	0.502	GO:0033077
139	28	17	0.00585	0.01236	2.538e+02	0.019	0.556	GO:0042036
140	41	22	0.00579	0.0107	6.082e+02	0.062	0.451	GO:0060563
141	128	69	0.00562	0.01185	5.819e+03	-0.001	0.461	GO:0000187
142	23	12	0.00543	0.00833	1.988e+02	0.046	0.41	GO:0048484
143	21	10	0.00519	0.00996	1.779e+02	0.013	0.444	GO:0006482
144	22	15	0.00518	0.00866	1.339e+02	0.134	0.472	GO:0032728
145	60	28	0.00516	0.00802	1.428e+03	-0.029	0.409	GO:0006672
146	86	39	0.00491	0.01165	2.973e+03	-0.074	0.396	GO:0046467
147	23	13	0.00482	0.00775	1.859e+02	0.073	0.448	GO:0036152
148	20	13	0.00476	0.01082	1.199e+02	0.156	0.501	GO:0033574
149	57	35	0.00474	0.00884	1.022e+03	0.059	0.472	GO:0045669
150	93	45	0.00468	0.01403	3.330e+03	-0.033	0.425	GO:0050852
151	50	26	0.00461	0.00902	9.235e+02	-0.05	0.491	GO:0000725
152	26	14	0.00458	0.00844	2.468e+02	0.096	0.433	GO:0048701
153	25	16	0.00457	0.007	1.899e+02	0.157	0.384	GO:0046006
154	77	42	0.00452	0.00913	2.096e+03	0.027	0.47	GO:0042594
155	21	15	0.00442	0.00893	1.119e+02	0.128	0.522	GO:0009651
156	54	31	0.00439	0.0098	9.884e+02	0.119	0.447	GO:0001649
157	25	12	0.00438	0.00747	2.488e+02	-0.009	0.424	GO:0061077
158	86	44	0.00436	0.01299	2.744e+03	0.029	0.437	GO:0030217
159	28	15	0.00435	0.0094	2.867e+02	-0.042	0.464	GO:0045055
160	24	12	0.00427	0.00738	2.228e+02	-0.005	0.377	GO:0000045
161	29	19	0.00421	0.0106	2.458e+02	0.122	0.475	GO:0045777
162	33	16	0.00414	0.00733	4.265e+02	-0.056	0.417	GO:0019320
163	151	73	0.00404	0.01212	8.740e+03	-0.009	0.486	GO:0071824
164	25	13	0.00388	0.00526	2.348e+02	0.073	0.445	GO:0006611
165	37	19	0.00386	0.00641	5.134e+02	0.052	0.419	GO:0072332
166	45	26	0.00382	0.00905	6.841e+02	0.101	0.444	GO:0072089
167	23	12	0.00381	0.00558	1.988e+02	0.084	0.428	GO:0006662
168	22	15	0.00368	0.00919	1.339e+02	0.109	0.573	GO:0002886
169	22	10	0.00365	0.01094	2.008e+02	-0.064	0.461	GO:0050856
170	34	18	0.00343	0.0103	4.245e+02	0.067	0.484	GO:0045646
171	35	18	0.00338	0.00439	4.595e+02	-0.0	0.492	GO:0043044
172	21	10	0.00338	0.01013	1.779e+02	-0.064	0.461	GO:0030239
173	21	12	0.00333	0.00686	1.539e+02	0.064	0.495	GO:0006342
174	22	14	0.00324	0.00677	1.489e+02	0.171	0.44	GO:0050829
175	25	17	0.00323	0.00783	1.729e+02	0.271	0.326	GO:0061217
176	32	16	0.00318	0.00749	3.926e+02	-0.033	0.416	GO:0008209
177	25	13	0.00313	0.0094	2.348e+02	0.033	0.474	GO:0031055
178	24	13	0.00309	0.0078	2.098e+02	-0.031	0.515	GO:0045687
179	28	13	0.00297	0.00517	3.177e+02	-0.03	0.435	GO:0009072
180	28	14	0.00292	0.00493	3.017e+02	-0.055	0.552	GO:0046189
181	86	47	0.00281	0.00842	2.607e+03	0.031	0.448	GO:0050714
182	33	17	0.0028	0.00496	4.085e+02	0.115	0.379	GO:2000756
183	20	10	0.00278	0.0049	1.559e+02	0.006	0.502	GO:0050892
184	100	49	0.00272	0.00676	3.815e+03	-0.049	0.507	GO:0050906
185	24	11	0.00271	0.00546	2.368e+02	0.009	0.393	GO:0071514
186	21	13	0.0027	0.00535	1.409e+02	0.093	0.446	GO:0032715
187	43	25	0.00249	0.00445	6.212e+02	0.087	0.466	GO:0032677
188	77	42	0.00248	0.00744	2.096e+03	0.02	0.534	GO:0030324
189	72	36	0.00242	0.00504	1.958e+03	0.004	0.406	GO:0050688
190	35	18	0.00235	0.00473	4.595e+02	0.043	0.486	GO:0071174
191	25	11	0.00234	0.00703	2.637e+02	0.011	0.399	GO:0042771
192	20	12	0.00234	0.00701	1.329e+02	0.009	0.566	GO:0002262
193	33	19	0.00226	0.00462	3.716e+02	0.0	0.548	GO:0045776
194	35	17	0.00226	0.00457	4.784e+02	-0.001	0.458	GO:0007628
195	36	19	0.0022	0.00659	4.764e+02	-0.012	0.484	GO:0021515
196	23	10	0.00217	0.0065	2.258e+02	-0.015	0.448	GO:0072595
197	27	13	0.00211	0.00564	2.887e+02	0.008	0.451	GO:0043489
198	28	14	0.00209	0.00531	3.017e+02	-0.066	0.468	GO:0031069
199	99	48	0.00208	0.00296	3.766e+03	-0.073	0.505	GO:0006302
200	42	20	0.00208	0.00416	6.950e+02	0.023	0.428	GO:0015918
201	58	27	0.00208	0.00421	1.337e+03	-0.078	0.458	GO:0043467
202	52	27	0.00207	0.00496	9.993e+02	0.039	0.446	GO:0043010
203	32	17	0.00206	0.00489	3.756e+02	-0.02	0.495	GO:0032392
204	30	16	0.002	0.00501	3.297e+02	0.104	0.378	GO:0046638
205	25	14	0.00198	0.00582	2.208e+02	0.099	0.338	GO:0006360
206	24	12	0.00193	0.0048	2.228e+02	0.022	0.441	GO:0006658
207	22	13	0.00192	0.00401	1.629e+02	0.054	0.442	GO:0035924
208	29	17	0.00186	0.00318	2.828e+02	0.021	0.563	GO:0043928
209	35	18	0.00186	0.00527	4.595e+02	0.114	0.323	GO:0002637
210	39	19	0.00181	0.00507	5.912e+02	-0.025	0.451	GO:0008088
211	26	11	0.00181	0.0044	2.917e+02	-0.025	0.446	GO:1902692
212	29	13	0.00178	0.00498	3.486e+02	-0.027	0.44	GO:0007157
213	20	12	0.00176	0.00472	1.329e+02	0.02	0.567	GO:0006949
214	24	11	0.00168	0.00503	2.368e+02	0.017	0.385	GO:0042596
215	49	24	0.00166	0.00498	9.254e+02	-0.041	0.445	GO:0043542
216	37	20	0.00164	0.00387	4.934e+02	0.054	0.404	GO:0030514
217	24	10	0.00162	0.00486	2.518e+02	-0.08	0.462	GO:0060343
218	32	18	0.00162	0.00454	3.576e+02	0.059	0.44	GO:0045931
219	21	8	0.00159	0.0032	2.048e+02	-0.073	0.257	GO:0046173
220	20	9	0.00157	0.0024	1.679e+02	-0.138	0.397	GO:0007220
221	20	10	0.00152	0.00456	1.559e+02	-0.002	0.518	GO:0045648
222	88	39	0.00151	0.00329	3.157e+03	-0.058	0.429	GO:0055072
223	54	31	0.00149	0.00448	9.884e+02	0.096	0.431	GO:0033138
224	36	15	0.00148	0.00445	5.582e+02	-0.022	0.39	GO:0006040
225	57	29	0.00148	0.00349	1.217e+03	0.024	0.427	GO:0030900
226	24	11	0.00148	0.00444	2.368e+02	-0.136	0.394	GO:0050918
227	36	21	0.00142	0.0036	4.355e+02	0.104	0.42	GO:0048538
228	25	14	0.00142	0.00425	2.208e+02	0.033	0.48	GO:0036151
229	22	13	0.00141	0.00379	1.629e+02	0.043	0.553	GO:0001961
230	35	14	0.0014	0.0042	5.412e+02	-0.013	0.414	GO:0030317
231	116	54	0.00137	0.00334	5.300e+03	-0.021	0.485	GO:0006334
232	34	27	0.00134	0.00402	2.179e+02	0.218	0.547	GO:1901028
233	21	11	0.00133	0.00352	1.659e+02	0.098	0.288	GO:0006363
234	23	16	0.0013	0.00383	1.409e+02	0.072	0.586	GO:0048512
235	22	10	0.00128	0.00383	2.008e+02	-0.135	0.547	GO:0042417
236	30	17	0.00125	0.00301	3.127e+02	0.005	0.563	GO:0000291
237	21	11	0.00124	0.00371	1.659e+02	0.08	0.354	GO:0046329
238	28	13	0.00123	0.00285	3.177e+02	-0.099	0.484	GO:0043470
239	33	17	0.00121	0.00243	4.085e+02	0.028	0.456	GO:0046471
240	30	15	0.0012	0.00294	3.456e+02	-0.073	0.489	GO:0070873
241	34	17	0.0012	0.00249	4.425e+02	0.088	0.379	GO:1901983
242	33	26	0.00118	0.00185	2.109e+02	0.249	0.471	GO:0090199
243	23	13	0.00117	0.00352	1.859e+02	0.056	0.449	GO:0003254
244	24	18	0.00114	0.00177	1.299e+02	0.202	0.535	GO:1900739
245	49	27	0.00113	0.00338	8.467e+02	0.06	0.507	GO:0006998
246	30	16	0.00111	0.00263	3.297e+02	-0.04	0.522	GO:0032508
247	23	12	0.00109	0.00328	1.988e+02	0.121	0.386	GO:0045581
248	20	8	0.00109	0.00289	1.808e+02	-0.048	0.486	GO:0060291
249	42	34	0.00108	0.00152	3.088e+02	0.315	0.486	GO:0045861
250	21	10	0.00107	0.00322	1.779e+02	0.01	0.354	GO:0072009
251	25	16	0.00106	0.00232	1.899e+02	0.049	0.586	GO:0007622
252	26	13	0.00103	0.00308	2.608e+02	0.037	0.402	GO:0002702
253	22	11	0.00098	0.00127	1.879e+02	0.023	0.444	GO:0035249
254	22	14	0.00098	0.00245	1.489e+02	0.081	0.47	GO:0016338
255	38	21	0.00097	0.00292	5.104e+02	0.044	0.441	GO:0030858
256	21	11	0.00097	0.0029	1.659e+02	-0.078	0.455	GO:0043299
257	21	11	0.00096	0.002	1.659e+02	0.042	0.392	GO:0014003
258	25	12	0.00095	0.00238	2.488e+02	0.007	0.46	GO:0070534
259	20	11	0.00095	0.002	1.449e+02	-0.059	0.582	GO:0060045
260	57	31	0.00094	0.00283	1.156e+03	0.031	0.486	GO:0003143
261	47	24	0.00094	0.00282	8.277e+02	0.104	0.376	GO:0001776
262	42	23	0.00093	0.0028	6.272e+02	0.074	0.47	GO:0032092
263	28	14	0.00092	0.00277	3.017e+02	0.007	0.435	GO:0043462
264	48	35	0.00092	0.00275	5.465e+02	0.201	0.501	GO:0010822
265	51	26	0.00091	0.00272	9.744e+02	-0.002	0.464	GO:0032945
266	33	18	0.0009	0.00206	3.906e+02	0.094	0.455	GO:0009409
267	30	16	0.0009	0.0014	3.297e+02	-0.019	0.486	GO:0050433
268	30	14	0.00089	0.00264	3.626e+02	-0.05	0.474	GO:0018410
269	46	22	0.00088	0.00228	8.297e+02	-0.011	0.493	GO:0006333
270	20	11	0.00088	0.00201	1.449e+02	0.065	0.433	GO:0090559
271	20	11	0.00085	0.00247	1.449e+02	-0.051	0.568	GO:2000108
272	64	35	0.00084	0.00252	1.448e+03	0.078	0.412	GO:1901184
273	38	15	0.00083	0.00152	6.410e+02	-0.011	0.333	GO:0009066
274	20	8	0.00083	0.00248	1.808e+02	-0.175	0.499	GO:0003341
275	41	19	0.0008	0.00241	6.750e+02	-0.037	0.463	GO:0043488
276	28	15	0.00078	0.00233	2.867e+02	0.088	0.408	GO:2000242
277	25	12	0.00074	0.00221	2.488e+02	-0.024	0.416	GO:0044058
278	73	37	0.00074	0.00221	1.994e+03	-0.021	0.498	GO:0050728
279	28	14	0.00072	0.00217	3.017e+02	-0.066	0.537	GO:0032845
280	22	11	0.00072	0.00216	1.879e+02	-0.058	0.434	GO:0014065
281	60	26	0.00071	0.00173	1.497e+03	-0.093	0.362	GO:0030148
282	29	11	0.00071	0.00146	3.855e+02	-0.156	0.407	GO:0008334
283	26	12	0.00069	0.00208	2.757e+02	0.013	0.335	GO:0032873
284	30	14	0.00069	0.00143	3.626e+02	0.006	0.461	GO:0045104
285	42	20	0.00068	0.00203	6.950e+02	0.001	0.436	GO:0007249
286	36	16	0.00067	0.002	5.363e+02	-0.082	0.421	GO:0050999
287	25	13	0.00066	0.00198	2.348e+02	0.089	0.363	GO:0001659
288	24	14	0.00066	0.00198	1.959e+02	0.076	0.492	GO:0046627
289	20	7	0.00066	0.00197	1.948e+02	-0.204	0.332	GO:0031640
290	33	18	0.00065	0.00196	3.906e+02	0.02	0.478	GO:0032370
291	30	13	0.00064	0.00193	3.806e+02	-0.056	0.502	GO:0007040
292	23	10	0.00064	0.00133	2.258e+02	-0.018	0.464	GO:1903313
293	21	11	0.00064	0.00139	1.659e+02	0.006	0.555	GO:0010165
294	44	22	0.00063	0.00171	7.369e+02	0.028	0.422	GO:0002920
295	37	22	0.00062	0.00187	4.505e+02	0.003	0.627	GO:0021987
296	31	13	0.00062	0.00187	4.145e+02	-0.081	0.401	GO:0070192
297	34	19	0.00061	0.00184	4.056e+02	-0.005	0.58	GO:0035176
298	41	18	0.0006	0.0018	6.989e+02	-0.109	0.449	GO:0070542
299	58	32	0.0006	0.00179	1.182e+03	0.025	0.446	GO:0050715
300	27	13	0.00058	0.00174	2.887e+02	-0.014	0.48	GO:0090398
301	25	14	0.00057	0.00172	2.208e+02	0.046	0.452	GO:0010226
302	49	22	0.00057	0.00163	9.802e+02	-0.053	0.397	GO:0042787
303	20	9	0.00056	0.00169	1.679e+02	-0.015	0.53	GO:0070271
304	98	49	0.00055	0.00149	3.615e+03	-0.022	0.511	GO:0006487
305	23	12	0.00054	0.00161	1.988e+02	-0.025	0.462	GO:0009081
306	31	14	0.00054	0.00161	3.955e+02	-0.02	0.461	GO:0045103
307	58	28	0.00052	0.00157	1.305e+03	-0.028	0.441	GO:0032943
308	62	32	0.00052	0.00156	1.423e+03	-0.025	0.493	GO:0050907
309	21	14	0.00052	0.00155	1.269e+02	0.108	0.555	GO:0043300
310	23	11	0.00051	0.00108	2.118e+02	-0.013	0.462	GO:0019835
311	23	13	0.0005	0.00151	1.859e+02	0.028	0.562	GO:0032731
312	23	11	0.0005	0.00149	2.118e+02	-0.084	0.525	GO:0000083
313	66	36	0.0005	0.00149	1.543e+03	0.04	0.54	GO:0010811
314	33	21	0.0005	0.00149	3.307e+02	0.135	0.472	GO:0060393
315	37	17	0.00049	0.00146	5.542e+02	-0.079	0.472	GO:0018210
316	107	54	0.00049	0.00146	4.279e+03	-0.01	0.5	GO:1903321
317	22	11	0.00048	0.00144	1.879e+02	0.095	0.362	GO:0060765
318	21	10	0.00047	0.00142	1.779e+02	-0.11	0.49	GO:0042107
319	21	10	0.00046	0.00139	1.779e+02	-0.037	0.4	GO:0000718
320	20	9	0.00046	0.00139	1.679e+02	-0.207	0.549	GO:0031102
321	115	59	0.00046	0.00137	4.883e+03	-0.016	0.473	GO:0034599
322	56	31	0.00046	0.00091	1.099e+03	0.061	0.399	GO:0045582
323	40	21	0.00045	0.00093	5.892e+02	0.088	0.415	GO:0032890
324	32	18	0.00043	0.0013	3.576e+02	0.037	0.432	GO:0032885
325	20	10	0.00043	0.0013	1.559e+02	-0.146	0.542	GO:0051953
326	44	19	0.00043	0.00124	8.116e+02	-0.027	0.435	GO:0031424
327	24	10	0.00043	0.00128	2.518e+02	-0.066	0.551	GO:0060334
328	22	13	0.00042	0.00093	1.629e+02	0.028	0.589	GO:0001702
329	135	62	0.00042	0.00125	7.230e+03	-0.03	0.45	GO:0031398
330	35	18	0.00042	0.00125	4.595e+02	-0.033	0.484	GO:0051058
331	24	10	0.00042	0.00125	2.518e+02	-0.136	0.534	GO:0051385
332	50	25	0.00041	0.00124	9.494e+02	0.001	0.473	GO:0031032
333	47	24	0.00041	0.00122	8.277e+02	-0.022	0.442	GO:0045670
334	42	20	0.00041	0.00082	6.950e+02	-0.071	0.457	GO:0048284
335	41	21	0.0004	0.00068	6.301e+02	-0.031	0.472	GO:0009247
336	44	24	0.0004	0.0012	6.900e+02	0.065	0.456	GO:0035872
337	25	11	0.0004	0.0012	2.637e+02	-0.052	0.406	GO:0050691
338	24	13	0.00039	0.00118	2.098e+02	0.084	0.466	GO:0018904
339	21	12	0.00039	0.00118	1.539e+02	-0.041	0.599	GO:0060412
340	135	61	0.00038	0.00114	7.304e+03	-0.026	0.447	GO:0006470
341	36	20	0.00038	0.00114	4.565e+02	0.025	0.556	GO:0021766
342	21	10	0.00037	0.00112	1.779e+02	-0.081	0.565	GO:0071385
343	39	21	0.00036	0.00109	5.493e+02	0.144	0.369	GO:0002260
344	22	16	0.00035	0.00106	1.179e+02	0.288	0.326	GO:0090189
345	33	17	0.00034	0.00102	4.085e+02	0.022	0.434	GO:0002753
346	28	15	0.00034	0.00101	2.867e+02	0.006	0.611	GO:0009225
347	23	13	0.00033	0.001	1.859e+02	0.007	0.534	GO:0042755
348	23	10	0.00033	0.00098	2.258e+02	-0.047	0.504	GO:0007530
349	29	10	0.00033	0.00098	4.055e+02	-0.021	0.331	GO:0019370
350	68	35	0.00032	0.0008	1.713e+03	0.032	0.389	GO:0002700
351	21	10	0.00032	0.00097	1.779e+02	-0.157	0.541	GO:0090022
352	30	19	0.00032	0.00096	2.758e+02	0.108	0.476	GO:0050766
353	24	12	0.00032	0.00096	2.228e+02	-0.088	0.554	GO:0060397
354	22	11	0.00031	0.00094	1.879e+02	0.009	0.512	GO:0035412
355	34	18	0.00028	0.00083	4.245e+02	-0.031	0.552	GO:0001569
356	23	12	0.00028	0.00083	1.988e+02	-0.049	0.414	GO:0043534
357	125	58	0.00027	0.00082	6.163e+03	-0.061	0.476	GO:0046488
358	112	59	0.00027	0.0008	4.543e+03	0.033	0.442	GO:0002699
359	22	10	0.00026	0.00077	2.008e+02	-0.059	0.407	GO:0010507
360	40	22	0.00025	0.00076	5.673e+02	0.043	0.457	GO:0007006
361	57	27	0.00025	0.00076	1.277e+03	-0.099	0.489	GO:0007254
362	26	13	0.00025	0.00074	2.608e+02	-0.003	0.529	GO:0070979
363	40	18	0.00024	0.00053	6.550e+02	-0.06	0.439	GO:0046677
364	38	22	0.00024	0.00071	4.884e+02	0.019	0.546	GO:0008156
365	31	12	0.00022	0.00067	4.344e+02	-0.173	0.454	GO:0045124
366	22	10	0.00022	0.00066	2.008e+02	-0.041	0.551	GO:0033108
367	21	8	0.00022	0.00065	2.048e+02	-0.205	0.564	GO:0009084
368	26	16	0.00022	0.00065	2.158e+02	0.149	0.434	GO:0033144
369	21	12	0.00021	0.00064	1.539e+02	0.075	0.459	GO:0050704
370	60	31	0.00021	0.00062	1.332e+03	-0.025	0.539	GO:2001235
371	43	20	0.0002	0.00061	7.399e+02	0.002	0.454	GO:0031058
372	82	37	0.00019	0.00058	2.713e+03	-0.024	0.453	GO:0001676
373	27	14	0.00019	0.00058	2.737e+02	0.05	0.395	GO:0030449
374	61	35	0.00019	0.00058	1.260e+03	0.075	0.439	GO:0032434
375	39	22	0.00019	0.0005	5.274e+02	0.117	0.412	GO:0048806
376	40	24	0.00019	0.00056	5.204e+02	0.029	0.505	GO:0045778
377	56	28	0.00019	0.00056	1.189e+03	-0.039	0.486	GO:2000106
378	23	13	0.00018	0.00055	1.859e+02	-0.012	0.5	GO:0032689
379	41	22	0.00018	0.00055	6.082e+02	0.049	0.496	GO:0045839
380	27	15	0.00018	0.00055	2.588e+02	-0.05	0.567	GO:0045923
381	22	14	0.00018	0.00054	1.489e+02	0.03	0.499	GO:0044705
382	21	12	0.00018	0.00054	1.539e+02	0.026	0.494	GO:0071312
383	38	19	0.00018	0.00053	5.513e+02	-0.075	0.55	GO:0031532
384	30	12	0.00018	0.00053	3.995e+02	-0.095	0.471	GO:0042462
385	46	21	0.00018	0.00053	8.556e+02	-0.002	0.42	GO:0043604
386	29	16	0.00018	0.00053	2.997e+02	-0.017	0.516	GO:0060043
387	26	12	0.00017	0.0005	2.757e+02	-0.003	0.485	GO:0018022
388	73	44	0.00017	0.0005	1.709e+03	0.115	0.438	GO:2000241
389	63	27	0.00016	0.00049	1.660e+03	-0.067	0.431	GO:0022404
390	29	12	0.00016	0.00049	3.666e+02	-0.047	0.408	GO:0043588
391	86	39	0.00016	0.00049	2.973e+03	-0.062	0.514	GO:0051351
392	22	6	0.00016	0.00048	2.627e+02	-0.186	0.368	GO:0046847
393	23	11	0.00016	0.00035	2.118e+02	-0.034	0.451	GO:0072525
394	20	10	0.00016	0.00047	1.559e+02	0.09	0.476	GO:0051881
395	36	18	0.00015	0.00046	4.954e+02	-0.07	0.482	GO:0042312
396	54	28	0.00015	0.00046	1.078e+03	0.016	0.444	GO:0070664
397	34	14	0.00015	0.00044	5.023e+02	-0.059	0.439	GO:0051865
398	72	34	0.00014	0.00043	2.035e+03	-0.013	0.484	GO:0051437
399	23	14	0.00014	0.00043	1.719e+02	0.083	0.516	GO:0060760
400	26	16	0.00014	0.00042	2.158e+02	0.13	0.48	GO:0010862
401	61	27	0.00012	0.00035	1.527e+03	-0.038	0.458	GO:0007569
402	43	23	0.00012	0.00024	6.701e+02	-0.038	0.582	GO:0045980
403	84	42	0.00011	0.00034	2.661e+03	-0.048	0.532	GO:0044085
404	20	6	0.00011	0.00034	2.098e+02	-0.128	0.199	GO:0046461
405	23	11	0.0001	0.00031	2.118e+02	-0.081	0.558	GO:0006270
406	27	11	0.0001	0.00031	3.216e+02	-0.091	0.462	GO:0032855
407	27	15	0.0001	0.0003	2.588e+02	-0.085	0.607	GO:0008625
408	35	17	0.0001	0.0003	4.784e+02	-0.037	0.478	GO:0048286
409	137	74	0.0001	0.0003	6.651e+03	0.044	0.448	GO:0050708
410	32	16	0.0001	0.00029	3.926e+02	0.026	0.505	GO:0007094
411	21	8	0.0001	0.00029	2.048e+02	-0.232	0.487	GO:0035088
412	45	27	0.0001	0.00029	6.572e+02	0.071	0.444	GO:0048146
413	41	21	8e-05	0.00025	6.301e+02	-0.035	0.423	GO:0001709
414	29	14	8e-05	0.00025	3.317e+02	0.013	0.438	GO:0001975
415	23	10	8e-05	0.00023	2.258e+02	-0.039	0.437	GO:0008299
416	32	20	8e-05	0.00025	3.187e+02	0.1	0.455	GO:0045599
417	34	14	8e-05	0.00024	5.023e+02	-0.082	0.419	GO:0000271
418	31	13	8e-05	0.00024	4.145e+02	-0.108	0.545	GO:0043666
419	61	31	8e-05	0.00023	1.393e+03	-0.005	0.43	GO:0010631
420	34	17	8e-05	0.00023	4.425e+02	0.048	0.482	GO:0045841
421	25	11	7e-05	0.00022	2.637e+02	-0.037	0.464	GO:0030206
422	69	37	7e-05	0.0002	1.709e+03	0.021	0.509	GO:0001654
423	32	15	7e-05	0.0002	4.105e+02	-0.053	0.534	GO:0035601
424	36	18	6e-05	0.00018	4.954e+02	-0.078	0.566	GO:0006584
425	28	12	6e-05	0.00018	3.346e+02	-0.078	0.527	GO:0061418
426	26	15	6e-05	0.00017	2.318e+02	0.023	0.553	GO:0032732
427	20	10	6e-05	0.00017	1.559e+02	-0.126	0.663	GO:0046839
428	29	13	4e-05	0.00013	3.486e+02	-0.06	0.563	GO:0001954
429	33	15	4e-05	0.00013	4.455e+02	0.055	0.294	GO:0022409
430	26	11	4e-05	0.00013	2.917e+02	-0.064	0.483	GO:0030166
431	26	12	4e-05	0.00013	2.757e+02	-0.089	0.533	GO:0051350
432	46	18	4e-05	0.00012	9.392e+02	-0.09	0.455	GO:0007588
433	42	21	4e-05	0.00012	6.720e+02	-0.001	0.518	GO:0030071
434	40	23	4e-05	0.00011	5.443e+02	0.103	0.466	GO:0001657
435	20	10	4e-05	0.00011	1.559e+02	0.039	0.547	GO:0031497
436	93	44	3e-05	0.0001	3.380e+03	-0.084	0.445	GO:0031098
437	75	35	3e-05	0.0001	2.224e+03	-0.047	0.397	GO:0034614
438	32	13	3e-05	0.0001	4.494e+02	-0.091	0.398	GO:2000107
439	29	15	3e-05	8e-05	3.157e+02	0.025	0.458	GO:0001838
440	25	11	3e-05	8e-05	2.637e+02	-0.047	0.475	GO:0001958
441	45	21	3e-05	8e-05	8.077e+02	-0.028	0.465	GO:0046717
442	26	13	2e-05	7e-05	2.608e+02	-0.018	0.34	GO:0042246
443	34	17	2e-05	7e-05	4.425e+02	-0.085	0.515	GO:0070228
444	26	13	2e-05	5e-05	2.608e+02	-0.043	0.499	GO:0000188
445	35	14	1e-05	2e-05	5.412e+02	-0.081	0.435	GO:0001942