Creation Time:	2022-12-29 18:49:53

INPUT:
File name:	crfe_v018.py
Annotations file:	/Users/JasonJia/Desktop/CRFE/Xinglin_insilico/data/human4/human_anno.txt
Gene file:	/Users/JasonJia/Desktop/CRFE/Xinglin_insilico/data/human4/human0.4_0.25_2_10_seed_22.txt
lower limit annotations/process:	20
upper limit annotations/process:	200
k (number of perturbed categories):	0 (i.e., each perturbed gene in its own category)
threshold:	0
threshold type:	levels
belief:	5.0
Method:	MCMC with parameter learning with an empty set as initial set
repeats:	10
burnin steps:	25000
MCMC steps:	25000
Maximal value for alpha and beta:	0.3548387096774194
Maximal possible value for alpha and beta:	0.3548387096774194
Probability parameter change:	0.2
seed for RNG:	1094314151

Initial set of processes:
Empty set

INPUT ANALYSIS:
Total number of processes:	2291
Total number of genes:	11704
Number of perturbed genes:	4714
Proportion perturbed genes:	0.4027682843472317

OUTPUT:
Learnt parameters:
alpha (FPR):	0.3548387096774194
beta (FNR):	0.3548387096774194
q (penalization parameter):	0.001


Best log-likelihood value (mean +- standard deviation across replicates):	-8311.219491057684 +- 4.548446176310802

Order	#(Annotations)	#(Annotations of perturbed genes)	Mean Posterior Probability	Standard Deviation Posterior Probability	p-value	Average Expression Level	Average position perturbed genes	Term Name
1	36	28	0.96481	0.07297	2.608e+02	0.274	0.46	GO:0042312
2	22	18	0.9465	0.09264	8.297e+01	0.343	0.397	GO:0090103
3	26	20	0.84155	0.30573	1.419e+02	0.292	0.389	GO:0043113
4	24	19	0.8278	0.1561	1.110e+02	0.312	0.357	GO:0070098
5	27	20	0.77659	0.36744	1.689e+02	0.318	0.399	GO:0043489
6	43	24	0.60546	0.29297	6.462e+02	0.06	0.454	GO:0007369
7	26	20	0.59414	0.28829	1.419e+02	0.262	0.457	GO:0070373
8	133	67	0.59098	0.45471	6.606e+03	-0.001	0.449	GO:0006986
9	41	27	0.57436	0.31726	4.835e+02	0.129	0.535	GO:0008593
10	45	26	0.49684	0.28836	6.841e+02	0.027	0.474	GO:0031110
11	89	54	0.43114	0.40334	2.515e+03	0.097	0.476	GO:0048520
12	46	30	0.43088	0.31049	6.163e+02	0.106	0.499	GO:0042531
13	31	20	0.33341	0.20857	2.868e+02	0.185	0.381	GO:0060325
14	35	20	0.31478	0.28832	4.206e+02	0.055	0.45	GO:0032312
15	77	40	0.2814	0.27196	2.179e+03	-0.001	0.444	GO:0002274
16	25	18	0.27738	0.27496	1.549e+02	0.198	0.446	GO:0050691
17	66	44	0.27461	0.32908	1.220e+03	0.141	0.496	GO:0002687
18	50	25	0.27027	0.1717	9.494e+02	0.025	0.416	GO:0031032
19	172	88	0.23068	0.36815	1.090e+04	-0.004	0.485	GO:0032318
20	42	21	0.18945	0.2013	6.721e+02	0.009	0.44	GO:0032092
21	26	17	0.17864	0.26179	1.989e+02	0.193	0.331	GO:0097028
22	59	26	0.17365	0.14712	1.433e+03	-0.021	0.414	GO:0045454
23	140	69	0.15709	0.22949	7.424e+03	-0.016	0.456	GO:0035966
24	36	20	0.14482	0.13564	4.565e+02	0.075	0.434	GO:0006821
25	41	25	0.14076	0.31113	5.364e+02	0.167	0.444	GO:0043488
26	22	14	0.13805	0.12902	1.489e+02	0.081	0.482	GO:0061337
27	89	56	0.12595	0.15278	2.405e+03	0.107	0.509	GO:0002685
28	74	40	0.12504	0.10333	1.952e+03	0.035	0.479	GO:0010518
29	63	34	0.12438	0.18026	1.419e+03	0.029	0.503	GO:0010863
30	34	20	0.12225	0.13097	3.856e+02	0.109	0.429	GO:0001569
31	25	16	0.11749	0.127	1.899e+02	0.176	0.425	GO:0090311
32	84	41	0.11614	0.24962	2.704e+03	-0.031	0.419	GO:0034620
33	53	34	0.11578	0.159	8.359e+02	0.109	0.51	GO:0042509
34	37	22	0.1144	0.12927	4.505e+02	0.091	0.489	GO:0001912
35	41	23	0.11137	0.0854	5.853e+02	0.082	0.419	GO:0050764
36	46	27	0.10638	0.1183	7.031e+02	0.098	0.485	GO:0060041
37	135	63	0.09784	0.15864	7.157e+03	-0.018	0.458	GO:0006470
38	88	46	0.09718	0.16343	2.828e+03	0.01	0.437	GO:0034612
39	26	13	0.0949	0.10613	2.608e+02	0.111	0.371	GO:0007215
40	28	15	0.09224	0.13199	2.867e+02	0.029	0.42	GO:0045055
41	26	19	0.09206	0.05754	1.619e+02	0.21	0.447	GO:0044060
42	89	43	0.09132	0.21221	3.055e+03	-0.043	0.432	GO:0035967
43	29	13	0.09003	0.08309	3.486e+02	0.047	0.329	GO:0015988
44	89	43	0.08866	0.11609	3.055e+03	-0.005	0.452	GO:0006814
45	64	34	0.08753	0.12923	1.483e+03	0.026	0.503	GO:1900274
46	98	55	0.0857	0.13637	3.303e+03	0.005	0.505	GO:0002831
47	44	27	0.08265	0.24794	6.123e+02	0.167	0.441	GO:0043487
48	28	20	0.08004	0.07692	1.969e+02	0.154	0.528	GO:0060674
49	27	15	0.07812	0.10831	2.588e+02	0.086	0.3	GO:0050663
50	93	53	0.07617	0.16671	2.933e+03	0.043	0.499	GO:0032412
51	108	59	0.07489	0.13969	4.104e+03	0.015	0.503	GO:0032409
52	20	13	0.07433	0.11991	1.199e+02	0.128	0.442	GO:0002833
53	32	16	0.06863	0.09928	3.926e+02	0.069	0.409	GO:0040018
54	24	12	0.06692	0.06784	2.228e+02	0.147	0.369	GO:0018904
55	113	53	0.06291	0.0797	5.008e+03	-0.094	0.46	GO:0006865
56	43	24	0.06129	0.05467	6.462e+02	0.038	0.48	GO:0030521
57	27	15	0.0564	0.07398	2.588e+02	0.09	0.405	GO:0008625
58	43	25	0.05598	0.06089	6.212e+02	0.084	0.482	GO:0001910
59	32	23	0.05454	0.04001	2.528e+02	0.168	0.548	GO:0032414
60	23	11	0.05404	0.05096	2.118e+02	0.13	0.368	GO:0006662
61	22	13	0.05097	0.06568	1.629e+02	0.118	0.378	GO:0050856
62	27	15	0.0504	0.07888	2.588e+02	0.066	0.431	GO:0032855
63	45	23	0.05007	0.09036	7.589e+02	-0.017	0.455	GO:0007193
64	36	20	0.04865	0.05103	4.565e+02	0.055	0.451	GO:0050909
65	135	74	0.04802	0.08624	6.380e+03	0.01	0.508	GO:0048754
66	35	19	0.04798	0.04818	4.405e+02	0.063	0.437	GO:0001942
67	22	12	0.04424	0.04975	1.759e+02	0.143	0.309	GO:1902229
68	70	37	0.04421	0.07258	1.779e+03	-0.003	0.435	GO:0071356
69	27	16	0.04406	0.05944	2.428e+02	0.091	0.49	GO:0001914
70	20	12	0.04128	0.04447	1.329e+02	0.08	0.453	GO:0050892
71	123	66	0.03875	0.08382	5.396e+03	0.0	0.493	GO:0034765
72	77	45	0.03807	0.10518	1.965e+03	0.074	0.475	GO:0050921
73	66	33	0.0377	0.0664	1.647e+03	0.02	0.433	GO:0040014
74	59	28	0.03607	0.07379	1.366e+03	0.008	0.386	GO:0009306
75	24	15	0.03599	0.0431	1.809e+02	0.084	0.473	GO:0043500
76	24	14	0.03467	0.03408	1.959e+02	0.073	0.445	GO:0060343
77	32	20	0.03436	0.05043	3.187e+02	0.124	0.5	GO:0032722
78	40	21	0.03336	0.03312	5.892e+02	-0.022	0.509	GO:0006901
79	40	23	0.03322	0.07632	5.444e+02	0.023	0.519	GO:0007259
80	72	40	0.032	0.03264	1.805e+03	0.01	0.49	GO:0050688
81	42	24	0.03189	0.0355	6.032e+02	0.069	0.512	GO:2001257
82	30	16	0.03155	0.05454	3.297e+02	0.019	0.462	GO:0050766
83	22	11	0.03017	0.04276	1.879e+02	-0.008	0.424	GO:0043330
84	57	30	0.0293	0.03069	1.187e+03	0.014	0.503	GO:0007202
85	22	14	0.02895	0.06634	1.489e+02	0.089	0.459	GO:0001702
86	144	65	0.02712	0.04491	8.310e+03	-0.022	0.439	GO:0010927
87	39	24	0.02651	0.03897	4.805e+02	0.06	0.522	GO:0048806
88	39	25	0.02608	0.03216	4.555e+02	0.098	0.54	GO:0032411
89	26	17	0.02508	0.02842	1.989e+02	0.101	0.479	GO:0002286
90	21	11	0.02498	0.01958	1.659e+02	-0.006	0.374	GO:0021522
91	24	14	0.02493	0.03042	1.959e+02	0.073	0.511	GO:0001916
92	97	55	0.02443	0.07318	3.205e+03	0.037	0.509	GO:0022898
93	41	22	0.02431	0.041	6.082e+02	-0.016	0.496	GO:0001709
94	68	37	0.02407	0.0363	1.641e+03	-0.005	0.486	GO:0051101
95	83	40	0.02397	0.07083	2.664e+03	-0.036	0.418	GO:0030968
96	66	31	0.0226	0.05395	1.718e+03	-0.021	0.39	GO:0032075
97	40	22	0.02257	0.02449	5.673e+02	0.007	0.48	GO:0044273
98	28	14	0.02212	0.03912	3.017e+02	0.062	0.361	GO:2001238
99	35	21	0.02057	0.03269	3.996e+02	0.057	0.557	GO:0006284
100	186	86	0.0205	0.02811	1.362e+04	-0.049	0.45	GO:0006367
101	23	14	0.02024	0.02619	1.719e+02	0.142	0.382	GO:0002026
102	22	17	0.01905	0.04001	1.010e+02	0.282	0.455	GO:2000401
103	46	20	0.01821	0.03861	8.825e+02	0.014	0.385	GO:1902600
104	32	17	0.01762	0.01907	3.756e+02	0.03	0.462	GO:0048706
105	23	13	0.0175	0.03093	1.859e+02	0.06	0.469	GO:0045214
106	20	12	0.0174	0.02409	1.329e+02	0.037	0.513	GO:0046640
107	46	26	0.01714	0.03305	7.300e+02	0.059	0.492	GO:0031341
108	28	18	0.01697	0.03332	2.358e+02	0.163	0.456	GO:0031663
109	43	26	0.01577	0.04046	5.953e+02	0.072	0.567	GO:0032677
110	20	10	0.0143	0.01989	1.559e+02	0.058	0.393	GO:0031497
111	27	16	0.01398	0.02337	2.428e+02	0.045	0.524	GO:0042517
112	23	12	0.01365	0.01959	1.988e+02	0.046	0.437	GO:0030316
113	88	39	0.01313	0.02966	3.157e+03	-0.052	0.426	GO:0055072
114	22	10	0.01278	0.02109	2.008e+02	-0.053	0.332	GO:0050912
115	27	12	0.0126	0.02251	3.047e+02	0.002	0.343	GO:0010470
116	31	19	0.01247	0.01986	3.067e+02	0.081	0.468	GO:0060761
117	50	25	0.01185	0.02408	9.494e+02	-0.027	0.441	GO:0010001
118	28	16	0.01177	0.01983	2.708e+02	0.034	0.514	GO:0035637
119	21	12	0.01168	0.01275	1.539e+02	0.085	0.506	GO:0034502
120	70	40	0.01158	0.02407	1.663e+03	0.027	0.496	GO:0046425
121	30	17	0.01157	0.02441	3.127e+02	0.038	0.483	GO:0032653
122	20	11	0.01148	0.02192	1.449e+02	0.089	0.384	GO:0031122
123	36	17	0.01135	0.01914	5.153e+02	-0.061	0.427	GO:0021515
124	48	25	0.0112	0.02424	8.507e+02	-0.026	0.521	GO:0007189
125	26	15	0.01104	0.01991	2.318e+02	0.138	0.364	GO:0045806
126	57	27	0.01081	0.0174	1.277e+03	-0.061	0.462	GO:0051258
127	29	14	0.01064	0.01791	3.317e+02	0.015	0.411	GO:0001578
128	27	16	0.01052	0.02183	2.428e+02	0.095	0.419	GO:0001960
129	35	16	0.01043	0.01425	4.984e+02	0.014	0.379	GO:0007205
130	91	43	0.0099	0.01913	3.240e+03	-0.015	0.472	GO:0045444
131	40	23	0.00988	0.0202	5.444e+02	0.061	0.501	GO:0031343
132	37	21	0.00986	0.01853	4.725e+02	0.027	0.464	GO:0051148
133	37	20	0.00984	0.01298	4.934e+02	-0.035	0.555	GO:0050830
134	38	22	0.00964	0.02679	4.885e+02	0.037	0.525	GO:0043392
135	64	33	0.0091	0.01461	1.517e+03	-0.051	0.452	GO:0009914
136	53	31	0.00892	0.01146	9.346e+02	0.032	0.485	GO:0046427
137	69	33	0.00862	0.02189	1.855e+03	-0.122	0.49	GO:0042886
138	23	14	0.00861	0.02436	1.719e+02	0.119	0.43	GO:0001990
139	82	41	0.00852	0.0128	2.536e+03	0.019	0.479	GO:0060193
140	26	14	0.00844	0.01127	2.468e+02	0.005	0.42	GO:0033209
141	33	15	0.00833	0.01254	4.455e+02	-0.011	0.388	GO:1901796
142	31	16	0.0083	0.01082	3.606e+02	0.057	0.426	GO:0015701
143	176	88	0.00825	0.01472	1.159e+04	-0.014	0.504	GO:0009617
144	26	16	0.0081	0.01821	2.158e+02	0.097	0.523	GO:0051350
145	45	24	0.0079	0.0105	7.350e+02	0.076	0.416	GO:0022600
146	20	11	0.00788	0.01891	1.449e+02	0.056	0.418	GO:2000677
147	24	12	0.00785	0.01421	2.228e+02	0.044	0.41	GO:0006890
148	32	18	0.00769	0.02308	3.576e+02	0.089	0.429	GO:0002792
149	21	11	0.00765	0.01423	1.659e+02	0.035	0.415	GO:0042573
150	31	17	0.00752	0.01733	3.437e+02	0.071	0.438	GO:0090278
151	67	37	0.0074	0.02219	1.573e+03	0.043	0.467	GO:0072657
152	22	9	0.007	0.01795	2.148e+02	0.06	0.28	GO:0021915
153	32	16	0.00665	0.01994	3.926e+02	0.021	0.416	GO:0030101
154	24	13	0.00644	0.01217	2.098e+02	-0.048	0.519	GO:0006111
155	23	16	0.00636	0.0154	1.409e+02	0.094	0.576	GO:0032731
156	46	23	0.00611	0.01382	8.048e+02	-0.077	0.502	GO:0030072
157	22	13	0.00584	0.01716	1.629e+02	0.008	0.523	GO:0086002
158	52	28	0.00574	0.01721	9.714e+02	0.008	0.497	GO:0097191
159	104	59	0.0057	0.0162	3.680e+03	-0.007	0.56	GO:0070665
160	132	70	0.00568	0.01705	6.268e+03	-0.007	0.502	GO:0034762
161	52	30	0.0055	0.01281	9.126e+02	0.036	0.55	GO:0032642
162	41	19	0.00548	0.01644	6.750e+02	-0.052	0.459	GO:0090002
163	20	11	0.00524	0.00846	1.449e+02	0.037	0.396	GO:0000413
164	26	15	0.00523	0.01358	2.318e+02	0.075	0.51	GO:0002702
165	72	31	0.00514	0.01141	2.157e+03	-0.082	0.441	GO:0000077
166	57	30	0.00513	0.01291	1.187e+03	-0.004	0.488	GO:0030900
167	33	18	0.00505	0.00616	3.906e+02	0.1	0.482	GO:0030809
168	22	13	0.00494	0.0064	1.629e+02	-0.022	0.532	GO:0033032
169	34	17	0.00488	0.01465	4.425e+02	0.015	0.525	GO:0030815
170	46	24	0.00478	0.0101	7.808e+02	-0.013	0.462	GO:0046324
171	21	10	0.00463	0.00897	1.779e+02	0.008	0.368	GO:0043299
172	33	19	0.0046	0.01379	3.716e+02	0.061	0.521	GO:0042516
173	20	12	0.00448	0.00619	1.329e+02	0.049	0.514	GO:0051881
174	23	11	0.00443	0.00853	2.118e+02	0.052	0.375	GO:0072595
175	32	16	0.0044	0.01319	3.926e+02	-0.006	0.493	GO:0050732
176	76	35	0.00435	0.01306	2.303e+03	-0.058	0.45	GO:0002573
177	24	14	0.00434	0.0111	1.959e+02	-0.004	0.469	GO:0030857
178	26	14	0.00405	0.0056	2.468e+02	0.045	0.426	GO:0032873
179	25	12	0.00398	0.00589	2.488e+02	-0.093	0.458	GO:0030206
180	32	18	0.00397	0.01076	3.576e+02	-0.015	0.523	GO:0016445
181	31	14	0.00386	0.00535	3.955e+02	-0.078	0.418	GO:0035094
182	106	59	0.00383	0.01148	3.890e+03	0.027	0.496	GO:0050920
183	20	10	0.0037	0.00835	1.559e+02	-0.01	0.501	GO:0051412
184	200	90	0.00368	0.00759	1.600e+04	-0.038	0.456	GO:0006457
185	21	11	0.00358	0.00995	1.659e+02	0.019	0.396	GO:0046329
186	51	28	0.00342	0.00567	9.196e+02	0.032	0.504	GO:0006970
187	39	20	0.00338	0.00681	5.703e+02	-0.083	0.47	GO:0060411
188	65	32	0.00338	0.00927	1.615e+03	-0.054	0.475	GO:0010634
189	36	17	0.00337	0.00574	5.153e+02	-0.0	0.507	GO:0002711
190	28	15	0.0033	0.00922	2.867e+02	-0.031	0.538	GO:0006309
191	45	22	0.00326	0.00583	7.828e+02	0.01	0.432	GO:2001243
192	41	22	0.00316	0.00726	6.082e+02	-0.038	0.533	GO:0002200
193	76	35	0.00308	0.00915	2.303e+03	-0.038	0.434	GO:0001523
194	23	11	0.00299	0.00756	2.118e+02	-0.075	0.409	GO:0045930
195	26	17	0.00299	0.00628	1.989e+02	0.049	0.566	GO:0032732
196	20	11	0.00298	0.00712	1.449e+02	-0.004	0.491	GO:0060349
197	41	22	0.00296	0.00431	6.082e+02	0.038	0.472	GO:0071347
198	32	16	0.00293	0.00496	3.926e+02	-0.029	0.482	GO:0008209
199	21	11	0.0029	0.00733	1.659e+02	-0.043	0.475	GO:0031114
200	21	13	0.00287	0.00587	1.409e+02	0.061	0.6	GO:0045823
201	44	22	0.00286	0.00569	7.369e+02	-0.046	0.529	GO:0051785
202	74	36	0.0028	0.00642	2.107e+03	-0.043	0.477	GO:0051153
203	35	21	0.00278	0.0063	3.996e+02	0.041	0.508	GO:0002762
204	24	10	0.00275	0.00556	2.518e+02	-0.005	0.321	GO:0042474
205	21	10	0.00274	0.00529	1.779e+02	0.003	0.388	GO:0014003
206	20	12	0.00274	0.00421	1.329e+02	0.048	0.611	GO:0032757
207	96	54	0.00272	0.00593	3.163e+03	0.01	0.515	GO:0071222
208	24	12	0.00272	0.00815	2.228e+02	-0.01	0.459	GO:0007616
209	29	19	0.00269	0.00577	2.458e+02	0.062	0.591	GO:0050853
210	31	16	0.00265	0.00474	3.606e+02	0.056	0.521	GO:0030803
211	105	50	0.00264	0.00793	4.285e+03	-0.065	0.477	GO:0007409
212	100	56	0.00263	0.0079	3.445e+03	-0.028	0.58	GO:0050671
213	26	12	0.00262	0.00541	2.757e+02	0.048	0.427	GO:0046825
214	23	12	0.00261	0.00782	1.988e+02	0.082	0.459	GO:0044062
215	46	19	0.00258	0.00775	9.104e+02	-0.083	0.41	GO:0007266
216	69	31	0.00257	0.00709	1.931e+03	-0.076	0.436	GO:0060606
217	26	11	0.00256	0.00391	2.917e+02	-0.054	0.434	GO:0042246
218	84	42	0.00253	0.00758	2.661e+03	-0.036	0.508	GO:0010827
219	25	10	0.00251	0.00502	2.797e+02	-0.059	0.361	GO:0042181
220	21	11	0.00249	0.00654	1.659e+02	-0.094	0.549	GO:0002832
221	37	16	0.00243	0.00642	5.762e+02	-0.067	0.471	GO:1901264
222	24	14	0.00243	0.00408	1.959e+02	0.069	0.522	GO:0007194
223	28	13	0.00241	0.00661	3.177e+02	-0.064	0.46	GO:0032845
224	20	12	0.0024	0.00357	1.329e+02	-0.031	0.589	GO:0045736
225	140	68	0.00237	0.00712	7.496e+03	-0.047	0.488	GO:0030099
226	48	23	0.00236	0.00492	9.015e+02	-0.109	0.502	GO:0002790
227	24	17	0.00232	0.00547	1.479e+02	0.139	0.518	GO:0009190
228	30	17	0.00231	0.00401	3.127e+02	-0.023	0.564	GO:0060135
229	23	11	0.00229	0.005	2.118e+02	0.042	0.38	GO:0008299
230	109	55	0.00229	0.00686	4.440e+03	0.002	0.488	GO:0043409
231	30	14	0.00226	0.00533	3.626e+02	-0.056	0.484	GO:0045604
232	69	33	0.00222	0.00666	1.855e+03	-0.018	0.479	GO:0048145
233	42	22	0.0022	0.00479	6.501e+02	0.004	0.511	GO:0006909
234	33	15	0.00218	0.00467	4.455e+02	-0.079	0.446	GO:0042220
235	20	9	0.00217	0.00652	1.679e+02	-0.016	0.437	GO:0000381
236	26	15	0.0021	0.00462	2.318e+02	0.052	0.45	GO:0009954
237	30	14	0.0021	0.00629	3.626e+02	-0.065	0.555	GO:0007040
238	20	10	0.00208	0.00516	1.559e+02	0.049	0.465	GO:0090559
239	21	12	0.00203	0.00327	1.539e+02	0.09	0.571	GO:0032925
240	62	34	0.00201	0.00394	1.356e+03	0.031	0.528	GO:0002027
241	30	15	0.002	0.00591	3.456e+02	0.056	0.495	GO:0030818
242	25	15	0.00199	0.00549	2.059e+02	0.069	0.547	GO:0031280
243	20	9	0.00195	0.00504	1.679e+02	-0.056	0.463	GO:0006949
244	45	23	0.00195	0.00454	7.589e+02	0.015	0.49	GO:0048146
245	22	13	0.00195	0.00541	1.629e+02	0.082	0.468	GO:0051926
246	23	13	0.00188	0.00499	1.859e+02	0.005	0.523	GO:0086001
247	25	10	0.00187	0.00541	2.797e+02	-0.105	0.39	GO:0036151
248	20	10	0.00182	0.00377	1.559e+02	0.075	0.4	GO:0014743
249	23	10	0.00181	0.00368	2.258e+02	-0.1	0.377	GO:0071695
250	24	14	0.00176	0.00498	1.959e+02	0.031	0.577	GO:0032814
251	22	11	0.00176	0.00336	1.879e+02	-0.041	0.505	GO:0044705
252	31	13	0.0017	0.00384	4.145e+02	-0.051	0.445	GO:0033014
253	20	8	0.00168	0.00486	1.808e+02	-0.082	0.505	GO:0033574
254	35	17	0.00166	0.00497	4.784e+02	0.021	0.453	GO:0034308
255	23	12	0.00166	0.00327	1.988e+02	0.002	0.479	GO:1901661
256	40	20	0.00164	0.00331	6.102e+02	-0.006	0.509	GO:1900543
257	28	17	0.00163	0.00303	2.538e+02	0.097	0.461	GO:0050854
258	20	9	0.00162	0.00486	1.679e+02	0.004	0.423	GO:0006595
259	60	28	0.00159	0.00418	1.428e+03	-0.13	0.5	GO:0015833
260	20	12	0.00156	0.00469	1.329e+02	0.051	0.497	GO:0048857
261	24	11	0.00156	0.0036	2.368e+02	-0.064	0.43	GO:0045687
262	52	22	0.00154	0.00347	1.144e+03	-0.126	0.451	GO:0006888
263	28	17	0.0015	0.00297	2.538e+02	0.094	0.449	GO:0003073
264	29	15	0.00147	0.00442	3.157e+02	-0.039	0.538	GO:0000737
265	164	82	0.00147	0.00442	1.007e+04	-0.018	0.478	GO:0042110
266	31	16	0.00147	0.00442	3.606e+02	0.055	0.505	GO:0051057
267	57	31	0.00147	0.0026	1.156e+03	-0.026	0.497	GO:0045669
268	62	29	0.00146	0.00302	1.522e+03	-0.024	0.452	GO:0009953
269	21	13	0.00144	0.00433	1.409e+02	0.047	0.517	GO:0050704
270	60	29	0.00143	0.00337	1.395e+03	-0.032	0.51	GO:0006968
271	36	17	0.00143	0.00221	5.153e+02	-0.047	0.411	GO:0030433
272	64	31	0.00142	0.00354	1.584e+03	-0.06	0.521	GO:0007586
273	39	23	0.00141	0.00296	5.044e+02	-0.01	0.557	GO:0002763
274	22	12	0.00138	0.00415	1.759e+02	-0.025	0.574	GO:0033108
275	26	12	0.00137	0.0041	2.757e+02	-0.19	0.586	GO:0015807
276	21	9	0.00132	0.00296	1.908e+02	-0.042	0.414	GO:0030239
277	27	12	0.00132	0.00395	3.047e+02	-0.102	0.541	GO:0032410
278	22	10	0.0013	0.00236	2.008e+02	-0.0	0.531	GO:0015985
279	20	10	0.0013	0.00303	1.559e+02	0.049	0.493	GO:0043921
280	53	30	0.00127	0.00375	9.655e+02	-0.054	0.579	GO:0043038
281	68	31	0.00127	0.0038	1.859e+03	-0.073	0.436	GO:0001843
282	50	28	0.00127	0.00197	8.687e+02	-0.061	0.589	GO:0006418
283	79	41	0.00126	0.00379	2.294e+03	-0.017	0.502	GO:0051100
284	29	15	0.00126	0.00261	3.157e+02	-0.049	0.56	GO:0050690
285	37	18	0.00125	0.00376	5.333e+02	-0.083	0.478	GO:0032091
286	102	49	0.00124	0.00373	4.021e+03	-0.023	0.487	GO:0007606
287	34	18	0.00122	0.00365	4.245e+02	0.018	0.55	GO:0008154
288	72	33	0.00121	0.00226	2.075e+03	-0.032	0.398	GO:0032069
289	28	17	0.00118	0.00244	2.538e+02	0.061	0.586	GO:0033077
290	33	15	0.00117	0.00243	4.455e+02	-0.077	0.496	GO:0016056
291	126	64	0.00116	0.00349	5.898e+03	-0.053	0.5	GO:0008217
292	35	18	0.00116	0.00348	4.595e+02	0.017	0.546	GO:0030800
293	21	8	0.00115	0.00346	2.048e+02	-0.056	0.328	GO:0045616
294	27	12	0.00114	0.00288	3.047e+02	-0.072	0.451	GO:0043516
295	61	26	0.00113	0.00256	1.562e+03	-0.049	0.429	GO:0006818
296	35	18	0.00113	0.00299	4.595e+02	-0.105	0.588	GO:0030890
297	37	18	0.00112	0.00236	5.333e+02	0.003	0.446	GO:0060338
298	22	10	0.00111	0.00334	2.008e+02	-0.06	0.491	GO:0006509
299	28	15	0.00109	0.00289	2.867e+02	0.105	0.502	GO:0046579
300	40	22	0.00107	0.0032	5.673e+02	-0.011	0.579	GO:0006833
301	20	10	0.00106	0.00219	1.559e+02	-0.047	0.451	GO:0009268
302	155	82	0.00105	0.00314	8.647e+03	-0.002	0.512	GO:0061138
303	23	10	0.00103	0.0031	2.258e+02	0.008	0.472	GO:0009081
304	94	47	0.00103	0.0031	3.328e+03	-0.023	0.493	GO:0060759
305	23	12	0.00103	0.00308	1.988e+02	0.062	0.487	GO:0000060
306	21	11	0.00103	0.00218	1.659e+02	0.024	0.484	GO:0001502
307	32	17	0.00102	0.00307	3.756e+02	-0.106	0.587	GO:0007094
308	41	21	0.00102	0.00246	6.301e+02	-0.026	0.517	GO:0048661
309	40	12	0.00102	0.00307	8.135e+02	-0.194	0.364	GO:0050772
310	41	23	0.001	0.00299	5.853e+02	-0.017	0.514	GO:0032652
311	21	11	0.001	0.00299	1.659e+02	-0.12	0.559	GO:0045453
312	30	19	0.00097	0.00197	2.758e+02	0.098	0.503	GO:0010596
313	56	33	0.00097	0.0029	1.034e+03	0.031	0.577	GO:0045582
314	22	16	0.00096	0.00173	1.179e+02	0.221	0.456	GO:0045909
315	22	11	0.00094	0.00259	1.879e+02	-0.097	0.465	GO:0045879
316	28	10	0.00093	0.0028	3.715e+02	-0.213	0.576	GO:0070670
317	99	49	0.00092	0.00238	3.715e+03	-0.007	0.467	GO:0032319
318	56	22	0.00088	0.00194	1.383e+03	-0.099	0.373	GO:0007286
319	89	39	0.00088	0.00199	3.251e+03	-0.043	0.464	GO:0046916
320	25	12	0.00085	0.00248	2.488e+02	-0.04	0.5	GO:0060330
321	28	17	0.00085	0.00254	2.538e+02	0.082	0.522	GO:0043551
322	22	10	0.00084	0.00197	2.008e+02	-0.012	0.41	GO:0030511
323	26	9	0.00084	0.00251	3.266e+02	-0.211	0.434	GO:0018022
324	23	9	0.00083	0.00147	2.408e+02	-0.131	0.42	GO:0036152
325	27	13	0.00082	0.00247	2.887e+02	-0.082	0.48	GO:0040020
326	21	10	0.00082	0.00141	1.779e+02	0.075	0.412	GO:0009651
327	54	28	0.0008	0.00241	1.078e+03	-0.01	0.514	GO:0006458
328	22	10	0.0008	0.00239	2.008e+02	-0.148	0.516	GO:0001909
329	67	31	0.00078	0.00235	1.788e+03	-0.066	0.485	GO:0007009
330	21	11	0.00078	0.00121	1.659e+02	0.033	0.518	GO:0002720
331	22	10	0.00077	0.00232	2.008e+02	-0.06	0.493	GO:0006829
332	27	11	0.00077	0.00232	3.216e+02	-0.122	0.487	GO:0034453
333	60	31	0.00077	0.00225	1.332e+03	-0.051	0.465	GO:0046879
334	35	15	0.00076	0.00229	5.193e+02	-0.023	0.439	GO:0042752
335	22	6	0.00075	0.00205	2.627e+02	-0.3	0.366	GO:0042490
336	22	12	0.00075	0.00224	1.759e+02	-0.018	0.522	GO:0030201
337	24	8	0.00074	0.00223	2.847e+02	-0.138	0.386	GO:0035329
338	29	11	0.00074	0.00173	3.855e+02	-0.096	0.382	GO:0043486
339	76	40	0.00074	0.00221	2.102e+03	-0.001	0.512	GO:0032680
340	45	24	0.00074	0.00221	7.350e+02	-0.032	0.589	GO:0042044
341	155	80	0.00072	0.00215	8.808e+03	-0.002	0.509	GO:0042742
342	24	12	0.00072	0.00193	2.228e+02	0.012	0.493	GO:0070588
343	20	9	0.00071	0.00212	1.679e+02	-0.078	0.514	GO:0019724
344	22	7	0.00071	0.00212	2.457e+02	-0.238	0.446	GO:0032728
345	34	17	0.00071	0.00162	4.425e+02	-0.048	0.469	GO:0046580
346	28	14	0.0007	0.0021	3.017e+02	-0.069	0.496	GO:0043388
347	46	25	0.0007	0.00209	7.559e+02	-0.015	0.5	GO:0002028
348	22	12	0.00068	0.0017	1.759e+02	0.005	0.511	GO:0060071
349	34	18	0.00068	0.00204	4.245e+02	-0.079	0.538	GO:0014823
350	91	45	0.00068	0.00204	3.144e+03	-0.02	0.487	GO:0034754
351	78	38	0.00068	0.00182	2.337e+03	0.001	0.451	GO:0007623
352	34	17	0.00067	0.0018	4.425e+02	-0.053	0.54	GO:0002562
353	34	16	0.00067	0.00202	4.614e+02	-0.006	0.456	GO:2000379
354	24	12	0.00066	0.00198	2.228e+02	-0.047	0.49	GO:0050918
355	26	13	0.00066	0.00173	2.608e+02	0.002	0.494	GO:0055013
356	27	14	0.00065	0.00168	2.738e+02	0.001	0.574	GO:0019674
357	31	15	0.00065	0.00181	3.776e+02	-0.101	0.516	GO:0051445
358	156	68	0.00064	0.00193	9.955e+03	-0.055	0.458	GO:0016311
359	23	11	0.00064	0.00149	2.118e+02	-0.036	0.588	GO:1901992
360	20	8	0.00064	0.00192	1.808e+02	-0.117	0.523	GO:0001953
361	24	12	0.00063	0.00128	2.228e+02	-0.052	0.539	GO:0016447
362	27	17	0.00063	0.00188	2.258e+02	0.082	0.476	GO:0048010
363	20	8	0.00061	0.00136	1.808e+02	-0.178	0.391	GO:0072337
364	26	15	0.00061	0.00184	2.318e+02	0.035	0.498	GO:0030166
365	28	11	0.00061	0.00184	3.526e+02	-0.172	0.461	GO:1903309
366	25	12	0.0006	0.00177	2.488e+02	-0.092	0.526	GO:0001659
367	65	28	0.00059	0.00176	1.761e+03	-0.062	0.414	GO:0060337
368	21	9	0.00058	0.00173	1.908e+02	-0.202	0.528	GO:0060412
369	22	8	0.00058	0.00173	2.298e+02	-0.175	0.578	GO:0061005
370	61	25	0.00054	0.00162	1.599e+03	-0.114	0.467	GO:0010631
371	59	25	0.00053	0.0016	1.468e+03	-0.048	0.427	GO:0015992
372	33	15	0.00053	0.0013	4.455e+02	-0.044	0.418	GO:0032370
373	111	54	0.00052	0.00155	4.719e+03	-0.031	0.484	GO:0008544
374	38	19	0.00052	0.00121	5.513e+02	0.01	0.501	GO:0009311
375	92	48	0.00051	0.00154	3.094e+03	-0.041	0.545	GO:0019886
376	77	37	0.00051	0.00154	2.299e+03	-0.066	0.458	GO:0021953
377	22	12	0.00051	0.00097	1.759e+02	-0.029	0.635	GO:1901532
378	52	34	0.00051	0.00152	7.830e+02	0.114	0.496	GO:0002690
379	30	16	0.0005	0.00107	3.297e+02	-0.053	0.537	GO:0008038
380	40	18	0.00049	0.00148	6.550e+02	-0.108	0.508	GO:1900076
381	20	12	0.00048	0.00145	1.329e+02	-0.001	0.517	GO:0008210
382	113	59	0.00048	0.00143	4.656e+03	-0.037	0.525	GO:0071216
383	23	10	0.00047	0.00129	2.258e+02	-0.117	0.56	GO:0007176
384	40	17	0.00047	0.00104	6.790e+02	-0.128	0.457	GO:2001251
385	58	30	0.00047	0.00108	1.245e+03	0.03	0.505	GO:0002705
386	41	17	0.00046	0.00139	7.238e+02	-0.031	0.439	GO:0043967
387	52	24	0.00046	0.00138	1.083e+03	-0.048	0.453	GO:0046888
388	57	28	0.00045	0.00136	1.247e+03	-0.026	0.513	GO:1901879
389	20	11	0.00044	0.00109	1.449e+02	-0.048	0.55	GO:2000108
390	71	36	0.00044	0.00133	1.887e+03	0.021	0.498	GO:2001242
391	22	8	0.00044	0.00132	2.298e+02	-0.129	0.549	GO:0035336
392	61	30	0.00043	0.0013	1.425e+03	-0.044	0.497	GO:0014013
393	69	30	0.00041	0.00124	1.971e+03	-0.104	0.464	GO:0017148
394	86	44	0.00041	0.00124	2.744e+03	-0.04	0.481	GO:0071346
395	23	11	0.00041	0.001	2.118e+02	-0.055	0.505	GO:0019098
396	45	23	0.0004	0.00121	7.589e+02	-0.004	0.535	GO:0002709
397	75	30	0.0004	0.00083	2.443e+03	-0.084	0.401	GO:0006200
398	37	21	0.00039	0.00118	4.725e+02	-0.0	0.508	GO:0032651
399	39	20	0.00039	0.00097	5.703e+02	-0.062	0.579	GO:0048678
400	101	57	0.00039	0.00114	3.489e+03	0.005	0.526	GO:0071219
401	36	16	0.00039	0.00116	5.363e+02	-0.026	0.425	GO:0032480
402	24	9	0.00038	0.00115	2.677e+02	-0.156	0.425	GO:0006658
403	28	16	0.00038	0.00113	2.708e+02	-0.019	0.508	GO:0046326
404	50	24	0.00037	0.00112	9.763e+02	-0.082	0.448	GO:0010830
405	22	13	0.00037	0.00079	1.629e+02	-0.002	0.585	GO:0048873
406	49	25	0.00037	0.00081	8.996e+02	-0.019	0.499	GO:0051084
407	24	12	0.00035	0.00106	2.228e+02	-0.007	0.5	GO:0060334
408	20	10	0.00035	0.00097	1.559e+02	-0.044	0.533	GO:0070271
409	40	20	0.00035	0.00104	6.102e+02	-0.099	0.484	GO:0031018
410	24	11	0.00032	0.00097	2.368e+02	-0.107	0.552	GO:0060397
411	106	54	0.00032	0.00085	4.173e+03	-0.026	0.499	GO:0007188
412	22	7	0.00032	0.00096	2.457e+02	-0.136	0.373	GO:0060765
413	64	30	0.00032	0.00095	1.618e+03	-0.019	0.378	GO:0006987
414	59	30	0.00031	0.00094	1.303e+03	-0.035	0.568	GO:0046634
415	38	17	0.00031	0.00083	5.942e+02	-0.022	0.477	GO:0006754
416	52	22	0.0003	0.00091	1.144e+03	-0.023	0.415	GO:0042180
417	31	12	0.0003	0.00091	4.344e+02	-0.134	0.455	GO:0052646
418	20	14	0.0003	0.0009	1.059e+02	0.174	0.485	GO:0052652
419	35	19	0.00029	0.00088	4.405e+02	0.015	0.615	GO:0002712
420	56	28	0.00029	0.00086	1.189e+03	0.015	0.508	GO:0002708
421	38	16	0.00029	0.00086	6.171e+02	-0.136	0.547	GO:0006513
422	43	23	0.00028	0.00084	6.701e+02	0.015	0.528	GO:0045980
423	20	6	0.00027	0.00065	2.098e+02	-0.119	0.329	GO:0045773
424	21	12	0.00026	0.00079	1.539e+02	-0.0	0.562	GO:0031016
425	21	7	0.00026	0.00078	2.198e+02	-0.153	0.347	GO:0072009
426	66	30	0.00026	0.00056	1.755e+03	-0.045	0.488	GO:0010811
427	31	14	0.00025	0.00051	3.955e+02	-0.129	0.49	GO:0030073
428	23	7	0.00025	0.00069	2.737e+02	-0.211	0.414	GO:0061515
429	26	12	0.00025	0.00076	2.757e+02	-0.081	0.467	GO:0070979
430	136	61	0.00025	0.00076	7.446e+03	-0.03	0.481	GO:0098655
431	40	18	0.00025	0.00074	6.550e+02	-0.142	0.505	GO:0045778
432	46	24	0.00024	0.00073	7.808e+02	-0.045	0.525	GO:0009187
433	33	14	0.00024	0.00073	4.654e+02	-0.127	0.456	GO:0032648
434	21	8	0.00024	0.00072	2.048e+02	-0.092	0.576	GO:0000272
435	43	14	0.00024	0.00072	9.042e+02	-0.149	0.436	GO:0030516
436	69	39	0.00024	0.00072	1.633e+03	-0.011	0.575	GO:0042102
437	24	11	0.00024	0.00072	2.368e+02	0.002	0.406	GO:0050926
438	31	13	0.00024	0.00071	4.145e+02	-0.072	0.421	GO:0009452
439	65	36	0.00024	0.00071	1.477e+03	-0.047	0.577	GO:0045639
440	82	37	0.00023	0.0007	2.713e+03	-0.053	0.435	GO:0016101
441	50	26	0.00023	0.00068	9.235e+02	-0.094	0.552	GO:2000177
442	30	15	0.00022	0.00067	3.456e+02	-0.071	0.597	GO:0045104
443	24	12	0.00022	0.00067	2.228e+02	-0.001	0.46	GO:0046627
444	20	10	0.00022	0.00066	1.559e+02	-0.158	0.59	GO:0002861
445	20	7	0.00022	0.00066	1.948e+02	-0.225	0.506	GO:0015721
446	20	11	0.00022	0.00066	1.449e+02	0.003	0.557	GO:0043537
447	23	12	0.00022	0.00066	1.988e+02	-0.031	0.547	GO:0090207
448	83	32	0.00022	0.00065	3.049e+03	-0.106	0.402	GO:0009125
449	50	20	0.00021	0.00064	1.094e+03	-0.064	0.376	GO:0006826
450	25	11	0.00021	0.00064	2.637e+02	-0.071	0.475	GO:0070534
451	34	16	0.00021	0.00062	4.614e+02	-0.067	0.471	GO:0014015
452	56	26	0.0002	0.00061	1.250e+03	-0.061	0.518	GO:0009880
453	30	13	0.0002	0.00059	3.806e+02	-0.104	0.429	GO:0018208
454	23	8	0.0002	0.00049	2.567e+02	-0.171	0.442	GO:0034367
455	23	10	0.0002	0.00059	2.258e+02	-0.027	0.492	GO:0048512
456	51	24	0.0002	0.00059	1.029e+03	-0.072	0.504	GO:2001252
457	66	35	0.00019	0.00056	1.579e+03	-0.051	0.594	GO:0042060
458	20	8	0.00019	0.00043	1.808e+02	-0.083	0.495	GO:0098581
459	21	9	0.00018	0.0005	1.908e+02	-0.177	0.621	GO:0001662
460	32	14	0.00018	0.00054	4.295e+02	-0.135	0.521	GO:0046626
461	23	8	0.00017	0.00035	2.567e+02	-0.152	0.479	GO:0009395
462	34	17	0.00017	0.00042	4.425e+02	-0.035	0.445	GO:0035176
463	64	30	0.00016	0.00049	1.618e+03	-0.096	0.549	GO:0031279
464	45	23	0.00016	0.00049	7.589e+02	-0.034	0.566	GO:0048592
465	22	8	0.00016	0.00048	2.298e+02	-0.174	0.628	GO:0010880
466	22	12	0.00016	0.00047	1.759e+02	-0.023	0.6	GO:0030325
467	151	63	0.00016	0.00047	9.576e+03	-0.102	0.436	GO:0071824
468	41	17	0.00015	0.00044	7.238e+02	-0.099	0.559	GO:0042059
469	27	16	0.00014	0.00043	2.428e+02	-0.03	0.545	GO:0060740
470	47	22	0.00014	0.00043	8.785e+02	-0.042	0.522	GO:1901880
471	103	54	0.00014	0.00042	3.860e+03	-0.004	0.511	GO:0032320
472	44	23	0.00014	0.00042	7.140e+02	-0.024	0.598	GO:0046635
473	28	13	0.00014	0.00042	3.177e+02	-0.032	0.494	GO:0055006
474	34	16	0.00014	0.00042	4.614e+02	-0.076	0.567	GO:0072659
475	80	31	0.00014	0.00041	2.826e+03	-0.099	0.398	GO:0009158
476	46	21	0.00014	0.00041	8.556e+02	-0.11	0.586	GO:0030010
477	57	24	0.00014	0.00041	1.376e+03	-0.113	0.472	GO:0030204
478	29	17	0.00014	0.00041	2.828e+02	0.116	0.443	GO:0043491
479	109	53	0.00013	0.00038	4.552e+03	-0.024	0.486	GO:0030808
480	21	10	0.00013	0.00038	1.779e+02	0.009	0.493	GO:0052312
481	86	44	0.00012	0.00037	2.744e+03	0.007	0.539	GO:0002706
482	95	47	0.00012	0.00036	3.423e+03	-0.03	0.554	GO:0002822
483	26	11	0.00012	0.00036	2.917e+02	-0.05	0.486	GO:0051602
484	29	15	0.00012	0.00036	3.157e+02	-0.08	0.491	GO:2000179
485	58	30	0.00012	0.00035	1.245e+03	0.018	0.464	GO:0071260
486	27	15	0.00011	0.00034	2.588e+02	-0.045	0.541	GO:0021983
487	38	16	0.00011	0.00032	6.171e+02	-0.085	0.491	GO:0050982
488	32	18	0.0001	0.0003	3.576e+02	-0.039	0.555	GO:0010828
489	47	20	0.0001	0.0003	9.333e+02	-0.074	0.443	GO:0042733
490	61	29	0.0001	0.0003	1.458e+03	-0.057	0.519	GO:0060491
491	29	10	0.0001	0.0003	4.055e+02	-0.119	0.403	GO:0061448
492	72	33	0.0001	0.00029	2.075e+03	-0.088	0.532	GO:0006308
493	22	11	9e-05	0.00028	1.879e+02	-0.09	0.514	GO:0035924
494	30	14	9e-05	0.00028	3.626e+02	-0.096	0.607	GO:0048640
495	41	20	9e-05	0.00026	6.521e+02	-0.125	0.501	GO:0010464
496	24	11	8e-05	0.00024	2.368e+02	0.005	0.581	GO:0008089
497	20	8	8e-05	0.00024	1.808e+02	-0.121	0.504	GO:0010714
498	37	19	8e-05	0.00024	5.134e+02	-0.019	0.548	GO:0032755
499	21	12	8e-05	0.00024	1.539e+02	0.065	0.513	GO:0071385
500	25	9	8e-05	0.00023	2.967e+02	-0.063	0.349	GO:0000038
501	45	24	8e-05	0.00023	7.350e+02	-0.039	0.6	GO:0032655
502	60	31	8e-05	0.00023	1.332e+03	0.039	0.5	GO:2001235
503	29	13	7e-05	0.00022	3.486e+02	-0.103	0.553	GO:0042168
504	25	12	7e-05	0.00022	2.488e+02	-0.106	0.599	GO:0051155
505	32	16	7e-05	0.0002	3.926e+02	0.033	0.448	GO:0033628
506	31	15	7e-05	0.0002	3.776e+02	0.002	0.518	GO:0051282
507	39	14	7e-05	0.0002	7.108e+02	-0.101	0.317	GO:0090382
508	27	14	6e-05	0.00019	2.738e+02	0.04	0.469	GO:0046676
509	22	12	6e-05	0.00019	1.759e+02	0.057	0.513	GO:0071384
510	25	9	6e-05	0.00018	2.967e+02	-0.189	0.44	GO:0006893
511	46	21	6e-05	0.00018	8.556e+02	-0.07	0.476	GO:0014068
512	22	8	6e-05	0.00017	2.298e+02	-0.068	0.352	GO:0010718
513	26	12	6e-05	0.00017	2.757e+02	-0.055	0.494	GO:0042133
514	21	8	4e-05	0.00012	2.048e+02	-0.143	0.443	GO:0006342
515	46	21	4e-05	0.00012	8.556e+02	-0.072	0.52	GO:0032272
516	28	14	4e-05	0.00011	3.017e+02	-0.056	0.557	GO:0010453
517	32	15	4e-05	0.00011	4.105e+02	-0.061	0.495	GO:0031572
518	51	22	4e-05	0.00011	1.088e+03	-0.107	0.429	GO:0048641
519	32	13	3e-05	8e-05	4.494e+02	-0.147	0.483	GO:0032720
520	22	11	3e-05	8e-05	1.879e+02	-0.099	0.628	GO:0035249
521	21	7	3e-05	8e-05	2.198e+02	-0.228	0.416	GO:0046320
522	32	14	2e-05	7e-05	4.295e+02	-0.117	0.517	GO:0045599
523	36	18	2e-05	7e-05	4.954e+02	-0.06	0.572	GO:0070997
524	34	21	2e-05	6e-05	3.647e+02	0.057	0.526	GO:0010633
525	29	11	2e-05	6e-05	3.855e+02	-0.111	0.382	GO:0019370
526	27	12	2e-05	6e-05	3.047e+02	-0.177	0.585	GO:0021549
527	48	20	2e-05	5e-05	9.852e+02	-0.017	0.391	GO:0048525
528	29	12	2e-05	5e-05	3.666e+02	-0.137	0.576	GO:1902115
529	163	83	1e-05	4e-05	9.830e+03	-0.024	0.513	GO:0001763
530	81	31	1e-05	4e-05	2.917e+03	-0.107	0.398	GO:0009128
531	23	10	1e-05	4e-05	2.258e+02	-0.102	0.576	GO:0009148
532	37	14	1e-05	4e-05	6.230e+02	-0.122	0.461	GO:0022008
533	23	10	1e-05	4e-05	2.258e+02	-0.065	0.507	GO:0050974
534	27	13	1e-05	2e-05	2.887e+02	0.029	0.463	GO:0045923
535	21	7	1e-05	2e-05	2.198e+02	-0.174	0.452	GO:1901099
536	26	13	0.0	1e-05	2.608e+02	-0.019	0.476	GO:0010559