Creation Time:	2022-12-30 15:46:32

INPUT:
File name:	/Users/JasonJia/Desktop/CRFE/Xinglin_insilico/result/crfe_v018_real.py
Annotations file:	/Users/JasonJia/Desktop/CRFE/Xinglin_insilico/data/human4/human_anno.txt
Gene file:	/Users/JasonJia/Desktop/CRFE/Xinglin_insilico/data/adeno_symbol.txt
lower limit annotations/process:	20
upper limit annotations/process:	200
k (number of perturbed categories):	1533
threshold:	2
threshold type:	levels
belief:	5.0
Method:	MCMC with parameter learning with an empty set as initial set
repeats:	5
burnin steps:	25000
MCMC steps:	25000
Maximal value for alpha and beta:	0.35503125403484775
Maximal possible value for alpha and beta:	0.35503125403484775
Probability parameter change:	0.2
seed for RNG:	977665710

Initial set of processes:
Empty set

INPUT ANALYSIS:
Total number of processes:	1821
Total number of genes:	6482
Number of perturbed genes:	1540
Proportion perturbed genes:	0.23758099352051837

OUTPUT:
Learnt parameters:
alpha (FPR):	0.23077031512265106
beta (FNR):	0.35503125403484775
q (penalization parameter):	0.001


Best log-likelihood value (mean +- standard deviation across replicates):	-3668.7318632104934 +- 1.6162386824159567

Order	#(Annotations)	#(Annotations of perturbed genes)	Mean Posterior Probability	Standard Deviation Posterior Probability	p-value	Average Expression Level	Average position perturbed genes	Term Name
1	37	21	0.98529	0.02942	4.723e+02	2.84	GO:0046364
2	73	33	0.98365	0.0327	2.149e+03	2.793	GO:0002576
3	30	15	0.77863	0.34276	3.455e+02	2.617	GO:0045646
4	25	12	0.65763	0.33081	2.487e+02	3.291	GO:0030834
5	26	13	0.65304	0.33051	2.607e+02	3.471	GO:0001954
6	53	27	0.50534	0.27785	1.051e+03	2.447	GO:0007051
7	27	12	0.44794	0.38395	3.046e+02	3.269	GO:0010633
8	22	10	0.41498	0.29767	2.008e+02	2.593	GO:0034405
9	24	10	0.37126	0.31172	2.517e+02	3.091	GO:0010596
10	28	13	0.33916	0.19788	3.175e+02	3.022	GO:0007566
11	33	13	0.30716	0.1228	4.861e+02	3.105	GO:0051492
12	23	10	0.28089	0.16065	2.257e+02	2.477	GO:0006636
13	31	14	0.17548	0.21584	3.954e+02	3.396	GO:1901888
14	35	15	0.17059	0.15445	5.190e+02	2.288	GO:0010717
15	21	11	0.1439	0.12866	1.658e+02	3.566	GO:0030835
16	21	11	0.13434	0.16144	1.658e+02	3.566	GO:0051693
17	50	23	0.11427	0.08422	1.003e+03	2.769	GO:0010811
18	105	39	0.10763	0.21401	4.952e+03	2.636	GO:2000146
19	21	11	0.09102	0.14012	1.658e+02	2.784	GO:0030511
20	24	10	0.07713	0.11674	2.517e+02	2.828	GO:0021954
21	21	12	0.07295	0.06412	1.539e+02	3.012	GO:0007052
22	20	8	0.0721	0.10444	1.808e+02	3.279	GO:0050926
23	95	38	0.07054	0.08032	3.900e+03	2.746	GO:0031589
24	28	13	0.0703	0.09282	3.175e+02	2.427	GO:0042451
25	33	15	0.06812	0.06798	4.452e+02	3.22	GO:0006909
26	37	13	0.0629	0.06192	6.475e+02	2.815	GO:0032231
27	49	20	0.05962	0.05432	1.038e+03	2.779	GO:0007569
28	24	11	0.05935	0.05488	2.367e+02	2.472	GO:0046456
29	25	11	0.05778	0.11023	2.636e+02	3.111	GO:0001569
30	36	15	0.05149	0.0733	5.579e+02	2.723	GO:0048844
31	31	12	0.04535	0.05421	4.342e+02	2.401	GO:0031214
32	26	10	0.0443	0.08779	3.085e+02	2.472	GO:0045599
33	31	16	0.03982	0.03467	3.605e+02	2.314	GO:0030397
34	22	12	0.03898	0.04394	1.758e+02	2.461	GO:0060334
35	37	18	0.0321	0.01941	5.330e+02	2.153	GO:0006998
36	42	14	0.03203	0.03928	8.527e+02	2.504	GO:0072164
37	20	11	0.02977	0.03011	1.449e+02	2.213	GO:0043666
38	25	9	0.02922	0.05269	2.965e+02	2.528	GO:0032570
39	65	26	0.02814	0.05629	1.837e+03	2.5	GO:0018212
40	22	8	0.02547	0.0312	2.297e+02	2.719	GO:0050873
41	24	12	0.0252	0.03586	2.227e+02	2.713	GO:0022409
42	23	9	0.0217	0.04341	2.407e+02	3.142	GO:0035162
43	87	34	0.01999	0.03998	3.318e+03	2.68	GO:0010632
44	23	12	0.01903	0.01794	1.988e+02	2.391	GO:0060330
45	32	17	0.01775	0.02852	3.754e+02	2.855	GO:0019319
46	28	10	0.01518	0.0218	3.714e+02	1.965	GO:0030199
47	23	11	0.01491	0.02478	2.118e+02	2.913	GO:0034446
48	29	12	0.01476	0.01911	3.664e+02	1.99	GO:0010770
49	32	14	0.01427	0.02854	4.293e+02	2.95	GO:1901880
50	21	7	0.01318	0.02635	2.197e+02	2.386	GO:0051145
51	53	19	0.01307	0.02614	1.302e+03	2.326	GO:0090317
52	38	16	0.0123	0.02461	6.167e+02	2.276	GO:0033143
53	22	8	0.01075	0.0215	2.297e+02	2.341	GO:0032873
54	45	17	0.00914	0.0115	9.166e+02	2.393	GO:0009152
55	38	16	0.00738	0.00911	6.167e+02	2.253	GO:0009163
56	52	19	0.00549	0.00726	1.241e+03	2.257	GO:0032943
57	75	27	0.00484	0.00968	2.583e+03	2.689	GO:0030097
58	33	11	0.00466	0.00933	5.309e+02	2.19	GO:0032092
59	102	39	0.00459	0.00918	4.603e+03	2.695	GO:0030336
60	22	9	0.00458	0.00915	2.147e+02	2.618	GO:0043534
61	38	16	0.0045	0.00901	6.167e+02	2.253	GO:1901659
62	22	8	0.00443	0.00886	2.297e+02	2.879	GO:0042743
63	33	14	0.00429	0.00537	4.652e+02	2.259	GO:0042455
64	62	22	0.00419	0.00838	1.784e+03	1.932	GO:0044848
65	23	10	0.00417	0.00834	2.257e+02	2.306	GO:0070670
66	31	10	0.004	0.008	4.770e+02	2.444	GO:0006027
67	39	16	0.0038	0.0076	6.596e+02	2.025	GO:0031023
68	57	20	0.00363	0.00556	1.520e+03	2.183	GO:0070661
69	72	34	0.00355	0.0071	2.033e+03	2.057	GO:0072599
70	25	9	0.00315	0.0063	2.965e+02	2.233	GO:0051225
71	26	9	0.00286	0.00571	3.265e+02	1.869	GO:0010883
72	37	14	0.0023	0.00459	6.226e+02	2.42	GO:0030218
73	21	8	0.00225	0.0045	2.047e+02	2.709	GO:0006821
74	64	26	0.00218	0.00437	1.766e+03	2.52	GO:0018108
75	35	13	0.00205	0.0041	5.638e+02	2.044	GO:0043648
76	25	10	0.00199	0.00398	2.796e+02	1.63	GO:0090199
77	27	12	0.00189	0.00378	3.046e+02	2.087	GO:0035637
78	20	8	0.00189	0.00378	1.808e+02	2.238	GO:0071353
79	22	8	0.00171	0.00342	2.297e+02	1.727	GO:0015748
80	32	11	0.0015	0.00301	4.920e+02	2.43	GO:0006026
81	22	9	0.00147	0.00294	2.147e+02	1.901	GO:0006213
82	71	35	0.00145	0.0029	1.922e+03	2.026	GO:0006613
83	38	17	0.00142	0.00283	5.938e+02	2.132	GO:0006458
84	30	15	0.00141	0.00173	3.455e+02	2.936	GO:0006096
85	38	16	0.00133	0.00266	6.167e+02	2.151	GO:0048592
86	23	8	0.00123	0.00246	2.566e+02	3.144	GO:0043114
87	20	8	0.00117	0.00234	1.808e+02	2.752	GO:0001892
88	48	21	0.00116	0.00232	9.556e+02	2.231	GO:0032075
89	20	6	0.00112	0.00224	2.097e+02	2.151	GO:0046627
90	27	12	0.0011	0.00219	3.046e+02	1.96	GO:0006284
91	108	42	0.00107	0.00214	5.109e+03	2.376	GO:0000302
92	20	6	0.00099	0.00198	2.097e+02	1.94	GO:1903018
93	47	16	0.00094	0.00187	1.054e+03	2.13	GO:0045598
94	25	9	0.00087	0.00174	2.965e+02	1.606	GO:0032410
95	35	15	0.00086	0.00173	5.190e+02	1.847	GO:0006901
96	21	8	0.00083	0.00166	2.047e+02	1.638	GO:0070206
97	22	7	0.00082	0.00165	2.456e+02	2.313	GO:0030204
98	30	9	0.00074	0.00147	4.621e+02	2.11	GO:0001947
99	20	8	0.00073	0.00146	1.808e+02	1.741	GO:0033003
100	92	33	0.00069	0.00138	3.879e+03	2.234	GO:0010810
101	60	25	0.0006	0.0012	1.531e+03	2.952	GO:0001936
102	63	24	0.00059	0.00118	1.775e+03	2.293	GO:0034614
103	30	9	0.00045	0.0009	4.621e+02	2.069	GO:0042044
104	20	7	0.00042	0.00083	1.947e+02	1.858	GO:0003179
105	27	8	0.00034	0.00069	3.783e+02	2.538	GO:0032233
106	20	7	0.00033	0.00066	1.947e+02	2.21	GO:0048701
107	27	10	0.00027	0.00054	3.394e+02	2.529	GO:2001238
108	37	14	0.00019	0.00038	6.226e+02	2.205	GO:0002244
109	40	15	0.00018	0.00035	7.293e+02	1.677	GO:0010822
110	60	21	0.00016	0.00032	1.684e+03	1.995	GO:0022407
111	64	26	0.00014	0.00029	1.766e+03	2.214	GO:0007229
112	29	8	0.00014	0.00029	4.481e+02	1.536	GO:0042157
113	23	6	0.00012	0.00024	2.915e+02	1.936	GO:0046164
114	23	8	0.00012	0.00024	2.566e+02	2.259	GO:0097028
115	67	25	0.0001	0.00021	2.027e+03	2.644	GO:0007160
116	28	11	0.0001	0.00019	3.524e+02	2.142	GO:2000379
117	75	29	4e-05	8e-05	2.486e+03	2.351	GO:0042542