420	45.14
148	0.51
151	0.39
162	0.33
149	0.28
578	0.2
659	0.19
2	0.18
1108	0.17
916	0.16
34	0.16
1586	0.15
558	0.15
150	0.15
706	0.14
2052	0.12
1589	0.12
1398	0.12
1014	0.12
873	0.12
658	0.12
2078	0.11
960	0.11
963	0.1
418	0.1
412	0.1
396	0.1
141	0.1
10	0.1
1629	0.09
1521	0.09
1428	0.09
1424	0.09
1336	0.09
1013	0.09
987	0.09
454	0.09
258	0.09
2074	0.08
1831	0.08
1804	0.08
1547	0.08
1525	0.08
1098	0.08
686	0.08
411	0.08
69	0.08
26	0.08
2133	0.07
1844	0.07
1437	0.07
1399	0.07
1397	0.07
1375	0.07
1371	0.07
1352	0.07
1242	0.07
1122	0.07
1119	0.07
994	0.07
883	0.07
639	0.07
428	0.07
302	0.07
240	0.07
152	0.07
147	0.07
140	0.07
4	0.07
3	0.07
2221	0.06
2056	0.06
1936	0.06
1934	0.06
1932	0.06
1813	0.06
1596	0.06
1557	0.06
1549	0.06
1534	0.06
1516	0.06
1425	0.06
1110	0.06
1085	0.06
1081	0.06
1057	0.06
932	0.06
921	0.06
915	0.06
879	0.06
788	0.06
705	0.06
684	0.06
672	0.06
579	0.06
568	0.06
563	0.06
559	0.06
554	0.06
455	0.06
417	0.06
416	0.06
318	0.06
219	0.06
68	0.06
36	0.06
2225	0.05
2207	0.05
2149	0.05
2147	0.05
2110	0.05
2108	0.05
2094	0.05
1983	0.05
1973	0.05
1951	0.05
1935	0.05
1933	0.05
1854	0.05
1853	0.05
1838	0.05
1832	0.05
1805	0.05
1801	0.05
1590	0.05
1528	0.05
1520	0.05
1423	0.05
1380	0.05
1377	0.05
1287	0.05
1286	0.05
1270	0.05
1246	0.05
1228	0.05
1214	0.05
1206	0.05
1121	0.05
1086	0.05
1010	0.05
1003	0.05
1000	0.05
959	0.05
917	0.05
875	0.05
723	0.05
700	0.05
653	0.05
581	0.05
571	0.05
533	0.05
532	0.05
484	0.05
459	0.05
457	0.05
433	0.05
424	0.05
395	0.05
379	0.05
317	0.05
254	0.05
218	0.05
199	0.05
198	0.05
72	0.05
67	0.05
58	0.05
51	0.05
2240	0.04
2235	0.04
2227	0.04
2174	0.04
2170	0.04
2164	0.04
2153	0.04
2142	0.04
2096	0.04
2081	0.04
2075	0.04
2064	0.04
2057	0.04
2053	0.04
2020	0.04
2011	0.04
2010	0.04
1972	0.04
1954	0.04
1923	0.04
1849	0.04
1843	0.04
1815	0.04
1800	0.04
1797	0.04
1781	0.04
1767	0.04
1664	0.04
1634	0.04
1631	0.04
1614	0.04
1610	0.04
1597	0.04
1591	0.04
1567	0.04
1563	0.04
1559	0.04
1558	0.04
1545	0.04
1524	0.04
1462	0.04
1436	0.04
1435	0.04
1430	0.04
1416	0.04
1409	0.04
1400	0.04
1378	0.04
1370	0.04
1363	0.04
1362	0.04
1300	0.04
1296	0.04
1288	0.04
1285	0.04
1262	0.04
1258	0.04
1255	0.04
1252	0.04
1250	0.04
1244	0.04
1241	0.04
1221	0.04
1202	0.04
1201	0.04
1175	0.04
1120	0.04
1096	0.04
1091	0.04
1087	0.04
1084	0.04
1065	0.04
1028	0.04
1017	0.04
1009	0.04
1001	0.04
997	0.04
996	0.04
993	0.04
991	0.04
990	0.04
988	0.04
976	0.04
973	0.04
962	0.04
949	0.04
908	0.04
885	0.04
878	0.04
817	0.04
771	0.04
725	0.04
711	0.04
704	0.04
661	0.04
660	0.04
651	0.04
648	0.04
646	0.04
638	0.04
635	0.04
633	0.04
632	0.04
580	0.04
577	0.04
572	0.04
564	0.04
556	0.04
555	0.04
548	0.04
531	0.04
523	0.04
503	0.04
485	0.04
453	0.04
440	0.04
439	0.04
426	0.04
425	0.04
415	0.04
408	0.04
393	0.04
392	0.04
391	0.04
389	0.04
358	0.04
314	0.04
306	0.04
301	0.04
286	0.04
208	0.04
167	0.04
166	0.04
163	0.04
160	0.04
153	0.04
142	0.04
71	0.04
70	0.04
66	0.04
65	0.04
63	0.04
61	0.04
59	0.04
52	0.04
46	0.04
33	0.04
27	0.04
15	0.04
8	0.04
7	0.04
1	0.04
2272	0.03
2269	0.03
2260	0.03
2254	0.03
2252	0.03
2250	0.03
2242	0.03
2241	0.03
2237	0.03
2226	0.03
2224	0.03
2219	0.03
2218	0.03
2212	0.03
2211	0.03
2205	0.03
2199	0.03
2194	0.03
2187	0.03
2185	0.03
2183	0.03
2181	0.03
2179	0.03
2171	0.03
2168	0.03
2157	0.03
2156	0.03
2155	0.03
2154	0.03
2146	0.03
2143	0.03
2128	0.03
2125	0.03
2124	0.03
2116	0.03
2114	0.03
2109	0.03
2106	0.03
2105	0.03
2103	0.03
2098	0.03
2097	0.03
2093	0.03
2082	0.03
2076	0.03
2069	0.03
2066	0.03
2061	0.03
2060	0.03
2059	0.03
2058	0.03
2055	0.03
2054	0.03
2051	0.03
1969	0.03
1965	0.03
1960	0.03
1958	0.03
1952	0.03
1950	0.03
1943	0.03
1939	0.03
1938	0.03
1937	0.03
1929	0.03
1924	0.03
1921	0.03
1914	0.03
1913	0.03
1912	0.03
1898	0.03
1894	0.03
1890	0.03
1878	0.03
1876	0.03
1875	0.03
1873	0.03
1872	0.03
1864	0.03
1863	0.03
1851	0.03
1848	0.03
1847	0.03
1841	0.03
1839	0.03
1837	0.03
1835	0.03
1834	0.03
1833	0.03
1827	0.03
1825	0.03
1821	0.03
1818	0.03
1816	0.03
1814	0.03
1810	0.03
1803	0.03
1796	0.03
1794	0.03
1793	0.03
1782	0.03
1775	0.03
1773	0.03
1761	0.03
1760	0.03
1757	0.03
1756	0.03
1732	0.03
1728	0.03
1712	0.03
1693	0.03
1686	0.03
1681	0.03
1675	0.03
1669	0.03
1665	0.03
1663	0.03
1661	0.03
1636	0.03
1616	0.03
1615	0.03
1613	0.03
1609	0.03
1607	0.03
1605	0.03
1600	0.03
1599	0.03
1598	0.03
1595	0.03
1593	0.03
1592	0.03
1582	0.03
1575	0.03
1574	0.03
1570	0.03
1569	0.03
1566	0.03
1565	0.03
1564	0.03
1544	0.03
1543	0.03
1540	0.03
1538	0.03
1532	0.03
1522	0.03
1517	0.03
1515	0.03
1514	0.03
1513	0.03
1511	0.03
1510	0.03
1507	0.03
1505	0.03
1501	0.03
1487	0.03
1486	0.03
1485	0.03
1483	0.03
1465	0.03
1464	0.03
1463	0.03
1461	0.03
1460	0.03
1457	0.03
1451	0.03
1449	0.03
1448	0.03
1447	0.03
1446	0.03
1433	0.03
1429	0.03
1426	0.03
1418	0.03
1417	0.03
1414	0.03
1413	0.03
1412	0.03
1407	0.03
1396	0.03
1395	0.03
1389	0.03
1386	0.03
1385	0.03
1379	0.03
1376	0.03
1374	0.03
1369	0.03
1367	0.03
1361	0.03
1359	0.03
1358	0.03
1354	0.03
1353	0.03
1335	0.03
1315	0.03
1307	0.03
1306	0.03
1305	0.03
1304	0.03
1303	0.03
1302	0.03
1299	0.03
1298	0.03
1295	0.03
1293	0.03
1289	0.03
1269	0.03
1268	0.03
1263	0.03
1257	0.03
1256	0.03
1254	0.03
1253	0.03
1251	0.03
1249	0.03
1248	0.03
1245	0.03
1243	0.03
1240	0.03
1237	0.03
1235	0.03
1231	0.03
1229	0.03
1227	0.03
1226	0.03
1225	0.03
1224	0.03
1223	0.03
1205	0.03
1203	0.03
1199	0.03
1189	0.03
1178	0.03
1177	0.03
1176	0.03
1165	0.03
1163	0.03
1126	0.03
1109	0.03
1107	0.03
1106	0.03
1104	0.03
1103	0.03
1101	0.03
1100	0.03
1099	0.03
1097	0.03
1095	0.03
1078	0.03
1076	0.03
1064	0.03
1059	0.03
1058	0.03
1056	0.03
1054	0.03
1051	0.03
1035	0.03
1033	0.03
1031	0.03
1029	0.03
1019	0.03
1016	0.03
1015	0.03
1011	0.03
1006	0.03
1002	0.03
999	0.03
998	0.03
984	0.03
983	0.03
977	0.03
974	0.03
972	0.03
954	0.03
951	0.03
933	0.03
929	0.03
926	0.03
922	0.03
920	0.03
918	0.03
911	0.03
896	0.03
891	0.03
887	0.03
886	0.03
884	0.03
877	0.03
874	0.03
862	0.03
857	0.03
850	0.03
839	0.03
838	0.03
837	0.03
832	0.03
822	0.03
813	0.03
803	0.03
800	0.03
799	0.03
798	0.03
794	0.03
793	0.03
786	0.03
766	0.03
757	0.03
754	0.03
753	0.03
750	0.03
739	0.03
722	0.03
720	0.03
707	0.03
703	0.03
702	0.03
693	0.03
690	0.03
689	0.03
687	0.03
683	0.03
682	0.03
681	0.03
678	0.03
677	0.03
675	0.03
674	0.03
673	0.03
670	0.03
657	0.03
656	0.03
655	0.03
652	0.03
650	0.03
640	0.03
601	0.03
582	0.03
576	0.03
573	0.03
570	0.03
566	0.03
565	0.03
557	0.03
550	0.03
546	0.03
539	0.03
537	0.03
536	0.03
528	0.03
514	0.03
504	0.03
483	0.03
477	0.03
462	0.03
461	0.03
460	0.03
458	0.03
456	0.03
452	0.03
451	0.03
442	0.03
441	0.03
437	0.03
423	0.03
419	0.03
414	0.03
413	0.03
410	0.03
406	0.03
405	0.03
403	0.03
399	0.03
394	0.03
382	0.03
381	0.03
375	0.03
362	0.03
361	0.03
360	0.03
356	0.03
319	0.03
315	0.03
313	0.03
305	0.03
300	0.03
299	0.03
297	0.03
294	0.03
293	0.03
285	0.03
283	0.03
282	0.03
280	0.03
274	0.03
267	0.03
262	0.03
257	0.03
255	0.03
252	0.03
239	0.03
237	0.03
232	0.03
217	0.03
210	0.03
207	0.03
192	0.03
175	0.03
165	0.03
146	0.03
144	0.03
131	0.03
130	0.03
98	0.03
96	0.03
95	0.03
91	0.03
90	0.03
89	0.03
87	0.03
80	0.03
79	0.03
75	0.03
73	0.03
62	0.03
60	0.03
57	0.03
56	0.03
54	0.03
53	0.03
50	0.03
48	0.03
43	0.03
42	0.03
40	0.03
38	0.03
37	0.03
28	0.03
25	0.03
13	0.03
11	0.03
5	0.03
2386	0.02
2305	0.02
2278	0.02
2271	0.02
2268	0.02
2267	0.02
2266	0.02
2265	0.02
2264	0.02
2262	0.02
2261	0.02
2259	0.02
2258	0.02
2257	0.02
2253	0.02
2248	0.02
2246	0.02
2245	0.02
2243	0.02
2238	0.02
2234	0.02
2233	0.02
2232	0.02
2230	0.02
2228	0.02
2223	0.02
2222	0.02
2220	0.02
2214	0.02
2213	0.02
2210	0.02
2209	0.02
2208	0.02
2206	0.02
2204	0.02
2203	0.02
2202	0.02
2201	0.02
2200	0.02
2198	0.02
2197	0.02
2196	0.02
2192	0.02
2190	0.02
2189	0.02
2188	0.02
2186	0.02
2184	0.02
2182	0.02
2180	0.02
2178	0.02
2177	0.02
2175	0.02
2173	0.02
2172	0.02
2169	0.02
2166	0.02
2163	0.02
2162	0.02
2160	0.02
2159	0.02
2158	0.02
2151	0.02
2150	0.02
2148	0.02
2145	0.02
2144	0.02
2141	0.02
2140	0.02
2135	0.02
2134	0.02
2129	0.02
2127	0.02
2126	0.02
2118	0.02
2113	0.02
2111	0.02
2107	0.02
2102	0.02
2099	0.02
2095	0.02
2092	0.02
2091	0.02
2087	0.02
2085	0.02
2084	0.02
2083	0.02
2079	0.02
2077	0.02
2073	0.02
2068	0.02
2067	0.02
2063	0.02
2062	0.02
2050	0.02
2049	0.02
2048	0.02
2047	0.02
2042	0.02
2041	0.02
2040	0.02
2039	0.02
2027	0.02
2021	0.02
2013	0.02
2012	0.02
2009	0.02
2006	0.02
2005	0.02
1998	0.02
1997	0.02
1991	0.02
1990	0.02
1987	0.02
1985	0.02
1984	0.02
1982	0.02
1977	0.02
1975	0.02
1974	0.02
1968	0.02
1967	0.02
1966	0.02
1962	0.02
1961	0.02
1959	0.02
1957	0.02
1956	0.02
1953	0.02
1949	0.02
1948	0.02
1947	0.02
1946	0.02
1945	0.02
1944	0.02
1942	0.02
1928	0.02
1927	0.02
1925	0.02
1922	0.02
1920	0.02
1919	0.02
1917	0.02
1916	0.02
1915	0.02
1910	0.02
1909	0.02
1906	0.02
1904	0.02
1903	0.02
1901	0.02
1899	0.02
1897	0.02
1895	0.02
1893	0.02
1892	0.02
1891	0.02
1889	0.02
1887	0.02
1885	0.02
1881	0.02
1880	0.02
1879	0.02
1877	0.02
1868	0.02
1862	0.02
1860	0.02
1859	0.02
1857	0.02
1855	0.02
1852	0.02
1850	0.02
1846	0.02
1845	0.02
1842	0.02
1836	0.02
1830	0.02
1829	0.02
1828	0.02
1826	0.02
1824	0.02
1823	0.02
1822	0.02
1820	0.02
1819	0.02
1817	0.02
1812	0.02
1811	0.02
1808	0.02
1807	0.02
1806	0.02
1802	0.02
1799	0.02
1798	0.02
1795	0.02
1792	0.02
1791	0.02
1790	0.02
1788	0.02
1786	0.02
1785	0.02
1783	0.02
1778	0.02
1777	0.02
1776	0.02
1774	0.02
1772	0.02
1771	0.02
1770	0.02
1769	0.02
1768	0.02
1766	0.02
1765	0.02
1763	0.02
1759	0.02
1755	0.02
1749	0.02
1748	0.02
1747	0.02
1746	0.02
1745	0.02
1744	0.02
1743	0.02
1741	0.02
1739	0.02
1738	0.02
1737	0.02
1735	0.02
1734	0.02
1733	0.02
1729	0.02
1726	0.02
1721	0.02
1716	0.02
1715	0.02
1711	0.02
1706	0.02
1705	0.02
1704	0.02
1702	0.02
1698	0.02
1685	0.02
1680	0.02
1679	0.02
1676	0.02
1674	0.02
1673	0.02
1672	0.02
1671	0.02
1670	0.02
1668	0.02
1667	0.02
1666	0.02
1656	0.02
1655	0.02
1654	0.02
1650	0.02
1648	0.02
1647	0.02
1646	0.02
1645	0.02
1643	0.02
1642	0.02
1641	0.02
1640	0.02
1639	0.02
1638	0.02
1637	0.02
1635	0.02
1633	0.02
1632	0.02
1630	0.02
1628	0.02
1627	0.02
1626	0.02
1625	0.02
1623	0.02
1622	0.02
1618	0.02
1617	0.02
1612	0.02
1608	0.02
1606	0.02
1604	0.02
1603	0.02
1602	0.02
1594	0.02
1588	0.02
1587	0.02
1585	0.02
1584	0.02
1583	0.02
1581	0.02
1579	0.02
1578	0.02
1576	0.02
1573	0.02
1572	0.02
1571	0.02
1568	0.02
1562	0.02
1561	0.02
1560	0.02
1555	0.02
1554	0.02
1553	0.02
1552	0.02
1550	0.02
1546	0.02
1542	0.02
1537	0.02
1536	0.02
1535	0.02
1531	0.02
1530	0.02
1529	0.02
1527	0.02
1526	0.02
1523	0.02
1512	0.02
1509	0.02
1506	0.02
1504	0.02
1503	0.02
1502	0.02
1500	0.02
1497	0.02
1492	0.02
1484	0.02
1480	0.02
1476	0.02
1472	0.02
1471	0.02
1467	0.02
1466	0.02
1459	0.02
1458	0.02
1455	0.02
1454	0.02
1453	0.02
1452	0.02
1450	0.02
1445	0.02
1443	0.02
1442	0.02
1441	0.02
1434	0.02
1432	0.02
1431	0.02
1427	0.02
1422	0.02
1419	0.02
1415	0.02
1411	0.02
1410	0.02
1408	0.02
1403	0.02
1402	0.02
1394	0.02
1393	0.02
1392	0.02
1391	0.02
1390	0.02
1387	0.02
1384	0.02
1383	0.02
1382	0.02
1381	0.02
1373	0.02
1372	0.02
1366	0.02
1365	0.02
1364	0.02
1360	0.02
1357	0.02
1355	0.02
1349	0.02
1348	0.02
1346	0.02
1345	0.02
1339	0.02
1338	0.02
1337	0.02
1332	0.02
1320	0.02
1319	0.02
1318	0.02
1317	0.02
1316	0.02
1314	0.02
1313	0.02
1312	0.02
1311	0.02
1310	0.02
1309	0.02
1308	0.02
1301	0.02
1297	0.02
1294	0.02
1290	0.02
1284	0.02
1281	0.02
1280	0.02
1278	0.02
1277	0.02
1276	0.02
1275	0.02
1274	0.02
1273	0.02
1272	0.02
1271	0.02
1267	0.02
1266	0.02
1264	0.02
1261	0.02
1260	0.02
1247	0.02
1239	0.02
1236	0.02
1234	0.02
1233	0.02
1230	0.02
1222	0.02
1220	0.02
1219	0.02
1217	0.02
1216	0.02
1215	0.02
1213	0.02
1211	0.02
1210	0.02
1208	0.02
1207	0.02
1204	0.02
1195	0.02
1193	0.02
1192	0.02
1191	0.02
1190	0.02
1187	0.02
1186	0.02
1185	0.02
1182	0.02
1179	0.02
1174	0.02
1173	0.02
1171	0.02
1170	0.02
1168	0.02
1167	0.02
1166	0.02
1164	0.02
1162	0.02
1161	0.02
1159	0.02
1154	0.02
1143	0.02
1130	0.02
1129	0.02
1125	0.02
1124	0.02
1123	0.02
1117	0.02
1113	0.02
1112	0.02
1111	0.02
1105	0.02
1092	0.02
1089	0.02
1088	0.02
1083	0.02
1082	0.02
1080	0.02
1079	0.02
1077	0.02
1075	0.02
1074	0.02
1072	0.02
1071	0.02
1070	0.02
1069	0.02
1068	0.02
1067	0.02
1063	0.02
1061	0.02
1060	0.02
1055	0.02
1053	0.02
1052	0.02
1050	0.02
1049	0.02
1044	0.02
1039	0.02
1037	0.02
1036	0.02
1032	0.02
1027	0.02
1025	0.02
1021	0.02
1020	0.02
1018	0.02
1012	0.02
1008	0.02
1005	0.02
1004	0.02
995	0.02
992	0.02
989	0.02
985	0.02
982	0.02
981	0.02
980	0.02
979	0.02
978	0.02
975	0.02
971	0.02
970	0.02
967	0.02
966	0.02
965	0.02
964	0.02
958	0.02
957	0.02
955	0.02
953	0.02
952	0.02
950	0.02
948	0.02
947	0.02
946	0.02
944	0.02
942	0.02
939	0.02
937	0.02
936	0.02
935	0.02
931	0.02
930	0.02
928	0.02
927	0.02
925	0.02
919	0.02
912	0.02
909	0.02
906	0.02
902	0.02
899	0.02
898	0.02
897	0.02
894	0.02
882	0.02
881	0.02
880	0.02
876	0.02
872	0.02
871	0.02
870	0.02
869	0.02
868	0.02
866	0.02
865	0.02
864	0.02
863	0.02
861	0.02
855	0.02
844	0.02
843	0.02
842	0.02
841	0.02
840	0.02
836	0.02
835	0.02
834	0.02
830	0.02
829	0.02
828	0.02
827	0.02
826	0.02
823	0.02
821	0.02
820	0.02
819	0.02
818	0.02
816	0.02
814	0.02
812	0.02
811	0.02
810	0.02
809	0.02
808	0.02
807	0.02
805	0.02
802	0.02
801	0.02
795	0.02
792	0.02
791	0.02
787	0.02
785	0.02
783	0.02
782	0.02
780	0.02
778	0.02
776	0.02
775	0.02
773	0.02
772	0.02
769	0.02
764	0.02
763	0.02
762	0.02
761	0.02
760	0.02
759	0.02
758	0.02
756	0.02
752	0.02
751	0.02
749	0.02
740	0.02
738	0.02
726	0.02
724	0.02
721	0.02
719	0.02
718	0.02
717	0.02
710	0.02
709	0.02
708	0.02
701	0.02
699	0.02
698	0.02
697	0.02
696	0.02
695	0.02
694	0.02
692	0.02
691	0.02
688	0.02
685	0.02
680	0.02
679	0.02
676	0.02
671	0.02
669	0.02
666	0.02
664	0.02
663	0.02
654	0.02
649	0.02
647	0.02
645	0.02
643	0.02
642	0.02
641	0.02
631	0.02
630	0.02
628	0.02
625	0.02
624	0.02
623	0.02
622	0.02
620	0.02
619	0.02
618	0.02
617	0.02
616	0.02
615	0.02
607	0.02
602	0.02
600	0.02
599	0.02
593	0.02
592	0.02
591	0.02
589	0.02
585	0.02
575	0.02
574	0.02
569	0.02
567	0.02
561	0.02
553	0.02
552	0.02
551	0.02
549	0.02
545	0.02
544	0.02
543	0.02
541	0.02
540	0.02
538	0.02
534	0.02
530	0.02
526	0.02
525	0.02
522	0.02
521	0.02
519	0.02
518	0.02
517	0.02
516	0.02
515	0.02
513	0.02
510	0.02
509	0.02
502	0.02
501	0.02
500	0.02
498	0.02
496	0.02
494	0.02
492	0.02
491	0.02
489	0.02
488	0.02
486	0.02
482	0.02
481	0.02
480	0.02
479	0.02
478	0.02
476	0.02
475	0.02
474	0.02
473	0.02
472	0.02
466	0.02
464	0.02
463	0.02
450	0.02
449	0.02
448	0.02
447	0.02
446	0.02
445	0.02
444	0.02
443	0.02
438	0.02
432	0.02
431	0.02
430	0.02
427	0.02
422	0.02
421	0.02
409	0.02
407	0.02
404	0.02
402	0.02
400	0.02
398	0.02
397	0.02
390	0.02
386	0.02
383	0.02
380	0.02
378	0.02
377	0.02
376	0.02
374	0.02
373	0.02
370	0.02
369	0.02
368	0.02
367	0.02
366	0.02
365	0.02
364	0.02
363	0.02
359	0.02
357	0.02
355	0.02
336	0.02
324	0.02
323	0.02
322	0.02
321	0.02
316	0.02
312	0.02
311	0.02
310	0.02
308	0.02
304	0.02
303	0.02
298	0.02
296	0.02
295	0.02
292	0.02
288	0.02
287	0.02
284	0.02
281	0.02
278	0.02
276	0.02
272	0.02
271	0.02
270	0.02
269	0.02
268	0.02
265	0.02
261	0.02
260	0.02
259	0.02
256	0.02
253	0.02
251	0.02
250	0.02
249	0.02
246	0.02
245	0.02
244	0.02
241	0.02
238	0.02
236	0.02
235	0.02
233	0.02
231	0.02
224	0.02
223	0.02
222	0.02
215	0.02
214	0.02
209	0.02
206	0.02
200	0.02
197	0.02
193	0.02
189	0.02
182	0.02
168	0.02
161	0.02
159	0.02
158	0.02
157	0.02
132	0.02
128	0.02
127	0.02
126	0.02
125	0.02
124	0.02
118	0.02
117	0.02
115	0.02
113	0.02
112	0.02
107	0.02
105	0.02
104	0.02
100	0.02
99	0.02
97	0.02
88	0.02
84	0.02
82	0.02
81	0.02
78	0.02
77	0.02
76	0.02
74	0.02
64	0.02
55	0.02
49	0.02
47	0.02
45	0.02
44	0.02
41	0.02
39	0.02
32	0.02
31	0.02
30	0.02
29	0.02
24	0.02
23	0.02
22	0.02
20	0.02
18	0.02
17	0.02
16	0.02
14	0.02
12	0.02
9	0.02
6	0.02
2385	0.01
2279	0.01
2277	0.01
2276	0.01
2274	0.01
2270	0.01
2263	0.01
2256	0.01
2255	0.01
2251	0.01
2249	0.01
2247	0.01
2244	0.01
2239	0.01
2236	0.01
2231	0.01
2229	0.01
2217	0.01
2195	0.01
2193	0.01
2191	0.01
2176	0.01
2167	0.01
2165	0.01
2161	0.01
2139	0.01
2138	0.01
2137	0.01
2136	0.01
2132	0.01
2131	0.01
2130	0.01
2123	0.01
2122	0.01
2121	0.01
2120	0.01
2119	0.01
2117	0.01
2115	0.01
2112	0.01
2104	0.01
2101	0.01
2100	0.01
2090	0.01
2089	0.01
2088	0.01
2086	0.01
2080	0.01
2072	0.01
2071	0.01
2070	0.01
2065	0.01
2046	0.01
2045	0.01
2044	0.01
2043	0.01
2038	0.01
2037	0.01
2036	0.01
2035	0.01
2034	0.01
2033	0.01
2032	0.01
2030	0.01
2028	0.01
2026	0.01
2024	0.01
2023	0.01
2022	0.01
2019	0.01
2018	0.01
2017	0.01
2016	0.01
2015	0.01
2014	0.01
2008	0.01
2007	0.01
2004	0.01
2003	0.01
2002	0.01
2001	0.01
2000	0.01
1999	0.01
1995	0.01
1994	0.01
1993	0.01
1992	0.01
1989	0.01
1988	0.01
1986	0.01
1981	0.01
1980	0.01
1979	0.01
1978	0.01
1976	0.01
1971	0.01
1970	0.01
1964	0.01
1963	0.01
1955	0.01
1941	0.01
1940	0.01
1931	0.01
1930	0.01
1926	0.01
1918	0.01
1911	0.01
1908	0.01
1907	0.01
1905	0.01
1902	0.01
1900	0.01
1896	0.01
1888	0.01
1886	0.01
1884	0.01
1883	0.01
1882	0.01
1874	0.01
1871	0.01
1870	0.01
1869	0.01
1867	0.01
1866	0.01
1865	0.01
1861	0.01
1858	0.01
1856	0.01
1840	0.01
1809	0.01
1787	0.01
1784	0.01
1780	0.01
1779	0.01
1764	0.01
1762	0.01
1758	0.01
1754	0.01
1753	0.01
1752	0.01
1750	0.01
1740	0.01
1736	0.01
1731	0.01
1730	0.01
1727	0.01
1725	0.01
1724	0.01
1723	0.01
1722	0.01
1720	0.01
1719	0.01
1718	0.01
1717	0.01
1714	0.01
1713	0.01
1710	0.01
1709	0.01
1708	0.01
1707	0.01
1703	0.01
1701	0.01
1700	0.01
1699	0.01
1697	0.01
1696	0.01
1695	0.01
1694	0.01
1692	0.01
1691	0.01
1690	0.01
1689	0.01
1688	0.01
1687	0.01
1684	0.01
1683	0.01
1682	0.01
1678	0.01
1677	0.01
1662	0.01
1660	0.01
1659	0.01
1658	0.01
1657	0.01
1653	0.01
1652	0.01
1651	0.01
1649	0.01
1644	0.01
1624	0.01
1621	0.01
1620	0.01
1619	0.01
1611	0.01
1601	0.01
1580	0.01
1577	0.01
1556	0.01
1551	0.01
1548	0.01
1541	0.01
1539	0.01
1533	0.01
1519	0.01
1508	0.01
1499	0.01
1498	0.01
1496	0.01
1495	0.01
1494	0.01
1493	0.01
1491	0.01
1490	0.01
1489	0.01
1488	0.01
1482	0.01
1481	0.01
1479	0.01
1478	0.01
1477	0.01
1475	0.01
1474	0.01
1473	0.01
1470	0.01
1469	0.01
1468	0.01
1456	0.01
1444	0.01
1440	0.01
1439	0.01
1421	0.01
1420	0.01
1406	0.01
1405	0.01
1404	0.01
1401	0.01
1388	0.01
1368	0.01
1356	0.01
1351	0.01
1350	0.01
1347	0.01
1344	0.01
1343	0.01
1342	0.01
1341	0.01
1340	0.01
1334	0.01
1333	0.01
1331	0.01
1329	0.01
1327	0.01
1326	0.01
1325	0.01
1324	0.01
1322	0.01
1292	0.01
1291	0.01
1283	0.01
1282	0.01
1279	0.01
1265	0.01
1259	0.01
1238	0.01
1232	0.01
1218	0.01
1212	0.01
1209	0.01
1200	0.01
1198	0.01
1197	0.01
1196	0.01
1194	0.01
1188	0.01
1184	0.01
1183	0.01
1181	0.01
1180	0.01
1172	0.01
1169	0.01
1160	0.01
1158	0.01
1157	0.01
1156	0.01
1155	0.01
1153	0.01
1152	0.01
1151	0.01
1150	0.01
1149	0.01
1148	0.01
1147	0.01
1146	0.01
1145	0.01
1144	0.01
1142	0.01
1141	0.01
1139	0.01
1138	0.01
1131	0.01
1128	0.01
1127	0.01
1118	0.01
1116	0.01
1115	0.01
1114	0.01
1102	0.01
1094	0.01
1093	0.01
1090	0.01
1073	0.01
1066	0.01
1062	0.01
1048	0.01
1046	0.01
1045	0.01
1043	0.01
1042	0.01
1041	0.01
1040	0.01
1038	0.01
1034	0.01
1026	0.01
1024	0.01
1023	0.01
1022	0.01
1007	0.01
986	0.01
969	0.01
968	0.01
961	0.01
956	0.01
945	0.01
943	0.01
941	0.01
940	0.01
938	0.01
934	0.01
924	0.01
923	0.01
914	0.01
913	0.01
910	0.01
907	0.01
905	0.01
904	0.01
901	0.01
900	0.01
895	0.01
893	0.01
890	0.01
889	0.01
867	0.01
860	0.01
859	0.01
858	0.01
856	0.01
854	0.01
853	0.01
852	0.01
851	0.01
849	0.01
848	0.01
847	0.01
846	0.01
845	0.01
833	0.01
831	0.01
825	0.01
824	0.01
815	0.01
806	0.01
804	0.01
797	0.01
790	0.01
789	0.01
784	0.01
781	0.01
779	0.01
777	0.01
774	0.01
770	0.01
768	0.01
767	0.01
765	0.01
755	0.01
748	0.01
747	0.01
746	0.01
745	0.01
744	0.01
743	0.01
742	0.01
741	0.01
737	0.01
736	0.01
735	0.01
734	0.01
733	0.01
730	0.01
729	0.01
728	0.01
727	0.01
716	0.01
715	0.01
714	0.01
713	0.01
668	0.01
667	0.01
665	0.01
662	0.01
644	0.01
637	0.01
636	0.01
634	0.01
629	0.01
627	0.01
626	0.01
621	0.01
611	0.01
610	0.01
609	0.01
608	0.01
606	0.01
605	0.01
604	0.01
603	0.01
598	0.01
597	0.01
596	0.01
595	0.01
594	0.01
590	0.01
588	0.01
587	0.01
586	0.01
584	0.01
583	0.01
562	0.01
560	0.01
547	0.01
542	0.01
535	0.01
529	0.01
527	0.01
524	0.01
520	0.01
512	0.01
511	0.01
508	0.01
507	0.01
506	0.01
505	0.01
499	0.01
497	0.01
495	0.01
493	0.01
490	0.01
487	0.01
471	0.01
470	0.01
465	0.01
436	0.01
435	0.01
434	0.01
429	0.01
401	0.01
388	0.01
387	0.01
385	0.01
384	0.01
372	0.01
371	0.01
354	0.01
352	0.01
351	0.01
350	0.01
347	0.01
346	0.01
345	0.01
344	0.01
343	0.01
342	0.01
341	0.01
340	0.01
338	0.01
337	0.01
334	0.01
330	0.01
329	0.01
328	0.01
327	0.01
325	0.01
320	0.01
309	0.01
307	0.01
291	0.01
290	0.01
289	0.01
279	0.01
275	0.01
273	0.01
266	0.01
263	0.01
248	0.01
247	0.01
243	0.01
242	0.01
234	0.01
230	0.01
229	0.01
228	0.01
227	0.01
226	0.01
225	0.01
221	0.01
220	0.01
216	0.01
213	0.01
212	0.01
211	0.01
205	0.01
204	0.01
203	0.01
202	0.01
196	0.01
195	0.01
194	0.01
191	0.01
190	0.01
188	0.01
187	0.01
186	0.01
185	0.01
184	0.01
183	0.01
181	0.01
180	0.01
179	0.01
178	0.01
177	0.01
176	0.01
174	0.01
173	0.01
172	0.01
171	0.01
170	0.01
169	0.01
164	0.01
156	0.01
155	0.01
154	0.01
145	0.01
143	0.01
139	0.01
135	0.01
134	0.01
133	0.01
129	0.01
123	0.01
122	0.01
120	0.01
119	0.01
114	0.01
111	0.01
110	0.01
109	0.01
108	0.01
106	0.01
103	0.01
102	0.01
101	0.01
93	0.01
92	0.01
86	0.01
85	0.01
83	0.01
35	0.01
21	0.01
19	0.01
2397	0
2396	0
2395	0
2394	0
2393	0
2392	0
2391	0
2390	0
2389	0
2388	0
2387	0
2384	0
2383	0
2382	0
2381	0
2380	0
2379	0
2378	0
2377	0
2376	0
2375	0
2374	0
2373	0
2372	0
2371	0
2370	0
2369	0
2368	0
2367	0
2366	0
2365	0
2364	0
2363	0
2362	0
2361	0
2360	0
2359	0
2358	0
2357	0
2356	0
2355	0
2354	0
2353	0
2352	0
2351	0
2350	0
2349	0
2348	0
2347	0
2346	0
2345	0
2344	0
2343	0
2342	0
2341	0
2340	0
2339	0
2338	0
2337	0
2336	0
2335	0
2334	0
2333	0
2332	0
2331	0
2330	0
2329	0
2328	0
2327	0
2326	0
2325	0
2324	0
2323	0
2322	0
2321	0
2320	0
2319	0
2318	0
2317	0
2316	0
2315	0
2314	0
2313	0
2312	0
2311	0
2310	0
2309	0
2308	0
2307	0
2306	0
2304	0
2303	0
2302	0
2301	0
2300	0
2299	0
2298	0
2297	0
2296	0
2295	0
2294	0
2293	0
2292	0
2291	0
2290	0
2289	0
2288	0
2287	0
2286	0
2285	0
2284	0
2283	0
2282	0
2281	0
2280	0
2275	0
2273	0
2216	0
2215	0
2152	0
2031	0
2029	0
2025	0
1996	0
1789	0
1751	0
1742	0
1518	0
1438	0
1330	0
1328	0
1323	0
1321	0
1140	0
1137	0
1136	0
1135	0
1134	0
1133	0
1132	0
1047	0
1030	0
903	0
892	0
888	0
796	0
732	0
731	0
712	0
614	0
613	0
612	0
469	0
468	0
467	0
353	0
349	0
348	0
339	0
335	0
333	0
332	0
331	0
326	0
277	0
264	0
201	0
138	0
137	0
136	0
121	0
116	0
94	0
