Order	#(Annotations)	#(Annotations of perturbed genes)	Mean Posterior Probability	Standard Deviation Posterior Probability	p-value	Average Expression Level	Average position perturbed genes	Term Name
1	40	38	1.0	0.0	7.998e+01	0.504	0.396	GO:0045778
2	86	58	0.93045	0.20491	2.027e+03	0.17	0.441	GO:0032507
3	114	81	0.92424	0.16943	3.227e+03	0.231	0.421	GO:0016072
4	106	85	0.86228	0.28355	2.014e+03	0.286	0.446	GO:0050920
5	39	30	0.81021	0.38027	3.158e+02	0.284	0.476	GO:0001756
6	82	58	0.54938	0.39277	1.690e+03	0.194	0.464	GO:0060193
7	191	153	0.50294	0.35072	6.538e+03	0.313	0.449	GO:0009146
8	156	111	0.49419	0.40347	6.012e+03	0.215	0.411	GO:0070663
9	64	44	0.4076	0.36037	1.089e+03	0.205	0.409	GO:0001952
10	36	22	0.40602	0.33812	4.136e+02	0.145	0.357	GO:0006584
11	29	22	0.39727	0.36557	1.829e+02	0.263	0.394	GO:0001954
12	43	29	0.36519	0.31267	5.115e+02	0.148	0.431	GO:0045682
13	33	27	0.35733	0.283	1.839e+02	0.225	0.575	GO:0010770
14	195	155	0.31687	0.28103	7.001e+03	0.301	0.451	GO:0009143
15	22	16	0.28383	0.20399	1.179e+02	0.245	0.407	GO:0042417
16	74	53	0.25749	0.33212	1.343e+03	0.205	0.459	GO:0010518
17	22	20	0.25383	0.26805	4.399e+01	0.334	0.56	GO:0010718
18	151	107	0.22746	0.27736	5.681e+03	0.208	0.411	GO:0032944
19	150	106	0.21829	0.31004	5.637e+03	0.205	0.412	GO:0050670
20	34	24	0.20171	0.26311	2.958e+02	0.247	0.444	GO:0010812
21	43	31	0.18979	0.38027	4.506e+02	0.221	0.483	GO:0035282
22	189	151	0.18105	0.21966	6.462e+03	0.311	0.45	GO:0009203
23	25	18	0.14008	0.14778	1.549e+02	0.161	0.494	GO:0042311
24	146	101	0.13772	0.28355	5.563e+03	0.182	0.452	GO:0050795
25	60	44	0.10004	0.13491	8.400e+02	0.245	0.404	GO:0042108
26	57	41	0.09939	0.19581	7.921e+02	0.212	0.459	GO:0007202
27	30	20	0.09591	0.09981	2.558e+02	0.154	0.419	GO:0045604
28	78	48	0.08609	0.06299	1.902e+03	0.027	0.531	GO:0043648
29	108	77	0.07601	0.16962	2.878e+03	0.23	0.426	GO:0006364
30	63	41	0.07368	0.13888	1.154e+03	0.124	0.464	GO:0030193
31	97	60	0.06854	0.20561	2.916e+03	0.104	0.444	GO:0051651
32	63	46	0.06045	0.10582	9.348e+02	0.22	0.459	GO:0010863
33	58	36	0.0541	0.07564	1.044e+03	0.104	0.523	GO:0045833
34	70	50	0.04393	0.04724	1.209e+03	0.184	0.496	GO:0032649
35	104	79	0.04315	0.07623	2.297e+03	0.274	0.391	GO:0070665
36	36	23	0.03905	0.05518	3.906e+02	0.149	0.427	GO:0030195
37	40	29	0.0389	0.06669	3.857e+02	0.148	0.561	GO:0010717
38	36	23	0.03616	0.05694	3.906e+02	0.105	0.458	GO:0021766
39	64	46	0.03588	0.06095	9.987e+02	0.205	0.459	GO:1900274
40	21	13	0.03459	0.04377	1.409e+02	0.098	0.539	GO:0050820
41	22	16	0.03413	0.04748	1.179e+02	0.12	0.574	GO:0048048
42	37	25	0.03331	0.05999	3.787e+02	0.147	0.468	GO:0021987
43	22	13	0.03043	0.0251	1.629e+02	0.034	0.47	GO:0086002
44	27	18	0.02598	0.04699	2.079e+02	0.159	0.412	GO:0032855
45	100	75	0.02395	0.06216	2.197e+03	0.26	0.395	GO:0050671
46	22	14	0.02101	0.05203	1.489e+02	0.191	0.333	GO:0006906
47	21	17	0.01832	0.03224	7.897e+01	0.222	0.543	GO:0072009
48	31	21	0.01679	0.03105	2.658e+02	0.078	0.508	GO:0035094
49	37	24	0.01548	0.03139	4.036e+02	0.102	0.511	GO:0032755
50	42	24	0.01411	0.02562	6.032e+02	0.076	0.398	GO:0015908
51	24	13	0.01313	0.02186	2.098e+02	0.032	0.407	GO:0006658
52	21	14	0.0129	0.02377	1.269e+02	0.12	0.532	GO:0031016
53	26	19	0.01148	0.0257	1.619e+02	0.239	0.481	GO:0048662
54	22	13	0.01131	0.01415	1.629e+02	0.063	0.521	GO:0033108
55	23	13	0.0103	0.02076	1.859e+02	0.007	0.47	GO:0086001
56	33	21	0.01008	0.01807	3.307e+02	0.129	0.412	GO:0032648
57	32	23	0.00981	0.01736	2.528e+02	0.125	0.528	GO:0032722
58	23	15	0.00965	0.01368	1.569e+02	0.07	0.622	GO:0061515
59	26	15	0.00934	0.0143	2.318e+02	0.112	0.37	GO:0044774
60	61	38	0.00909	0.0192	1.149e+03	0.095	0.453	GO:0033273
61	22	14	0.00892	0.01592	1.489e+02	0.081	0.511	GO:0051491
62	21	14	0.00834	0.01649	1.269e+02	0.203	0.451	GO:0035813
63	24	18	0.00825	0.01422	1.299e+02	0.141	0.545	GO:0032735
64	25	17	0.00791	0.0131	1.729e+02	0.109	0.532	GO:0042771
65	23	14	0.00731	0.01187	1.719e+02	0.114	0.381	GO:0045930
66	63	45	0.00686	0.01383	9.807e+02	0.121	0.566	GO:0072073
67	33	31	0.00638	0.01133	6.599e+01	0.499	0.393	GO:0070169
68	27	18	0.00612	0.01837	2.079e+02	0.13	0.577	GO:0048536
69	21	14	0.00612	0.01799	1.269e+02	0.182	0.413	GO:0060412
70	22	17	0.00599	0.012	1.010e+02	0.289	0.392	GO:0048762
71	23	13	0.00592	0.01125	1.859e+02	-0.025	0.487	GO:0006536
72	22	13	0.00589	0.01527	1.629e+02	0.141	0.348	GO:0032728
73	32	20	0.00582	0.01197	3.187e+02	0.126	0.412	GO:0090003
74	21	13	0.00581	0.01179	1.409e+02	0.029	0.5	GO:0045616
75	20	13	0.00535	0.01604	1.199e+02	0.189	0.456	GO:0001953
76	20	14	0.00533	0.00943	1.059e+02	0.221	0.443	GO:0045940
77	37	26	0.00526	0.01379	3.527e+02	0.241	0.379	GO:1901888
78	21	15	0.00512	0.00887	1.119e+02	0.209	0.524	GO:0042107
79	22	13	0.00497	0.01121	1.629e+02	0.03	0.52	GO:0030511
80	36	20	0.00474	0.01148	4.565e+02	0.099	0.405	GO:0055081
81	35	19	0.00457	0.0078	4.405e+02	0.098	0.342	GO:0006284
82	45	30	0.00411	0.01218	5.704e+02	0.112	0.54	GO:0032655
83	31	18	0.00405	0.00963	3.257e+02	-0.016	0.6	GO:0070192
84	33	18	0.00402	0.0061	3.906e+02	0.02	0.476	GO:0006271
85	29	21	0.00392	0.00942	2.049e+02	0.275	0.352	GO:0051893
86	34	19	0.0038	0.00846	4.056e+02	-0.003	0.44	GO:0045646
87	47	30	0.00344	0.00886	6.632e+02	0.171	0.429	GO:0045670
88	35	24	0.00324	0.00575	3.307e+02	0.143	0.457	GO:0048286
89	28	20	0.00322	0.00448	1.969e+02	0.241	0.455	GO:0043551
90	69	46	0.0032	0.0096	1.333e+03	0.14	0.475	GO:0002250
91	45	27	0.00308	0.00894	6.572e+02	0.104	0.469	GO:0007193
92	22	14	0.00278	0.0071	1.489e+02	0.153	0.441	GO:0021915
93	53	36	0.00277	0.00557	7.650e+02	0.159	0.489	GO:0002460
94	28	15	0.00274	0.00675	2.867e+02	0.061	0.406	GO:0018146
95	21	13	0.00272	0.00759	1.409e+02	0.168	0.411	GO:0071897
96	22	12	0.0027	0.00459	1.759e+02	0.022	0.453	GO:0061337
97	21	13	0.00266	0.00797	1.409e+02	-0.034	0.624	GO:0042573
98	21	12	0.00266	0.00719	1.539e+02	0.012	0.526	GO:0046329
99	23	13	0.00244	0.00503	1.859e+02	0.143	0.476	GO:0032504
100	47	34	0.00243	0.00489	5.335e+02	0.118	0.574	GO:0072163
101	24	15	0.00243	0.00728	1.809e+02	0.102	0.495	GO:0030857
102	38	25	0.00241	0.00422	4.166e+02	0.164	0.519	GO:0006754
103	20	12	0.0023	0.00689	1.329e+02	0.008	0.624	GO:0045939
104	52	30	0.00228	0.00684	9.126e+02	0.087	0.41	GO:0009855
105	21	13	0.00227	0.005	1.409e+02	0.155	0.525	GO:0000272
106	23	13	0.00223	0.0067	1.859e+02	0.048	0.479	GO:1903313
107	21	12	0.00216	0.00648	1.539e+02	0.06	0.434	GO:0045907
108	23	14	0.00216	0.00503	1.719e+02	0.0	0.62	GO:0010771
109	31	29	0.00212	0.00457	6.199e+01	0.471	0.417	GO:0030501
110	41	23	0.00208	0.00625	5.853e+02	0.041	0.457	GO:0019748
111	51	35	0.00208	0.00441	6.962e+02	0.207	0.414	GO:0030888
112	20	9	0.00208	0.00515	1.679e+02	-0.067	0.355	GO:0045577
113	41	24	0.00207	0.00622	5.613e+02	0.114	0.458	GO:0046889
114	21	13	0.00206	0.00482	1.409e+02	0.079	0.491	GO:0031670
115	23	13	0.00204	0.00561	1.859e+02	0.008	0.494	GO:0000083
116	20	13	0.00189	0.00395	1.199e+02	0.193	0.499	GO:0019724
117	25	18	0.00187	0.0038	1.549e+02	0.235	0.396	GO:0046006
118	20	10	0.00187	0.00397	1.559e+02	0.138	0.344	GO:0090559
119	75	59	0.00184	0.00551	1.080e+03	0.319	0.44	GO:0006200
120	69	40	0.00183	0.00548	1.593e+03	0.052	0.46	GO:0050868
121	22	16	0.0018	0.00397	1.179e+02	0.251	0.469	GO:0015985
122	27	15	0.00172	0.00517	2.588e+02	0.02	0.418	GO:0098656
123	52	32	0.00165	0.00336	8.498e+02	0.108	0.484	GO:0043010
124	69	50	0.00162	0.00431	1.139e+03	0.22	0.403	GO:0042102
125	41	25	0.00151	0.00433	5.364e+02	0.091	0.436	GO:0090002
126	20	9	0.0015	0.00242	1.679e+02	-0.12	0.475	GO:0045648
127	36	20	0.00146	0.00437	4.565e+02	0.049	0.504	GO:0048538
128	24	14	0.0014	0.0042	1.959e+02	0.127	0.461	GO:0007194
129	35	25	0.0014	0.00378	3.058e+02	0.226	0.416	GO:0030890
130	21	14	0.0014	0.00419	1.269e+02	0.136	0.552	GO:0045987
131	26	13	0.00132	0.00396	2.608e+02	-0.02	0.554	GO:0006739
132	40	25	0.00132	0.00396	4.955e+02	0.146	0.415	GO:0042345
133	21	16	0.00129	0.00312	9.596e+01	0.367	0.342	GO:0051220
134	23	19	0.00124	0.00372	8.697e+01	0.299	0.449	GO:0050927
135	114	93	0.00124	0.00371	2.182e+03	0.311	0.459	GO:0006184
136	72	46	0.0012	0.00361	1.545e+03	0.082	0.557	GO:2000736
137	42	23	0.0012	0.00269	6.272e+02	-0.022	0.495	GO:0006081
138	114	70	0.00117	0.00352	4.059e+03	0.16	0.405	GO:0010810
139	29	16	0.00115	0.00346	2.997e+02	0.007	0.478	GO:0001578
140	101	63	0.00113	0.00338	3.128e+03	0.124	0.429	GO:0045185
141	39	24	0.00111	0.00332	4.805e+02	0.078	0.483	GO:0031623
142	25	13	0.00109	0.00219	2.348e+02	-0.039	0.413	GO:1901071
143	57	31	0.00106	0.00319	1.156e+03	0.058	0.479	GO:0061025
144	51	29	0.00102	0.00274	8.906e+02	0.023	0.472	GO:0032945
145	87	56	0.00101	0.00304	2.228e+03	0.104	0.482	GO:0061041
146	32	20	0.00099	0.00298	3.187e+02	0.084	0.518	GO:0051489
147	29	16	0.00095	0.00205	2.997e+02	0.088	0.524	GO:0017156
148	22	12	0.00088	0.00265	1.759e+02	-0.003	0.465	GO:0008207
149	34	19	0.00086	0.00211	4.056e+02	0.059	0.404	GO:0015909
150	22	13	0.00085	0.00256	1.629e+02	-0.052	0.633	GO:0043330
151	52	43	0.00084	0.00252	4.327e+02	0.315	0.474	GO:0002690
152	62	34	0.00082	0.00246	1.356e+03	-0.006	0.508	GO:0035264
153	21	16	0.00082	0.00245	9.596e+01	0.237	0.535	GO:0002720
154	30	15	0.00078	0.00233	3.456e+02	-0.058	0.537	GO:0046638
155	22	10	0.00074	0.00222	2.008e+02	-0.051	0.402	GO:0035249
156	34	19	0.00073	0.00218	4.056e+02	-0.003	0.552	GO:0045921
157	32	17	0.00072	0.00215	3.756e+02	0.026	0.619	GO:0050931
158	56	31	0.00064	0.00193	1.099e+03	0.036	0.451	GO:0045582
159	34	19	0.00063	0.00184	4.056e+02	0.088	0.497	GO:0000003
160	23	17	0.00062	0.00187	1.239e+02	0.1	0.616	GO:0032689
161	27	13	0.00062	0.00186	2.887e+02	0.041	0.487	GO:0048738
162	22	12	0.00061	0.00184	1.759e+02	0.004	0.463	GO:0045622
163	31	15	0.0006	0.00181	3.776e+02	-0.062	0.408	GO:0052646
164	37	16	0.00054	0.00163	5.762e+02	-0.092	0.316	GO:0060338
165	24	20	0.00053	0.0016	9.097e+01	0.388	0.361	GO:0050922
166	21	17	0.00053	0.00152	7.897e+01	0.227	0.545	GO:0090022
167	20	11	0.00051	0.00154	1.449e+02	0.021	0.451	GO:0006595
168	22	14	0.00051	0.00152	1.489e+02	0.133	0.579	GO:0051293
169	50	31	0.0005	0.00137	7.789e+02	0.091	0.538	GO:0008630
170	29	18	0.0005	0.0015	2.648e+02	0.12	0.531	GO:0043491
171	39	23	0.00049	0.00148	5.044e+02	0.105	0.461	GO:0002763
172	21	12	0.00049	0.00148	1.539e+02	0.122	0.494	GO:0042116
173	20	14	0.00048	0.00145	1.059e+02	0.117	0.494	GO:0001782
174	20	13	0.00048	0.00145	1.199e+02	0.169	0.376	GO:0032757
175	58	33	0.00047	0.00142	1.149e+03	0.06	0.428	GO:0071260
176	69	32	0.00046	0.00139	1.892e+03	-0.072	0.518	GO:0042886
177	21	11	0.00046	0.00137	1.659e+02	0.1	0.363	GO:0002040
178	26	16	0.00044	0.00133	2.158e+02	0.204	0.386	GO:0014910
179	46	30	0.00044	0.00131	6.163e+02	0.135	0.49	GO:0042531
180	34	20	0.00043	0.0013	3.856e+02	0.078	0.529	GO:0030815
181	27	14	0.00042	0.00126	2.737e+02	-0.001	0.525	GO:0051983
182	40	24	0.00041	0.00122	5.204e+02	0.038	0.493	GO:0042130
183	81	61	0.00038	0.00109	1.429e+03	0.269	0.442	GO:0009128
184	20	13	0.00038	0.00115	1.199e+02	0.158	0.522	GO:0072676
185	26	11	0.00036	0.00109	2.917e+02	-0.061	0.449	GO:0002088
186	22	13	0.00036	0.00109	1.629e+02	0.053	0.381	GO:0035336
187	30	17	0.00036	0.00109	3.127e+02	-0.064	0.629	GO:0050433
188	41	24	0.00034	0.00102	5.613e+02	0.097	0.474	GO:0010464
189	26	11	0.00032	0.00096	2.917e+02	0.016	0.442	GO:0007212
190	29	18	0.00031	0.00094	2.648e+02	0.114	0.444	GO:0050853
191	40	22	0.00031	0.00092	5.673e+02	0.054	0.504	GO:1900543
192	28	19	0.00031	0.00092	2.168e+02	0.073	0.633	GO:2000242
193	34	19	0.0003	0.0009	4.056e+02	-0.072	0.567	GO:0009262
194	36	21	0.00029	0.00088	4.355e+02	0.059	0.52	GO:0032330
195	20	13	0.00029	0.00088	1.199e+02	0.128	0.388	GO:0046640
196	85	55	0.00029	0.00086	2.111e+03	0.156	0.461	GO:0050864
197	20	13	0.00028	0.00083	1.199e+02	0.161	0.483	GO:0090342
198	35	19	0.00026	0.00078	4.405e+02	-0.004	0.495	GO:0022616
199	24	13	0.00026	0.00077	2.098e+02	-0.024	0.558	GO:0007492
200	53	30	0.00026	0.00077	9.654e+02	0.076	0.469	GO:0044801
201	22	13	0.00025	0.00076	1.629e+02	0.056	0.543	GO:0042490
202	35	16	0.00024	0.00073	4.983e+02	-0.107	0.552	GO:0001942
203	22	9	0.00024	0.00073	2.148e+02	-0.086	0.436	GO:0032201
204	52	37	0.00024	0.00073	6.752e+02	0.131	0.571	GO:0032642
205	40	22	0.00024	0.00073	5.673e+02	0.068	0.474	GO:0046677
206	35	18	0.00024	0.00071	4.595e+02	-0.007	0.546	GO:0043044
207	28	17	0.00024	0.00071	2.538e+02	0.071	0.503	GO:0048008
208	28	15	0.00023	0.00068	2.867e+02	-0.002	0.489	GO:0010453
209	26	17	0.00023	0.00068	1.989e+02	0.068	0.59	GO:2000243
210	22	12	0.00022	0.00066	1.759e+02	0.029	0.484	GO:0000819
211	20	12	0.0002	0.00043	1.329e+02	0.095	0.485	GO:0070271
212	25	12	0.0002	0.00059	2.488e+02	-0.06	0.531	GO:0016575
213	31	16	0.0002	0.00059	3.606e+02	0.014	0.626	GO:0030318
214	22	10	0.00019	0.00058	2.008e+02	-0.018	0.482	GO:0090103
215	27	20	0.00019	0.00056	1.689e+02	0.214	0.438	GO:0034453
216	25	14	0.00018	0.00053	2.208e+02	0.036	0.479	GO:0060998
217	23	13	0.00017	0.00052	1.859e+02	0.05	0.441	GO:0072595
218	32	22	0.00017	0.0005	2.758e+02	0.258	0.361	GO:0048521
219	55	31	0.00016	0.00048	1.043e+03	0.036	0.479	GO:0030216
220	28	17	0.00013	0.00038	2.538e+02	0.08	0.476	GO:0035637
221	53	31	0.00012	0.00037	9.345e+02	0.094	0.412	GO:0009799
222	43	27	0.00012	0.00037	5.683e+02	0.106	0.451	GO:0032677
223	21	12	0.00012	0.00036	1.539e+02	0.056	0.523	GO:0001502
224	33	23	0.00012	0.00035	2.858e+02	0.225	0.463	GO:0043550
225	26	15	0.0001	0.00022	2.318e+02	-0.03	0.53	GO:0097028
226	77	59	0.0001	0.00029	1.232e+03	0.233	0.461	GO:0050921
227	73	40	0.0001	0.00029	1.878e+03	0.058	0.517	GO:0061136
228	26	11	8e-05	0.00025	2.917e+02	-0.077	0.458	GO:0000722
229	27	15	7e-05	0.00022	2.588e+02	0.064	0.42	GO:0044253
230	34	17	7e-05	0.00022	4.425e+02	-0.004	0.526	GO:1901028
231	22	11	7e-05	0.0002	1.879e+02	-0.054	0.531	GO:0002886
232	68	43	7e-05	0.0002	1.399e+03	0.095	0.465	GO:0048771
233	37	19	6e-05	0.00019	5.134e+02	-0.034	0.513	GO:0022008
234	26	18	6e-05	0.00018	1.809e+02	0.215	0.457	GO:0090218
235	20	7	6e-05	0.00017	1.948e+02	-0.082	0.354	GO:0000381
236	35	17	5e-05	0.00014	4.784e+02	-0.021	0.448	GO:0007566
237	25	12	5e-05	0.00014	2.488e+02	0.035	0.462	GO:0031055
238	113	63	4e-05	0.00013	4.411e+03	0.054	0.424	GO:0044706
239	22	10	4e-05	0.00012	2.008e+02	-0.076	0.503	GO:0006297
240	33	14	4e-05	0.00011	4.654e+02	-0.095	0.486	GO:0002753
241	22	11	4e-05	0.00011	1.879e+02	0.049	0.474	GO:0010880
242	35	20	4e-05	0.00011	4.205e+02	0.065	0.465	GO:0050848
243	26	15	3e-05	0.0001	2.318e+02	0.018	0.515	GO:0034333
244	33	17	2e-05	7e-05	4.085e+02	0.047	0.39	GO:0042339
245	32	16	2e-05	6e-05	3.926e+02	0.045	0.464	GO:0010828
246	20	9	2e-05	6e-05	1.679e+02	-0.053	0.445	GO:0030104
247	29	15	2e-05	6e-05	3.157e+02	-0.026	0.458	GO:1902115
248	31	18	2e-05	5e-05	3.257e+02	0.079	0.549	GO:0030803
249	20	7	1e-05	4e-05	1.948e+02	-0.201	0.503	GO:0034243
